# transform file /out/sourcedata/freesurfer/sub-v1s15x0050208_ses-1/mri/transforms/cc_up.lta
# created by oesteban on Sun Mar  8 22:59:26 2026

type      = 0 # LINEAR_VOX_TO_VOX
nxforms   = 1
mean      = 129.0000 107.0000 124.0000
sigma     = 10000.0000
1 4 4
9.931525588035583e-01 -1.043206155300140e-01 5.258728936314583e-02 6.303323745727539e+00 
1.041746810078621e-01 9.945438504219055e-01 5.516034550964832e-03 2.664720535278320e+01 
-5.287579447031021e-02 -4.656613428188905e-10 9.986011981964111e-01 2.186287498474121e+01 
0.000000000000000e+00 0.000000000000000e+00 0.000000000000000e+00 1.000000000000000e+00 
src volume info
valid = 1  # volume info valid
filename = /out/sourcedata/freesurfer/sub-v1s15x0050208_ses-1/mri/norm.mgz
volume = 256 256 256
voxelsize = 1.000000000000000e+00 1.000000000000000e+00 1.000000000000000e+00
xras   = -1.000000000000000e+00 0.000000000000000e+00 0.000000000000000e+00
yras   = 0.000000000000000e+00 0.000000000000000e+00 -1.000000000000000e+00
zras   = 0.000000000000000e+00 1.000000000000000e+00 0.000000000000000e+00
cras   = 5.187500000000000e+00 7.296997070312500e+00 -2.024200439453125e+01
dst volume info
valid = 1  # volume info valid
filename = /out/sourcedata/freesurfer/sub-v1s15x0050208_ses-1/mri/norm.mgz
volume = 256 256 256
voxelsize = 1.000000000000000e+00 1.000000000000000e+00 1.000000000000000e+00
xras   = -1.000000000000000e+00 0.000000000000000e+00 0.000000000000000e+00
yras   = 0.000000000000000e+00 0.000000000000000e+00 -1.000000000000000e+00
zras   = 0.000000000000000e+00 1.000000000000000e+00 0.000000000000000e+00
cras   = 5.187500000000000e+00 7.296997070312500e+00 -2.024200439453125e+01
