#Insight Transform File V1.0
#Transform 0
Transform: AffineTransform_float_3_3
Parameters: 0.999997 0.00172073 0.00164079 -0.00170827 0.999973 -0.00712283 -0.00165321 0.00712018 0.999974 -0.0415886 0.0482307 0.456492
FixedParameters: 0 0 0

#Transform 1
Transform: AffineTransform_float_3_3
Parameters: 0.999996 0.0013063 0.00279197 -0.00128971 0.99998 -0.00618963 -0.00279903 0.00618537 0.999977 -0.0712685 0.0302568 0.432241
FixedParameters: 0 0 0

#Transform 2
Transform: AffineTransform_float_3_3
Parameters: 0.999997 0.000890765 0.00223134 -0.000879237 0.999985 -0.00526797 -0.00223566 0.00526602 0.999983 -0.0572244 0.0182382 0.371309
FixedParameters: 0 0 0

#Transform 3
Transform: AffineTransform_float_3_3
Parameters: 0.999997 0.000623376 0.00204416 -0.000613625 0.99999 -0.00458427 -0.00204683 0.00458274 0.999988 -0.0528338 0.020451 0.268435
FixedParameters: 0 0 0

#Transform 4
Transform: AffineTransform_float_3_3
Parameters: 0.999998 0.000170486 0.00190735 -0.000163513 0.999993 -0.00392332 -0.00190866 0.00392368 0.999991 -0.0462378 0.0178857 0.252377
FixedParameters: 0 0 0

#Transform 5
Transform: AffineTransform_float_3_3
Parameters: 0.999998 0.000284844 0.00190699 -0.000278157 0.999993 -0.00358753 -0.00190801 0.00358746 0.999991 -0.0415374 0.00637839 0.230797
FixedParameters: 0 0 0

#Transform 6
Transform: AffineTransform_float_3_3
Parameters: 0.999999 0.000279097 0.00179121 -0.000273903 0.999996 -0.0028455 -0.00179179 0.00284451 0.999995 -0.0464275 0.0215413 0.222137
FixedParameters: 0 0 0

#Transform 7
Transform: AffineTransform_float_3_3
Parameters: 0.999998 0.000615376 0.00184589 -0.000608623 0.999994 -0.00345313 -0.00184811 0.00345187 0.999993 -0.047796 0.0188665 0.21532
FixedParameters: 0 0 0

#Transform 8
Transform: AffineTransform_float_3_3
Parameters: 0.999998 0.000687036 0.00145216 -0.000680965 0.999991 -0.004153 -0.00145484 0.00415201 0.999991 -0.0671603 0.0543562 0.230234
FixedParameters: 0 0 0

#Transform 9
Transform: AffineTransform_float_3_3
Parameters: 0.999998 0.000457745 0.00190639 -0.000451253 0.999993 -0.00353687 -0.00190861 0.00353613 0.999992 -0.071699 0.039277 0.145433
FixedParameters: 0 0 0

#Transform 10
Transform: AffineTransform_float_3_3
Parameters: 0.999999 0.000513623 0.0014227 -0.000509376 0.999996 -0.00254573 -0.0014243 0.00254527 0.999995 -0.0587684 0.0507847 0.140517
FixedParameters: 0 0 0

#Transform 11
Transform: AffineTransform_float_3_3
Parameters: 0.999999 0.000513189 0.0012527 -0.000509809 0.999996 -0.00254564 -0.0012543 0.00254436 0.999996 -0.0622391 0.0391947 0.121963
FixedParameters: 0 0 0

#Transform 12
Transform: AffineTransform_float_3_3
Parameters: 0.999999 0.000513441 0.0013517 -0.000509559 0.999996 -0.00254569 -0.0013523 0.00254431 0.999996 -0.0501748 0.0463535 0.112143
FixedParameters: 0 0 0

#Transform 13
Transform: AffineTransform_float_3_3
Parameters: 1 0.000397861 0.000981248 -0.00039514 0.999998 -0.00189539 -0.000981751 0.00189561 0.999997 -0.0358811 0.0398647 0.118527
FixedParameters: 0 0 0

#Transform 14
Transform: AffineTransform_float_3_3
Parameters: 1 0.000262839 0.000981776 -0.000262161 0.999999 -0.000854258 -0.000982225 0.000854742 0.999999 -0.0401876 0.0134491 0.0413428
FixedParameters: 0 0 0

#Transform 15
Transform: AffineTransform_float_3_3
Parameters: 0.999999 0.000510016 0.000555984 -0.000509983 1 -3.02835e-05 -0.000556015 2.97164e-05 1 -0.0068395 0.000366681 0.024789
FixedParameters: 0 0 0

#Transform 16
Transform: AffineTransform_float_3_3
Parameters: 0.999999 0.000509834 0.000556152 -0.000510165 1 0.000297716 -0.000555848 -0.000298283 1 -0.00909942 -0.0180926 -0.0372647
FixedParameters: 0 0 0

#Transform 17
Transform: AffineTransform_float_3_3
Parameters: 0.999999 0.000509853 0.000556134 -0.000510146 1 0.000262716 -0.000555866 -0.000263283 1 -0.00907755 -0.0169152 0.000976616
FixedParameters: 0 0 0

#Transform 18
Transform: AffineTransform_float_3_3
Parameters: 1 0.000509811 0.000482199 -0.000510188 1 0.000390754 -0.0004818 -0.000391246 1 -0.00721939 -0.0197722 -0.0113119
FixedParameters: 0 0 0

#Transform 19
Transform: AffineTransform_float_3_3
Parameters: 1 0.000509906 0.000256187 -0.000510094 1 0.000366869 -0.000255813 -0.00036613 1 -0.00134712 -0.0214266 0.00478854
FixedParameters: 0 0 0

#Transform 20
Transform: AffineTransform_float_3_3
Parameters: 1 0.000179999 8.01512e-06 -0.000180001 1 8.39986e-05 -7.98488e-06 -8.40014e-05 1 0.00494664 -0.0024091 0.00600352
FixedParameters: 0 0 0

#Transform 21
Transform: AffineTransform_float_3_3
Parameters: 1 6.09988e-05 7.1001e-05 -6.10012e-05 1 1.69957e-05 -7.0999e-05 -1.70043e-05 1 0.000702931 0.000684439 -0.0101257
FixedParameters: 0 0 0

#Transform 22
Transform: AffineTransform_float_3_3
Parameters: 1 6.10053e-05 7.09955e-05 -6.09947e-05 1 -7.40043e-05 -7.10045e-05 7.39957e-05 1 -0.000142342 0.000831764 -0.0140936
FixedParameters: 0 0 0

#Transform 23
Transform: AffineTransform_float_3_3
Parameters: 1 -0.00044595 7.13099e-05 0.000446049 0.999999 -0.000694968 -7.06904e-05 0.000694031 1 0.0030131 0.0181145 -0.0187363
FixedParameters: 0 0 0

#Transform 24
Transform: AffineTransform_float_3_3
Parameters: 1 -0.00019568 0.000461136 0.00019632 0.999999 -0.000694909 -0.000460864 0.00069409 0.999999 -0.00693605 0.0344082 0.00113648
FixedParameters: 0 0 0

#Transform 25
Transform: AffineTransform_float_3_3
Parameters: 0.999999 -0.000275504 0.000714191 0.000276496 0.999999 -0.000694802 -0.000713808 0.000694196 0.999999 -0.013559 0.0346189 -0.0234657
FixedParameters: 0 0 0

#Transform 26
Transform: AffineTransform_float_3_3
Parameters: 1 -0.000445927 0.000281115 0.000446072 1 -0.000257875 -0.000280885 0.000258125 1 -0.00251506 0.0212765 -0.07455
FixedParameters: 0 0 0

#Transform 27
Transform: AffineTransform_float_3_3
Parameters: 1 -0.000446014 0.000280978 0.000445986 1 4.91253e-05 -0.000281022 -4.88747e-05 1 -0.00673976 0.0157559 -0.0715788
FixedParameters: 0 0 0

#Transform 28
Transform: AffineTransform_float_3_3
Parameters: 1 -0.000445987 -2.52239e-05 0.000446012 1 0.000501989 2.47761e-05 -0.000502011 1 0.0021496 0.0040588 -0.0448659
FixedParameters: 0 0 0

#Transform 29
Transform: AffineTransform_float_3_3
Parameters: 1 -0.000446201 0.00028068 0.000445798 0.999999 0.000716125 -0.00028132 -0.000716874 0.999999 -0.00249266 -0.00149264 -0.0309827
FixedParameters: 0 0 0

#Transform 30
Transform: AffineTransform_float_3_3
Parameters: 1 4.89635e-05 0.00017801 -4.90365e-05 1 0.000204991 -0.00017799 -0.000205009 1 -0.02026 0.0105332 -0.0669972
FixedParameters: 0 0 0

#Transform 31
Transform: AffineTransform_float_3_3
Parameters: 1 0.000357942 0.000281073 -0.000358058 1 0.000204899 -0.000280927 -0.000205101 1 -0.0359306 0.0169165 0.0929032
FixedParameters: 0 0 0

#Transform 32
Transform: AffineTransform_float_3_3
Parameters: 1 -8.70902e-05 0.000280972 8.69098e-05 1 0.000321024 -0.000281028 -0.000320975 1 -0.0369893 0.0168686 0.0316594
FixedParameters: 0 0 0

#Transform 33
Transform: AffineTransform_float_3_3
Parameters: 1 -0.000243104 0.00028091 0.000242896 1 0.000370068 -0.00028109 -0.000369932 1 -0.0215962 0.00802406 -0.00414335
FixedParameters: 0 0 0

#Transform 34
Transform: AffineTransform_float_3_3
Parameters: 1 -0.000333079 0.000115773 0.000332921 0.999999 0.000682038 -0.000116227 -0.000681961 1 -0.0176608 0.0226251 0.0148457
FixedParameters: 0 0 0

#Transform 35
Transform: AffineTransform_float_3_3
Parameters: 1 -0.00035022 0.000280725 0.000349779 0.999999 0.000785098 -0.000281275 -0.000784901 0.999999 -0.0145601 0.0120973 -0.00437255
FixedParameters: 0 0 0

#Transform 36
Transform: AffineTransform_float_3_3
Parameters: 1 -0.000446256 0.000280594 0.000445744 1 0.000910125 -0.000281406 -0.000910875 0.999999 -0.0146552 0.0168021 0.0246134
FixedParameters: 0 0 0

#Transform 37
Transform: AffineTransform_float_3_3
Parameters: 1 -0.000348079 8.16662e-05 0.000348921 1 0.000959029 -8.23346e-05 -0.000958971 0.999999 -0.00186489 0.0154654 0.00884715
FixedParameters: 0 0 0

#Transform 38
Transform: AffineTransform_float_3_3
Parameters: 1 -0.000114079 0.000104914 0.000113921 0.999999 0.000752012 -0.000105086 -0.000751988 0.999999 0.000764492 0.0202849 -0.00749516
FixedParameters: 0 0 0

#Transform 39
Transform: AffineTransform_float_3_3
Parameters: 1 0.000172887 -0.000158124 -0.000173113 0.999999 -0.000716972 0.000157876 0.000717027 0.999999 0.0148215 0.0575467 -0.0351774
FixedParameters: 0 0 0

#Transform 40
Transform: AffineTransform_float_3_3
Parameters: 1 0.000208989 3.00759e-05 -0.000209011 1 0.000362994 -2.99241e-05 -0.000363006 1 0.00226123 0.0176624 -0.00395665
FixedParameters: 0 0 0

#Transform 41
Transform: AffineTransform_float_3_3
Parameters: 1 8.6102e-05 -9.89114e-05 -8.6898e-05 1 0.00103001 9.90896e-05 -0.00102999 1 0.0132752 0.012479 -0.0298044
FixedParameters: 0 0 0

#Transform 42
Transform: AffineTransform_float_3_3
Parameters: 1 9.57622e-05 0.000255089 -9.62376e-05 0.999999 0.000931975 -0.00025491 -0.000932024 0.999999 0.00412533 -0.000701759 -0.0393434
FixedParameters: 0 0 0

#Transform 43
Transform: AffineTransform_float_3_3
Parameters: 1 -0.000446133 0.000142584 0.000445867 1 0.000932064 -0.000143416 -0.000931936 0.999999 -0.00398531 0.0162437 -0.0156737
FixedParameters: 0 0 0

#Transform 44
Transform: AffineTransform_float_3_3
Parameters: 1 -0.000341852 -0.000158319 0.000342147 0.999999 0.000931945 0.000157681 -0.000932053 0.999999 0.014553 0.0161182 -0.062252
FixedParameters: 0 0 0

#Transform 45
Transform: AffineTransform_float_3_3
Parameters: 1 -0.0003938 -0.000158497 0.000394201 0.999999 0.00126294 0.000158502 -0.00126306 0.999999 0.00361546 0.0269309 -0.0288498
FixedParameters: 0 0 0

#Transform 46
Transform: AffineTransform_float_3_3
Parameters: 1 -0.00044588 -0.000158339 0.00044612 0.999999 0.000759929 0.000157661 -0.00076007 0.999999 0.0144969 0.00570939 -0.0571314
FixedParameters: 0 0 0

#Transform 47
Transform: AffineTransform_float_3_3
Parameters: 1 -0.00044586 -0.000158395 0.00044614 1 0.00088593 0.000157605 -0.00088607 0.999999 -0.00590716 0.0406343 0.00257045
FixedParameters: 0 0 0

#Transform 48
Transform: AffineTransform_float_3_3
Parameters: 1 7.09444e-05 8.50464e-05 -7.10562e-05 1 0.000653994 -8.59535e-05 -0.000654006 1 -0.010728 0.0212675 -0.0253889
FixedParameters: 0 0 0

#Transform 49
Transform: AffineTransform_float_3_3
Parameters: 1 0.000184971 -0.000158034 -0.000185029 1 -0.000181971 0.000157966 0.000182029 1 0.0147691 0.00362445 -0.0668265
FixedParameters: 0 0 0

#Transform 50
Transform: AffineTransform_float_3_3
Parameters: 1 -2.99132e-05 -0.000158016 3.00867e-05 1 0.000548995 0.000157983 -0.000549005 1 0.0115436 0.0267153 -0.0562695
FixedParameters: 0 0 0

#Transform 51
Transform: AffineTransform_float_3_3
Parameters: 1 -0.000198817 -0.00015823 0.000199183 1 0.00115797 0.000157769 -0.00115803 1 0.0146611 0.00482098 -0.128572
FixedParameters: 0 0 0

#Transform 52
Transform: AffineTransform_float_3_3
Parameters: 1 -0.000224961 -0.000456514 0.00022604 0.999998 0.0022779 0.000456486 -0.0022781 0.999998 0.0253503 -0.0052798 -0.12835
FixedParameters: 0 0 0

#Transform 53
Transform: AffineTransform_float_3_3
Parameters: 1 -0.000444827 -0.000472108 0.000446172 0.999997 0.00248679 0.000470892 -0.00248721 0.999997 0.0347569 -0.0140832 -0.204526
FixedParameters: 0 0 0

#Transform 54
Transform: AffineTransform_float_3_3
Parameters: 1 -0.0001068 -0.000104205 0.000107199 0.999998 0.00191799 0.000103795 -0.00191801 0.999998 0.00631087 0.00571413 -0.125465
FixedParameters: 0 0 0

#Transform 55
Transform: AffineTransform_float_3_3
Parameters: 1 0.000198514 -0.000383735 -0.000197487 0.999999 0.00133808 0.000383265 -0.00133792 0.999999 0.0167373 0.00694849 -0.0945999
FixedParameters: 0 0 0

#Transform 56
Transform: AffineTransform_float_3_3
Parameters: 1 0.000424102 -0.000157726 -0.000423898 0.999999 0.000647067 0.000158274 -0.000646933 1 0.0339303 0.0365337 0.0142233
FixedParameters: 0 0 0

#Transform 57
Transform: AffineTransform_float_3_3
Parameters: 0.999999 0.000444455 -0.000733724 -0.000444544 0.999999 0.000620326 0.000734275 -0.000619673 0.999999 0.04878 0.0501814 0.0818559
FixedParameters: 0 0 0

#Transform 58
Transform: AffineTransform_float_3_3
Parameters: 1 0.0010523 -0.000572445 -0.0010517 1 0.000527602 0.000572555 -0.000527398 0.999999 0.0305459 0.0302979 0.0777338
FixedParameters: 0 0 0

#Transform 59
Transform: AffineTransform_float_3_3
Parameters: 0.999998 0.00139529 -0.000748457 -0.00139471 0.999999 0.000389044 0.000748541 -0.000387956 0.999999 0.0348801 0.0541748 0.16257
FixedParameters: 0 0 0

#Transform 60
Transform: AffineTransform_float_3_3
Parameters: 1 0.0010523 -0.000572445 -0.0010517 1 0.000527602 0.000572555 -0.000527398 0.999999 0.0448806 0.0512243 0.097468
FixedParameters: 0 0 0

#Transform 61
Transform: AffineTransform_float_3_3
Parameters: 1 0.000860919 -0.000573122 -0.000861081 0.999999 -0.000141506 0.000572879 0.000141493 1 0.0448371 0.0689664 0.112092
FixedParameters: 0 0 0

#Transform 62
Transform: AffineTransform_float_3_3
Parameters: 0.999999 0.000835919 -8.282e-05 -0.00083608 0.999999 -0.000980931 8.11797e-05 0.000981068 0.999999 0.055334 0.0770039 0.195436
FixedParameters: 0 0 0

#Transform 63
Transform: AffineTransform_float_3_3
Parameters: 1 0.000635918 -8.26352e-05 -0.000636082 1 -0.000998947 8.13645e-05 0.000999052 0.999999 0.0635384 0.0719878 0.154874
FixedParameters: 0 0 0

#Transform 64
Transform: AffineTransform_float_3_3
Parameters: 0.999999 0.000636421 0.000460419 -0.000635579 1 -0.000913294 -0.00046158 0.000912707 1 0.0412533 0.0649206 0.168392
FixedParameters: 0 0 0

#Transform 65
Transform: AffineTransform_float_3_3
Parameters: 1 2.09291e-05 -8.20181e-05 -2.10708e-05 0.999999 -0.000863998 8.19818e-05 0.000864001 0.999999 0.0549783 0.0697964 0.115746
FixedParameters: 0 0 0

#Transform 66
Transform: AffineTransform_float_3_3
Parameters: 1 2.09944e-05 -8.20014e-05 -2.10056e-05 1 -6.79983e-05 8.19986e-05 6.80017e-05 1 0.0549771 0.0688454 0.129633
FixedParameters: 0 0 0

#Transform 67
Transform: AffineTransform_float_3_3
Parameters: 1 0.000192979 -0.000307013 -0.000193021 1 -6.79407e-05 0.000306987 6.80592e-05 1 0.0608534 0.072085 0.123938
FixedParameters: 0 0 0

#Transform 68
Transform: AffineTransform_float_3_3
Parameters: 1 2.09583e-05 -8.20107e-05 -2.10417e-05 1 -0.000508998 8.19893e-05 0.000509002 1 0.0549822 0.0802523 0.0709536
FixedParameters: 0 0 0

#Transform 69
Transform: AffineTransform_float_3_3
Parameters: 1 0.000542029 5.77241e-05 -0.000541971 0.999999 -0.000509031 -5.72758e-05 0.000508969 1 0.0620315 0.102091 0.157519
FixedParameters: 0 0 0

#Transform 70
Transform: AffineTransform_float_3_3
Parameters: 1 2.09583e-05 -8.20107e-05 -2.10417e-05 1 -0.000508998 8.19893e-05 0.000509002 1 0.0549771 0.089322 0.134565
FixedParameters: 0 0 0

#Transform 71
Transform: AffineTransform_float_3_3
Parameters: 1 0.000258903 -8.23064e-05 -0.000259097 1 -0.00118298 8.16936e-05 0.00118302 1 0.0550803 0.108051 0.20451
FixedParameters: 0 0 0

#Transform 72
Transform: AffineTransform_float_3_3
Parameters: 1 2.12172e-05 0.00015197 -2.07828e-05 0.999999 -0.001429 -0.00015203 0.001429 0.999999 0.0245085 0.0447688 0.189459
FixedParameters: 0 0 0

#Transform 73
Transform: AffineTransform_float_3_3
Parameters: 1 1.92983e-05 -0.000459075 -2.07014e-05 0.999993 -0.00370699 0.000458926 0.00370701 0.999993 0.0178677 0.0845986 0.245044
FixedParameters: 0 0 0

#Transform 74
Transform: AffineTransform_float_3_3
Parameters: 1 2.19025e-05 0.000284932 -2.10973e-05 0.999995 -0.00316701 -0.000285068 0.00316699 0.999995 -0.0223175 0.0873719 0.365133
FixedParameters: 0 0 0

#Transform 75
Transform: AffineTransform_float_3_3
Parameters: 1 0.000303778 -0.000190355 -0.000304223 1 -0.00116694 0.000190645 0.00116706 1 -0.000671165 0.0597068 0.353461
FixedParameters: 0 0 0

#Transform 76
Transform: AffineTransform_float_3_3
Parameters: 1 2.1009e-05 -7.97648e-06 -2.0991e-05 1 0.00112 8.02352e-06 -0.00112 1 0.0116806 0.0168587 0.303286
FixedParameters: 0 0 0

#Transform 77
Transform: AffineTransform_float_3_3
Parameters: 1 2.08686e-05 0.000157017 -2.11314e-05 0.999999 0.000836996 -0.000156982 -0.000837003 0.999999 0.0106468 0.0241707 0.326757
FixedParameters: 0 0 0

#Transform 78
Transform: AffineTransform_float_3_3
Parameters: 1 2.21687e-05 -0.000668962 -2.08312e-05 0.999999 0.00174702 0.000669037 -0.00174699 0.999999 0.0341726 0.0153647 0.354577
FixedParameters: 0 0 0

#Transform 79
Transform: AffineTransform_float_3_3
Parameters: 0.999999 -0.000364579 -0.000669775 0.000366421 0.999997 0.00212176 0.000669224 -0.00212225 0.999998 0.0318773 0.0118559 0.211689
FixedParameters: 0 0 0

#Transform 80
Transform: AffineTransform_float_3_3
Parameters: 0.999999 -0.000564567 -0.00067021 0.000566434 0.999997 0.00213962 0.00066979 -0.00213938 0.999998 0.0318374 0.0262211 0.181844
FixedParameters: 0 0 0

#Transform 81
Transform: AffineTransform_float_3_3
Parameters: 0.999999 -0.000564119 -0.000760398 0.000565879 0.999997 0.00247557 0.000758601 -0.00247543 0.999996 0.0445775 0.0225687 0.168052
FixedParameters: 0 0 0

#Transform 82
Transform: AffineTransform_float_3_3
Parameters: 1 -0.000184241 -0.000353397 0.000185758 0.999997 0.00214993 0.000352601 -0.00215006 0.999997 0.0265102 0.0247512 0.253913
FixedParameters: 0 0 0

#Transform 83
Transform: AffineTransform_float_3_3
Parameters: 0.999999 6.96438e-05 -0.000729845 -6.83559e-05 0.999998 0.00225205 0.000730156 -0.00225195 0.999997 0.0336051 0.0272165 0.328943
FixedParameters: 0 0 0

#Transform 84
Transform: AffineTransform_float_3_3
Parameters: 0.999999 -0.000300266 -0.00066978 0.000301734 0.999996 0.0025898 0.000669221 -0.0025902 0.999997 0.0319544 0.0192216 0.251101
FixedParameters: 0 0 0

#Transform 85
Transform: AffineTransform_float_3_3
Parameters: 1 2.51206e-05 -0.000668923 -2.28791e-05 0.999995 0.00317002 0.000669076 -0.00316998 0.999995 0.0409901 0.0206152 0.304475
FixedParameters: 0 0 0

#Transform 86
Transform: AffineTransform_float_3_3
Parameters: 0.999999 0.000214535 -0.000773301 -0.000211466 0.999994 0.00327716 0.000773697 -0.00327683 0.999995 0.0456892 0.0316289 0.330419
FixedParameters: 0 0 0

#Transform 87
Transform: AffineTransform_float_3_3
Parameters: 0.999999 0.000385203 -0.000667734 -0.000382796 0.999994 0.00329626 0.000669266 -0.00329674 0.999995 0.0320949 0.0287705 0.279168
FixedParameters: 0 0 0

#Transform 88
Transform: AffineTransform_float_3_3
Parameters: 0.999999 0.000363205 -0.000844629 -0.000359797 0.999992 0.00379231 0.00084537 -0.0037917 0.999993 0.044183 0.0318385 0.308797
FixedParameters: 0 0 0

#Transform 89
Transform: AffineTransform_float_3_3
Parameters: 1 0.000145995 -0.00116951 -0.000142008 0.999994 0.00341417 0.00116949 -0.00341483 0.999993 0.0561168 0.0341157 0.320867
FixedParameters: 0 0 0

#Transform 90
Transform: AffineTransform_float_3_3
Parameters: 1 0.000285583 -0.000358746 -0.000284416 0.999991 0.0044051 0.000360256 -0.0044049 0.99999 0.042916 0.0164281 0.396538
FixedParameters: 0 0 0

#Transform 91
Transform: AffineTransform_float_3_3
Parameters: 0.999999 0.000654033 -0.00116664 -0.00064797 0.999987 0.00516476 0.00116936 -0.00516324 0.999986 0.0638289 0.0136331 0.422216
FixedParameters: 0 0 0

#Transform 92
Transform: AffineTransform_float_3_3
Parameters: 0.999999 -0.000332301 -0.000865818 0.0003377 0.999985 0.00543271 0.000864177 -0.00543329 0.999985 0.0684548 0.0135701 0.318955
FixedParameters: 0 0 0

#Transform 93
Transform: AffineTransform_float_3_3
Parameters: 1 0.0002398 -0.000607514 -0.000236197 0.99998 0.00624714 0.000609487 -0.00624685 0.999981 0.049329 0.0149711 0.398798
FixedParameters: 0 0 0

#Transform 94
Transform: AffineTransform_float_3_3
Parameters: 0.999999 -0.000332715 -0.000673135 0.000337283 0.999979 0.00637478 0.000670864 -0.00637523 0.99998 0.0463121 0.0127044 0.372491
FixedParameters: 0 0 0

#Transform 95
Transform: AffineTransform_float_3_3
Parameters: 0.999999 -0.000189827 -0.000778279 0.000194171 0.999978 0.00665185 0.000776725 -0.00665215 0.999977 0.0536148 -0.00123514 0.332914
FixedParameters: 0 0 0

#Transform 96
Transform: AffineTransform_float_3_3
Parameters: 0.999999 -0.000331625 -0.000737441 0.000337379 0.999974 0.00730076 0.000735557 -0.00730025 0.999973 0.0524578 -0.00350486 0.322211
FixedParameters: 0 0 0

#Transform 97
Transform: AffineTransform_float_3_3
Parameters: 1 -0.000328557 -0.0011724 0.000337441 0.999974 0.00720961 0.0011696 -0.00720939 0.999974 0.0752293 -0.00424512 0.31183
FixedParameters: 0 0 0

#Transform 98
Transform: AffineTransform_float_3_3
Parameters: 1 0.000343414 -0.00108938 -0.000334589 0.99997 0.00771437 0.00109161 -0.00771363 0.999969 0.073609 0.00546871 0.360281
FixedParameters: 0 0 0

#Transform 99
Transform: AffineTransform_float_3_3
Parameters: 0.999999 0.000236512 -0.00123221 -0.000226489 0.99997 0.00771429 0.00123378 -0.00771372 0.99997 0.0654918 0.0116479 0.33872
FixedParameters: 0 0 0

#Transform 100
Transform: AffineTransform_float_3_3
Parameters: 1 -0.000328636 -0.00108557 0.000337368 0.99997 0.00771364 0.00108343 -0.00771436 0.999969 0.0654784 0.0184457 0.28952
FixedParameters: 0 0 0

#Transform 101
Transform: AffineTransform_float_3_3
Parameters: 0.999999 -0.000327432 -0.00124156 0.000337571 0.99997 0.00771359 0.00123943 -0.00771442 0.99997 0.0763323 0.0180401 0.314097
FixedParameters: 0 0 0

#Transform 102
Transform: AffineTransform_float_3_3
Parameters: 0.999998 -0.000324936 -0.00157653 0.000337067 0.99997 0.00765748 0.00157447 -0.00765852 0.99997 0.0741823 0.0179662 0.291777
FixedParameters: 0 0 0

#Transform 103
Transform: AffineTransform_float_3_3
Parameters: 1 -0.000328122 -0.00116254 0.000336875 0.99997 0.00764561 0.00115946 -0.00764538 0.99997 0.0698462 0.0219484 0.325525
FixedParameters: 0 0 0

#Transform 104
Transform: AffineTransform_float_3_3
Parameters: 0.999999 -0.000327236 -0.00134042 0.000336762 0.999974 0.00729155 0.00133758 -0.00729144 0.999972 0.0680483 0.0295131 0.312791
FixedParameters: 0 0 0

#Transform 105
Transform: AffineTransform_float_3_3
Parameters: 0.999998 -0.000325395 -0.00157644 0.000337608 0.999973 0.00736647 0.00157455 -0.00736752 0.999971 0.0741569 0.023826 0.304798
FixedParameters: 0 0 0

#Transform 106
Transform: AffineTransform_float_3_3
Parameters: 1 -0.000463373 -0.0010813 0.000470626 0.999975 0.0070645 0.0010777 -0.00706451 0.999975 0.0613775 0.0320949 0.328695
FixedParameters: 0 0 0

#Transform 107
Transform: AffineTransform_float_3_3
Parameters: 1 -0.000328597 -0.00109057 0.000337398 0.99997 0.00771364 0.00108743 -0.00771436 0.999969 0.0616297 0.0353027 0.315541
FixedParameters: 0 0 0

#Transform 108
Transform: AffineTransform_float_3_3
Parameters: 0.999999 -0.000676903 -0.00103534 0.000685095 0.999969 0.00784129 0.00102966 -0.0078417 0.999968 0.067231 0.0212036 0.280169
FixedParameters: 0 0 0

#Transform 109
Transform: AffineTransform_float_3_3
Parameters: 1 -0.000328248 -0.00109067 0.000337754 0.999967 0.00803364 0.00108832 -0.00803436 0.999967 0.0685543 0.0245966 0.30907
FixedParameters: 0 0 0

#Transform 110
Transform: AffineTransform_float_3_3
Parameters: 0.999999 -0.000552953 -0.00113346 0.000562044 0.999968 0.00799737 0.00112854 -0.00799763 0.999968 0.0784292 0.0277911 0.275905
FixedParameters: 0 0 0

#Transform 111
Transform: AffineTransform_float_3_3
Parameters: 0.999999 -0.000326964 -0.00121275 0.000337037 0.999965 0.00828359 0.00121025 -0.0082844 0.999965 0.074491 0.0180584 0.276278
FixedParameters: 0 0 0

#Transform 112
Transform: AffineTransform_float_3_3
Parameters: 0.999999 -0.000481726 -0.00144814 0.000494271 0.999964 0.00848629 0.00144386 -0.0084877 0.999963 0.0856099 0.0232125 0.312888
FixedParameters: 0 0 0

#Transform 113
Transform: AffineTransform_float_3_3
Parameters: 0.999999 -0.000743796 -0.0013144 0.000755209 0.999963 0.00854402 0.00130859 -0.00854498 0.999962 0.0822744 0.0217936 0.261278
FixedParameters: 0 0 0

#Transform 114
Transform: AffineTransform_float_3_3
Parameters: 0.999998 -0.000699258 -0.00148857 0.000710737 0.999969 0.00790195 0.00148243 -0.00790305 0.999967 0.0785356 0.0381256 0.250075
FixedParameters: 0 0 0

#Transform 115
Transform: AffineTransform_float_3_3
Parameters: 0.999998 -0.000675885 -0.00146219 0.00068612 0.999971 0.007614 0.00145782 -0.00761499 0.99997 0.0714083 0.0351636 0.175785
FixedParameters: 0 0 0

#Transform 116
Transform: AffineTransform_float_3_3
Parameters: 0.999999 -0.000322852 -0.0017946 0.00033715 0.999969 0.00788841 0.0017924 -0.00788959 0.999968 0.0707914 0.0295246 0.189931
FixedParameters: 0 0 0

#Transform 117
Transform: AffineTransform_float_3_3
Parameters: 0.999999 -0.000325806 -0.00126394 0.000337195 0.99996 0.00886658 0.00126106 -0.00886641 0.99996 0.0530691 0.016345 0.203866
FixedParameters: 0 0 0

#Transform 118
Transform: AffineTransform_float_3_3
Parameters: 0.999999 -0.000146788 -0.00134539 0.000159208 0.999959 0.00908079 0.00134361 -0.0090812 0.999958 0.0484463 0.00619106 0.201428
FixedParameters: 0 0 0

#Transform 119
Transform: AffineTransform_float_3_3
Parameters: 1 -3.62873e-05 -0.00104838 4.57092e-05 0.999957 0.00926595 0.00104762 -0.00926604 0.999956 0.0508592 0.00164832 0.26256
FixedParameters: 0 0 0

#Transform 120
Transform: AffineTransform_float_3_3
Parameters: 0.999999 -0.000323616 -0.00142511 0.000337383 0.999956 0.00940152 0.00142189 -0.00940147 0.999955 0.0652853 -0.00147592 0.222263
FixedParameters: 0 0 0

#Transform 121
Transform: AffineTransform_float_3_3
Parameters: 0.999998 -0.000192732 -0.001632 0.000209268 0.99995 0.00997367 0.00162999 -0.00997433 0.999949 0.075789 -0.0166046 0.227089
FixedParameters: 0 0 0

#Transform 122
Transform: AffineTransform_float_3_3
Parameters: 0.999999 -0.000318415 -0.0017924 0.00033759 0.999946 0.0103774 0.00178959 -0.0103786 0.999944 0.0800126 -0.010119 0.200732
FixedParameters: 0 0 0

#Transform 123
Transform: AffineTransform_float_3_3
Parameters: 0.999998 -0.000317278 -0.00187544 0.000337716 0.999944 0.0105244 0.00187155 -0.0105256 0.999943 0.0820429 -0.0135817 0.22484
FixedParameters: 0 0 0

#Transform 124
Transform: AffineTransform_float_3_3
Parameters: 0.999999 -0.000318151 -0.00178646 0.000336854 0.999944 0.0105604 0.00178354 -0.0105616 0.999942 0.0797241 -0.0144186 0.249137
FixedParameters: 0 0 0

#Transform 125
Transform: AffineTransform_float_3_3
Parameters: 0.999998 -0.000318338 -0.00192618 0.000337661 0.999953 0.00969637 0.00192282 -0.00969663 0.999951 0.0833693 -0.0103074 0.21045
FixedParameters: 0 0 0

#Transform 126
Transform: AffineTransform_float_3_3
Parameters: 0.999998 -0.000315801 -0.0020973 0.000337206 0.999949 0.0101153 0.00209469 -0.0101157 0.999946 0.0876676 -0.0158044 0.258254
FixedParameters: 0 0 0

#Transform 127
Transform: AffineTransform_float_3_3
Parameters: 0.999998 -0.000317772 -0.00192627 0.000337226 0.99995 0.00999037 0.00192273 -0.00999063 0.999948 0.0881126 0.000150967 0.229794
FixedParameters: 0 0 0

#Transform 128
Transform: AffineTransform_float_3_3
Parameters: 0.999999 -0.000319628 -0.00178819 0.000337369 0.999952 0.00972241 0.0017848 -0.00972358 0.999951 0.0797833 0.00704189 0.222395
FixedParameters: 0 0 0

#Transform 129
Transform: AffineTransform_float_3_3
Parameters: 0.999998 -0.000320115 -0.00186797 0.000336884 0.999959 0.00904539 0.00186503 -0.00904662 0.999958 0.0818619 0.0382954 0.199678
FixedParameters: 0 0 0

#Transform 130
Transform: AffineTransform_float_3_3
Parameters: 0.999998 8.55611e-05 -0.00191937 -6.94417e-05 0.999967 0.00810615 0.00191963 -0.00810585 0.999966 0.0679141 0.0412921 0.266312
FixedParameters: 0 0 0

#Transform 131
Transform: AffineTransform_float_3_3
Parameters: 0.999998 2.46178e-05 -0.00202586 -7.38091e-06 0.999962 0.00869604 0.00202614 -0.00869597 0.99996 0.071995 0.0422475 0.266254
FixedParameters: 0 0 0

#Transform 132
Transform: AffineTransform_float_3_3
Parameters: 0.999999 9.33742e-05 -0.00180431 -7.86281e-05 0.999969 0.00796515 0.00180468 -0.00796484 0.999966 0.0748593 0.0394611 0.217416
FixedParameters: 0 0 0

#Transform 133
Transform: AffineTransform_float_3_3
Parameters: 0.999998 6.57959e-06 -0.001708 6.57959e-06 0.999973 0.007365 0.001708 -0.007365 0.999972 0.0778754 0.0486355 0.185424
FixedParameters: 0 0 0

#Transform 134
Transform: AffineTransform_float_3_3
Parameters: 0.999998 -0.000321557 -0.00193863 0.000337447 0.999968 0.00797137 0.00193637 -0.00797164 0.999967 0.0573078 0.0615959 0.207007
FixedParameters: 0 0 0

#Transform 135
Transform: AffineTransform_float_3_3
Parameters: 0.999999 -0.000752491 -0.00167314 0.000765507 0.999967 0.00808773 0.00166686 -0.00808927 0.999966 0.060576 0.0574162 0.175986
FixedParameters: 0 0 0

#Transform 136
Transform: AffineTransform_float_3_3
Parameters: 0.999998 -0.000878065 -0.00174807 0.000891935 0.999967 0.00798745 0.00174093 -0.00798854 0.999966 0.0513214 0.0670415 0.18407
FixedParameters: 0 0 0

#Transform 137
Transform: AffineTransform_float_3_3
Parameters: 0.999999 -0.000724323 -0.0016989 0.000737678 0.999967 0.00806376 0.00169311 -0.00806524 0.999966 0.0731581 0.0492731 0.157104
FixedParameters: 0 0 0

#Transform 138
Transform: AffineTransform_float_3_3
Parameters: 0.999998 -0.000605557 -0.00182454 0.000622449 0.999959 0.00902588 0.00181946 -0.00902612 0.999957 0.0787887 0.029328 0.150484
FixedParameters: 0 0 0

#Transform 139
Transform: AffineTransform_float_3_3
Parameters: 0.999998 -0.000663954 -0.00224403 0.000684047 0.99996 0.00894448 0.00223797 -0.0089455 0.999957 0.0916773 0.0412103 0.126437
FixedParameters: 0 0 0

#Transform 140
Transform: AffineTransform_float_3_3
Parameters: 0.999997 -0.000315173 -0.00239697 0.000336828 0.999959 0.00911122 0.00239403 -0.00911178 0.999955 0.0957926 0.0359902 0.11618
FixedParameters: 0 0 0

#Transform 141
Transform: AffineTransform_float_3_3
Parameters: 0.999997 -0.000315429 -0.00232403 0.000337571 0.999957 0.00928724 0.00232097 -0.00928776 0.999954 0.0976161 0.0526689 0.169577
FixedParameters: 0 0 0

#Transform 142
Transform: AffineTransform_float_3_3
Parameters: 0.999997 -0.000315569 -0.00232801 0.000337429 0.999958 0.00921024 0.00232499 -0.00921176 0.999955 0.114238 0.0512041 0.147873
FixedParameters: 0 0 0

#Transform 143
Transform: AffineTransform_float_3_3
Parameters: 0.999997 -0.000668238 -0.00208012 0.000687762 0.999959 0.00903259 0.00207387 -0.00903341 0.999957 0.107613 0.0339725 0.147475
FixedParameters: 0 0 0

#Transform 144
Transform: AffineTransform_float_3_3
Parameters: 0.999995 -0.00110167 -0.00288341 0.00112633 0.999963 0.00844879 0.00287459 -0.00845221 0.99996 0.134252 0.0673756 0.0308072
FixedParameters: 0 0 0

#Transform 145
Transform: AffineTransform_float_3_3
Parameters: 0.999996 -0.000923717 -0.00288223 0.000949288 0.999961 0.00878231 0.00287477 -0.0087857 0.999958 0.137142 0.0569846 0.0706501
FixedParameters: 0 0 0

#Transform 146
Transform: AffineTransform_float_3_3
Parameters: 0.999996 -0.0010811 -0.00262896 0.0011049 0.999958 0.00910713 0.00261904 -0.00911087 0.999955 0.144969 0.0626471 0.0376845
FixedParameters: 0 0 0

#Transform 147
Transform: AffineTransform_float_3_3
Parameters: 0.999995 -0.000720681 -0.00328526 0.000753316 0.999951 0.00984658 0.00327774 -0.00984942 0.999946 0.161889 0.0488698 0.0855754
FixedParameters: 0 0 0

#Transform 148
Transform: AffineTransform_float_3_3
Parameters: 0.999994 -0.000722087 -0.00320612 0.000752913 0.999953 0.00965164 0.00319888 -0.00965337 0.999949 0.153285 0.0537072 0.0661144
FixedParameters: 0 0 0

#Transform 149
Transform: AffineTransform_float_3_3
Parameters: 0.999996 -0.000870007 -0.00265765 0.000895995 0.999951 0.00979465 0.00264935 -0.00979733 0.999948 0.145703 0.0503156 0.0598265
FixedParameters: 0 0 0

#Transform 150
Transform: AffineTransform_float_3_3
Parameters: 0.999995 -0.001112 -0.00293178 0.00114001 0.999953 0.0095677 0.00292123 -0.00957029 0.99995 0.152632 0.056954 0.0750635
FixedParameters: 0 0 0

#Transform 151
Transform: AffineTransform_float_3_3
Parameters: 0.999997 -0.00085498 -0.00255083 0.000878021 0.999959 0.00903679 0.00254317 -0.0090392 0.999956 0.142815 0.0702558 0.0988944
FixedParameters: 0 0 0

#Transform 152
Transform: AffineTransform_float_3_3
Parameters: 0.999996 -0.00108628 -0.00280549 0.00111372 0.999954 0.00954091 0.0027945 -0.00954407 0.99995 0.149168 0.0770728 0.12775
FixedParameters: 0 0 0

#Transform 153
Transform: AffineTransform_float_3_3
Parameters: 0.999997 -0.00103115 -0.0025169 0.00105485 0.999955 0.00949138 0.0025071 -0.00949462 0.999952 0.141801 0.0750161 0.116792
FixedParameters: 0 0 0

#Transform 154
Transform: AffineTransform_float_3_3
Parameters: 0.999997 -0.00104784 -0.00195086 0.00106615 0.999956 0.00932995 0.00194014 -0.00933206 0.999955 0.122304 0.0563884 0.164604
FixedParameters: 0 0 0

#Transform 155
Transform: AffineTransform_float_3_3
Parameters: 0.999996 -0.00118825 -0.00226853 0.00121076 0.999953 0.00961129 0.00225747 -0.00961372 0.999951 0.134983 0.0762607 0.208685
FixedParameters: 0 0 0

#Transform 156
Transform: AffineTransform_float_3_3
Parameters: 0.999997 -0.00119346 -0.00187066 0.00121054 0.99996 0.00886776 0.00185934 -0.00887024 0.999959 0.124862 0.0805897 0.14348
FixedParameters: 0 0 0

#Transform 157
Transform: AffineTransform_float_3_3
Parameters: 0.999997 -0.00119134 -0.00208975 0.00121066 0.999959 0.0089495 0.00207925 -0.0089515 0.999958 0.130504 0.0704466 0.176298
FixedParameters: 0 0 0

#Transform 158
Transform: AffineTransform_float_3_3
Parameters: 0.999997 -0.00119161 -0.00206572 0.0012104 0.99996 0.00892653 0.00205528 -0.00892848 0.999958 0.146269 0.0758447 0.259377
FixedParameters: 0 0 0

#Transform 159
Transform: AffineTransform_float_3_3
Parameters: 0.999997 -0.00110778 -0.00214849 0.00112622 0.999964 0.0084986 0.0021385 -0.00850139 0.999961 0.136843 0.088496 0.211002
FixedParameters: 0 0 0

#Transform 160
Transform: AffineTransform_float_3_3
Parameters: 0.999998 -0.00132469 -0.00147209 0.00133831 0.999958 0.00907904 0.00145991 -0.00908095 0.999957 0.131499 0.0745163 0.263821
FixedParameters: 0 0 0

#Transform 161
Transform: AffineTransform_float_3_3
Parameters: 0.999998 -0.001326 -0.00140641 0.001338 0.999963 0.00856514 0.00139459 -0.00856687 0.999963 0.14214 0.0775663 0.273003
FixedParameters: 0 0 0

#Transform 162
Transform: AffineTransform_float_3_3
Parameters: 0.999998 -0.00132569 -0.00138192 0.00133832 0.999959 0.00894917 0.00137008 -0.00895083 0.999959 0.127302 0.059879 0.286849
FixedParameters: 0 0 0

#Transform 163
Transform: AffineTransform_float_3_3
Parameters: 0.999999 -0.000731061 -0.00161385 0.000745941 0.999956 0.0092758 0.00160715 -0.00927718 0.999955 0.129579 0.0805666 0.388061
FixedParameters: 0 0 0

#Transform 164
Transform: AffineTransform_float_3_3
Parameters: 0.999999 -0.00103137 -0.00150016 0.00104563 0.999951 0.00978344 0.00148984 -0.00978455 0.999951 0.116964 0.0602909 0.409684
FixedParameters: 0 0 0

#Transform 165
Transform: AffineTransform_float_3_3
Parameters: 0.999998 -0.00112489 -0.00169016 0.00114011 0.999959 0.0089661 0.00167984 -0.00896791 0.999959 0.130427 0.0805005 0.311873
FixedParameters: 0 0 0

#Transform 166
Transform: AffineTransform_float_3_3
Parameters: 0.999998 -0.000739935 -0.00175387 0.000756066 0.999957 0.00917669 0.00174714 -0.00917831 0.999957 0.138254 0.102984 0.274108
FixedParameters: 0 0 0

#Transform 167
Transform: AffineTransform_float_3_3
Parameters: 0.999998 -0.000506753 -0.00204612 0.000527246 0.999951 0.00990694 0.00204088 -0.00990805 0.999949 0.143891 0.0898061 0.224602
FixedParameters: 0 0 0

#Transform 168
Transform: AffineTransform_float_3_3
Parameters: 0.999997 -0.000464046 -0.00209099 0.000485954 0.999944 0.010511 0.00208601 -0.010512 0.999942 0.149248 0.0865962 0.259276
FixedParameters: 0 0 0

#Transform 169
Transform: AffineTransform_float_3_3
Parameters: 0.999997 -0.000740909 -0.00232049 0.000767086 0.999937 0.0112633 0.00231151 -0.0112647 0.999934 0.159326 0.0977871 0.256478
FixedParameters: 0 0 0

#Transform 170
Transform: AffineTransform_float_3_3
Parameters: 0.999997 -0.000911396 -0.00229592 0.000935604 0.999942 0.0107379 0.00228608 -0.0107401 0.999939 0.165446 0.0803374 0.214696
FixedParameters: 0 0 0

#Transform 171
Transform: AffineTransform_float_3_3
Parameters: 0.999996 -0.000712593 -0.00248173 0.000738408 0.999943 0.0106552 0.00247427 -0.0106578 0.99994 0.170155 0.0793796 0.255785
FixedParameters: 0 0 0

#Transform 172
Transform: AffineTransform_float_3_3
Parameters: 0.999997 -0.000311693 -0.00245448 0.000338303 0.999943 0.0107252 0.00245051 -0.0107258 0.999939 0.169395 0.111186 0.298204
FixedParameters: 0 0 0

#Transform 173
Transform: AffineTransform_float_3_3
Parameters: 0.999997 -0.000272903 -0.00239962 0.000295089 0.999957 0.00921231 0.00239638 -0.00921367 0.999954 0.168236 0.125976 0.23165
FixedParameters: 0 0 0

#Transform 174
Transform: AffineTransform_float_3_3
Parameters: 0.999998 -0.000272667 -0.00227879 0.000294336 0.999952 0.00980636 0.00227622 -0.00980665 0.99995 0.147132 0.113339 0.28371
FixedParameters: 0 0 0

#Transform 175
Transform: AffineTransform_float_3_3
Parameters: 0.999996 -0.000590679 -0.00250785 0.000614323 0.999952 0.00970849 0.00250215 -0.0097095 0.999949 0.17089 0.119957 0.222977
FixedParameters: 0 0 0

#Transform 176
Transform: AffineTransform_float_3_3
Parameters: 0.999996 -0.000267253 -0.00283076 0.00029474 0.999952 0.0098062 0.00282725 -0.00980679 0.999948 0.163632 0.134543 0.276323
FixedParameters: 0 0 0

#Transform 177
Transform: AffineTransform_float_3_3
Parameters: 0.999995 -0.000803682 -0.00306429 0.000830313 0.99996 0.00892349 0.00305671 -0.0089265 0.999955 0.170444 0.1585 0.281654
FixedParameters: 0 0 0

#Transform 178
Transform: AffineTransform_float_3_3
Parameters: 0.999996 -0.000804785 -0.00293132 0.000830223 0.999959 0.0089536 0.00292468 -0.00895539 0.999955 0.158708 0.151872 0.261749
FixedParameters: 0 0 0

#Transform 179
Transform: AffineTransform_float_3_3
Parameters: 0.999996 -0.000558633 -0.00278479 0.000582369 0.999964 0.00839741 0.00278021 -0.00839858 0.999961 0.15528 0.110094 0.253258
FixedParameters: 0 0 0
