# transform file /out/sourcedata/freesurfer/sub-v1s15x0050195_ses-1/mri/transforms/cc_up.lta
# created by oesteban on Sun Mar  8 21:54:20 2026

type      = 0 # LINEAR_VOX_TO_VOX
nxforms   = 1
mean      = 131.0000 94.0000 122.0000
sigma     = 10000.0000
1 4 4
9.999102354049683e-01 -6.584278773516417e-03 -1.167595200240612e-02 8.496289849281311e-01 
6.583829876035452e-03 9.999783635139465e-01 -7.687938341405243e-05 5.016111755371094e+01 
1.167620532214642e-02 0.000000000000000e+00 9.999318718910217e-01 1.250153827667236e+01 
0.000000000000000e+00 0.000000000000000e+00 0.000000000000000e+00 1.000000000000000e+00 
src volume info
valid = 1  # volume info valid
filename = /out/sourcedata/freesurfer/sub-v1s15x0050195_ses-1/mri/norm.mgz
volume = 256 256 256
voxelsize = 1.000000000000000e+00 1.000000000000000e+00 1.000000000000000e+00
xras   = -1.000000000000000e+00 0.000000000000000e+00 0.000000000000000e+00
yras   = 0.000000000000000e+00 0.000000000000000e+00 -1.000000000000000e+00
zras   = 0.000000000000000e+00 1.000000000000000e+00 0.000000000000000e+00
cras   = 3.312202453613281e+00 6.125000000000000e+00 -5.106280517578125e+01
dst volume info
valid = 1  # volume info valid
filename = /out/sourcedata/freesurfer/sub-v1s15x0050195_ses-1/mri/norm.mgz
volume = 256 256 256
voxelsize = 1.000000000000000e+00 1.000000000000000e+00 1.000000000000000e+00
xras   = -1.000000000000000e+00 0.000000000000000e+00 0.000000000000000e+00
yras   = 0.000000000000000e+00 0.000000000000000e+00 -1.000000000000000e+00
zras   = 0.000000000000000e+00 1.000000000000000e+00 0.000000000000000e+00
cras   = 3.312202453613281e+00 6.125000000000000e+00 -5.106280517578125e+01
