# transform file transforms/talairach.lta
# created by oesteban on Sun Mar  8 20:51:04 2026

type      = 0 # LINEAR_VOX_TO_VOX
nxforms   = 1
mean      = 132.0000 95.0000 121.0000
sigma     = 10000.0000
1 4 4
1.098813891410828e+00 -2.170329354703426e-02 1.420814357697964e-02 -1.527528095245361e+01 
1.789181493222713e-02 1.195726633071899e+00 2.108887434005737e-01 -1.831216430664062e+01 
-1.859243027865887e-02 -1.592391580343246e-01 1.040495634078979e+00 1.516389250755310e-01 
0.000000000000000e+00 0.000000000000000e+00 0.000000000000000e+00 1.000000000000000e+00 
src volume info
valid = 1  # volume info valid
filename = nu.mgz
volume = 256 256 256
voxelsize = 1.000000000000000e+00 1.000000000000000e+00 1.000000000000000e+00
xras   = -1.000000000000000e+00 0.000000000000000e+00 0.000000000000000e+00
yras   = 0.000000000000000e+00 0.000000000000000e+00 -1.000000000000000e+00
zras   = 0.000000000000000e+00 1.000000000000000e+00 0.000000000000000e+00
cras   = 3.312202453613281e+00 6.125000000000000e+00 -5.106280517578125e+01
dst volume info
valid = 1  # volume info valid
filename = /opt/freesurfer/average/RB_all_2020-01-02.gca
volume = 256 256 256
voxelsize = 1.000000000000000e+00 1.000000000000000e+00 1.000000000000000e+00
xras   = -1.000000000000000e+00 0.000000000000000e+00 0.000000000000000e+00
yras   = 0.000000000000000e+00 0.000000000000000e+00 -1.000000000000000e+00
zras   = 0.000000000000000e+00 1.000000000000000e+00 0.000000000000000e+00
cras   = 0.000000000000000e+00 0.000000000000000e+00 0.000000000000000e+00
