# transform file /out/sourcedata/freesurfer/sub-v1s15x0050217_ses-1/mri/transforms/cc_up.lta
# created by oesteban on Sun Mar  8 23:08:36 2026

type      = 0 # LINEAR_VOX_TO_VOX
nxforms   = 1
mean      = 128.0000 98.0000 130.0000
sigma     = 10000.0000
1 4 4
9.991533160209656e-01 1.735352352261543e-02 -3.730363026261330e-02 1.608560681343079e+00 
-1.734144054353237e-02 9.998494386672974e-01 6.474468973465264e-04 5.018162536621094e+01 
3.730924800038338e-02 0.000000000000000e+00 9.993038177490234e-01 -7.758999824523926e+00 
0.000000000000000e+00 0.000000000000000e+00 0.000000000000000e+00 1.000000000000000e+00 
src volume info
valid = 1  # volume info valid
filename = /out/sourcedata/freesurfer/sub-v1s15x0050217_ses-1/mri/norm.mgz
volume = 256 256 256
voxelsize = 1.000000000000000e+00 1.000000000000000e+00 1.000000000000000e+00
xras   = -1.000000000000000e+00 0.000000000000000e+00 0.000000000000000e+00
yras   = 0.000000000000000e+00 0.000000000000000e+00 -1.000000000000000e+00
zras   = 0.000000000000000e+00 1.000000000000000e+00 0.000000000000000e+00
cras   = 2.843498229980469e+00 1.438003540039062e+00 -1.262500000000000e+01
dst volume info
valid = 1  # volume info valid
filename = /out/sourcedata/freesurfer/sub-v1s15x0050217_ses-1/mri/norm.mgz
volume = 256 256 256
voxelsize = 1.000000000000000e+00 1.000000000000000e+00 1.000000000000000e+00
xras   = -1.000000000000000e+00 0.000000000000000e+00 0.000000000000000e+00
yras   = 0.000000000000000e+00 0.000000000000000e+00 -1.000000000000000e+00
zras   = 0.000000000000000e+00 1.000000000000000e+00 0.000000000000000e+00
cras   = 2.843498229980469e+00 1.438003540039062e+00 -1.262500000000000e+01
