# transform file /out/sourcedata/freesurfer/sub-v1s15x0050209_ses-1/mri/transforms/cc_up.lta
# created by oesteban on Sun Mar  8 23:02:43 2026

type      = 0 # LINEAR_VOX_TO_VOX
nxforms   = 1
mean      = 131.0000 99.0000 123.0000
sigma     = 10000.0000
1 4 4
9.969356656074524e-01 -4.248080030083656e-02 -6.568604707717896e-02 9.405474662780762e+00 
4.238888993859291e-02 9.990972280502319e-01 -2.792917191982269e-03 3.692227172851562e+01 
6.574539095163345e-02 2.328306436538696e-10 9.978364109992981e-01 7.761163234710693e+00 
0.000000000000000e+00 0.000000000000000e+00 0.000000000000000e+00 1.000000000000000e+00 
src volume info
valid = 1  # volume info valid
filename = /out/sourcedata/freesurfer/sub-v1s15x0050209_ses-1/mri/norm.mgz
volume = 256 256 256
voxelsize = 1.000000000000000e+00 1.000000000000000e+00 1.000000000000000e+00
xras   = -1.000000000000000e+00 0.000000000000000e+00 0.000000000000000e+00
yras   = 0.000000000000000e+00 0.000000000000000e+00 -1.000000000000000e+00
zras   = 0.000000000000000e+00 1.000000000000000e+00 0.000000000000000e+00
cras   = 1.437202453613281e+00 1.456199645996094e+01 -3.559399414062500e+01
dst volume info
valid = 1  # volume info valid
filename = /out/sourcedata/freesurfer/sub-v1s15x0050209_ses-1/mri/norm.mgz
volume = 256 256 256
voxelsize = 1.000000000000000e+00 1.000000000000000e+00 1.000000000000000e+00
xras   = -1.000000000000000e+00 0.000000000000000e+00 0.000000000000000e+00
yras   = 0.000000000000000e+00 0.000000000000000e+00 -1.000000000000000e+00
zras   = 0.000000000000000e+00 1.000000000000000e+00 0.000000000000000e+00
cras   = 1.437202453613281e+00 1.456199645996094e+01 -3.559399414062500e+01
