#Insight Transform File V1.0
#Transform 0
Transform: AffineTransform_float_3_3
Parameters: 1 -0.000602387 -0.000938395 0.000602613 0.999999 0.000653435 0.000937607 -0.000653565 1 -0.0328606 0.125218 -0.0400133
FixedParameters: 0 0 0

#Transform 1
Transform: AffineTransform_float_3_3
Parameters: 1 -0.000123425 -0.000634112 0.000123574 0.999999 0.000905922 0.000633888 -0.000906078 1 -0.0309264 0.0991142 -0.0703549
FixedParameters: 0 0 0

#Transform 2
Transform: AffineTransform_float_3_3
Parameters: 1 -5.83793e-07 -0.000274001 1.4162e-06 0.999999 0.001519 0.000273998 -0.001519 0.999999 -0.0254706 0.0545057 -0.0376731
FixedParameters: 0 0 0

#Transform 3
Transform: AffineTransform_float_3_3
Parameters: 0.999999 -0.000602354 -0.000634613 0.000602645 1 0.00101762 0.000633387 -0.00101838 1 -0.0220156 0.10336 -0.0473181
FixedParameters: 0 0 0

#Transform 4
Transform: AffineTransform_float_3_3
Parameters: 0.999999 -0.000602494 -0.000634479 0.000602504 0.999999 0.000795617 0.00063352 -0.000796381 0.999999 -0.0243717 0.104586 -0.0483558
FixedParameters: 0 0 0

#Transform 5
Transform: AffineTransform_float_3_3
Parameters: 0.999999 -4.40801e-05 -0.000746055 4.49198e-05 0.999999 0.00123297 0.000745945 -0.00123303 0.999999 -0.0161224 0.0346346 -0.0471196
FixedParameters: 0 0 0

#Transform 6
Transform: AffineTransform_float_3_3
Parameters: 1 -3.6288e-05 -0.000634041 3.7712e-05 1 0.00112298 0.000633958 -0.00112302 0.999999 -0.0315493 0.0467945 -0.0145575
FixedParameters: 0 0 0

#Transform 7
Transform: AffineTransform_float_3_3
Parameters: 1 -0.000383367 -0.00101224 0.000384633 0.999999 0.000625611 0.00101176 -0.000625388 1 -0.0372999 0.0954529 -0.0505119
FixedParameters: 0 0 0

#Transform 8
Transform: AffineTransform_float_3_3
Parameters: 1 -0.000118603 -0.000634074 0.000119397 1 0.000625924 0.000633925 -0.000626075 0.999999 -0.0178445 0.0499488 -0.0479293
FixedParameters: 0 0 0

#Transform 9
Transform: AffineTransform_float_3_3
Parameters: 1 0.000227227 -0.000197739 -0.000226772 1 0.00114905 0.000198261 -0.00114896 1 -0.00419742 0.0706496 -0.0308479
FixedParameters: 0 0 0

#Transform 10
Transform: AffineTransform_float_3_3
Parameters: 1 -0.000131544 -0.000677089 0.000132455 1 0.000672911 0.000676911 -0.000673089 1 -0.03334 0.0825886 -0.0479224
FixedParameters: 0 0 0

#Transform 11
Transform: AffineTransform_float_3_3
Parameters: 1 -4.22729e-05 -0.000677046 4.27271e-05 1 0.00107397 0.000676954 -0.00107403 0.999999 -0.021904 0.0526838 -0.0800584
FixedParameters: 0 0 0

#Transform 12
Transform: AffineTransform_float_3_3
Parameters: 1 0.000297479 -0.000365611 -0.000296522 0.999999 0.00131011 0.000365389 -0.00130989 0.999999 -0.0113664 0.022517 -0.056166
FixedParameters: 0 0 0

#Transform 13
Transform: AffineTransform_float_3_3
Parameters: 1 2.74177e-05 -0.000676983 -2.65823e-05 1 0.000617018 0.000677016 -0.000616981 0.999999 -0.0183867 0.0549619 -0.0645358
FixedParameters: 0 0 0

#Transform 14
Transform: AffineTransform_float_3_3
Parameters: 0.999999 -0.000389544 -0.000677262 0.000389455 0.999999 0.000672736 0.000676737 -0.000673263 0.999999 -0.00923253 0.0485879 -0.0687667
FixedParameters: 0 0 0

#Transform 15
Transform: AffineTransform_float_3_3
Parameters: 1 -0.000128722 -0.00032511 0.000129277 0.999999 0.000853957 0.00032489 -0.000854041 0.999999 -0.0022187 0.00199885 -0.0354681
FixedParameters: 0 0 0

#Transform 16
Transform: AffineTransform_float_3_3
Parameters: 1 -0.000212797 -0.000241179 0.000212203 0.999999 0.000842948 0.000240821 -0.000843051 0.999999 2.68708e-05 0.0260584 -0.0214591
FixedParameters: 0 0 0

#Transform 17
Transform: AffineTransform_float_3_3
Parameters: 1 -0.000389867 -0.00040013 0.000389133 1 0.000333844 0.00039987 -0.000333156 1 -0.00478065 0.0560203 -0.0382112
FixedParameters: 0 0 0

#Transform 18
Transform: AffineTransform_float_3_3
Parameters: 1 -8.09212e-05 -0.000400016 8.10792e-05 1 0.000197968 0.000399984 -0.000197032 1 -0.0127557 0.0143454 -0.0736398
FixedParameters: 0 0 0

#Transform 19
Transform: AffineTransform_float_3_3
Parameters: 1 0.000286946 0.00014011 -0.000286054 1 0.00038396 -0.00013989 -0.00038404 1 0.00837575 -0.0105221 -0.0257767
FixedParameters: 0 0 0

#Transform 20
Transform: AffineTransform_float_3_3
Parameters: 1 -3.60005e-05 0.000126 3.59995e-05 1 4.00454e-06 -0.000126 -3.99546e-06 1 0.0096733 0.0115766 0.00371255
FixedParameters: 0 0 0

#Transform 21
Transform: AffineTransform_float_3_3
Parameters: 1 -0.000192186 -0.000399911 0.000191815 1 -0.000463077 0.000399089 0.000463923 1 0.00265267 0.0432806 -0.0251382
FixedParameters: 0 0 0

#Transform 22
Transform: AffineTransform_float_3_3
Parameters: 1 9.69332e-05 -0.000400016 -9.60668e-05 1 -0.000166962 0.000399984 0.000167039 1 -0.0069842 0.0105601 -0.0539459
FixedParameters: 0 0 0

#Transform 23
Transform: AffineTransform_float_3_3
Parameters: 1 8.59751e-05 0.000149014 -8.60249e-05 1 0.000166987 -0.000148986 -0.000167013 1 0.0207986 -0.0241043 0.0247648
FixedParameters: 0 0 0

#Transform 24
Transform: AffineTransform_float_3_3
Parameters: 1 -0.000111881 0.000507026 0.000112119 1 -0.000233943 -0.000506974 0.000234057 1 0.0410214 -0.0558552 0.0800656
FixedParameters: 0 0 0

#Transform 25
Transform: AffineTransform_float_3_3
Parameters: 1 -0.000306964 0.000104106 0.000307036 1 -0.000345968 -0.000103894 0.000346032 1 0.0153716 0.00931314 0.025081
FixedParameters: 0 0 0

#Transform 26
Transform: AffineTransform_float_3_3
Parameters: 1 -0.000218945 7.81533e-05 0.000219054 0.999999 -0.000699983 -7.78467e-05 0.000700017 1 0.00298524 0.0360385 -0.0338344
FixedParameters: 0 0 0

#Transform 27
Transform: AffineTransform_float_3_3
Parameters: 1 -4.97582e-06 7.80015e-05 5.02418e-06 1 -0.00031 -7.79984e-05 0.00031 1 0.0126788 -0.00497713 -0.0321499
FixedParameters: 0 0 0

#Transform 28
Transform: AffineTransform_float_3_3
Parameters: 1 0.000198966 0.000290023 -0.000199034 1 0.000116942 -0.000289977 -0.000117058 1 0.0251397 -0.012611 -0.00974098
FixedParameters: 0 0 0

#Transform 29
Transform: AffineTransform_float_3_3
Parameters: 1 -0.000156985 7.80303e-05 0.000157015 1 -0.000192988 -7.79697e-05 0.000193012 1 0.0185541 0.000156598 -0.012552
FixedParameters: 0 0 0

#Transform 30
Transform: AffineTransform_float_3_3
Parameters: 1 -0.000255163 -0.000221813 0.000254837 0.999999 -0.000734056 0.000222187 0.000734943 0.999999 0.0055824 0.0332534 -0.0464381
FixedParameters: 0 0 0

#Transform 31
Transform: AffineTransform_float_3_3
Parameters: 1 -0.000390087 -0.000279879 0.000389913 1 -0.000311109 0.000280121 0.000310891 1 0.00485711 0.0350077 -0.0582716
FixedParameters: 0 0 0

#Transform 32
Transform: AffineTransform_float_3_3
Parameters: 1 0.000220952 0.000272039 -0.000221048 1 0.00017594 -0.000271961 -0.00017606 1 0.0200218 -0.00763941 -0.0399664
FixedParameters: 0 0 0

#Transform 33
Transform: AffineTransform_float_3_3
Parameters: 1 0.000210934 0.000479029 -0.000211066 1 0.000136899 -0.000478971 -0.000137101 1 0.0289317 -0.0113277 -0.0312856
FixedParameters: 0 0 0

#Transform 34
Transform: AffineTransform_float_3_3
Parameters: 1 -0.000188005 7.7988e-05 0.000187995 1 6.40147e-05 -7.8012e-05 -6.39853e-05 1 0.0186771 0.0373493 -0.0418087
FixedParameters: 0 0 0

#Transform 35
Transform: AffineTransform_float_3_3
Parameters: 1 -0.000389841 -0.00038616 0.000389159 1 0.00041185 0.00038584 -0.00041115 1 0.0121598 0.0804906 -0.0753116
FixedParameters: 0 0 0

#Transform 36
Transform: AffineTransform_float_3_3
Parameters: 1 -0.000389977 -0.000352025 0.000390022 1 6.38627e-05 0.000351975 -6.41373e-05 1 -0.00390303 0.0627426 -0.0764496
FixedParameters: 0 0 0

#Transform 37
Transform: AffineTransform_float_3_3
Parameters: 1 0.000323964 6.31863e-05 -0.000323036 1 0.000574979 -6.28142e-05 -0.00057502 1 0.0161568 0.0169074 -0.0516727
FixedParameters: 0 0 0

#Transform 38
Transform: AffineTransform_float_3_3
Parameters: 1 0.000261734 0.000324215 -0.000262267 0.999999 0.000821914 -0.000324785 -0.000821084 0.999999 0.0206476 0.0095563 -0.0311042
FixedParameters: 0 0 0

#Transform 39
Transform: AffineTransform_float_3_3
Parameters: 1 -2.85814e-06 -0.000205002 3.14186e-06 1 0.000691999 0.000204998 -0.000692 0.999999 0.00404616 0.0948078 -0.0516933
FixedParameters: 0 0 0

#Transform 40
Transform: AffineTransform_float_3_3
Parameters: 1 -0.000162919 -0.000276048 0.000163081 1 0.000292955 0.000275952 -0.000293045 1 -0.00187836 0.0987831 -0.069788
FixedParameters: 0 0 0

#Transform 41
Transform: AffineTransform_float_3_3
Parameters: 1 0.000258653 0.000420214 -0.000258347 0.999999 0.000825891 -0.000419787 -0.000826108 0.999999 0.0221716 0.0448781 -0.0675201
FixedParameters: 0 0 0

#Transform 42
Transform: AffineTransform_float_3_3
Parameters: 0.999999 0.000489765 0.000567202 -0.000490234 1 0.000413722 -0.000566797 -0.000414278 1 0.0191204 0.0131278 -0.0478321
FixedParameters: 0 0 0

#Transform 43
Transform: AffineTransform_float_3_3
Parameters: 1 0.000299989 1.2279e-05 -0.000300012 0.999999 0.000929996 -1.2721e-05 -0.000930003 0.999999 0.0155349 0.0882614 -0.06904
FixedParameters: 0 0 0

#Transform 44
Transform: AffineTransform_float_3_3
Parameters: 1 8.99932e-05 1.20509e-05 -9.00073e-05 1 0.000565999 -1.29491e-05 -0.000566001 1 0.0165229 0.106127 -0.063019
FixedParameters: 0 0 0

#Transform 45
Transform: AffineTransform_float_3_3
Parameters: 1 0.000437705 0.000357362 -0.000437295 0.999999 0.000826843 -0.000356639 -0.000826156 0.999999 0.0205264 0.0429999 -0.0672022
FixedParameters: 0 0 0

#Transform 46
Transform: AffineTransform_float_3_3
Parameters: 1 0.00045656 0.00043746 -0.00045744 1 0.0010068 -0.00043654 -0.0010072 1 0.0218331 0.0279287 -0.0657447
FixedParameters: 0 0 0

#Transform 47
Transform: AffineTransform_float_3_3
Parameters: 1 9.79866e-05 2.30569e-05 -9.80133e-05 1 0.000580998 -2.29431e-05 -0.000581002 1 0.00811609 0.0632634 -0.0682474
FixedParameters: 0 0 0

#Transform 48
Transform: AffineTransform_float_3_3
Parameters: 1 0.000292987 2.31655e-05 -0.000293013 1 0.000564993 -2.28344e-05 -0.000565007 1 0.00553064 0.0480099 -0.124804
FixedParameters: 0 0 0

#Transform 49
Transform: AffineTransform_float_3_3
Parameters: 0.999999 0.000403487 0.000606341 -0.000404514 0.999999 0.000846754 -0.000606657 -0.000846244 0.999999 0.0247427 0.00228865 -0.111751
FixedParameters: 0 0 0

#Transform 50
Transform: AffineTransform_float_3_3
Parameters: 1 9.47648e-05 0.000201111 -9.42351e-05 1 0.00116998 -0.00020089 -0.00117002 1 0.0217263 0.0630906 -0.0965256
FixedParameters: 0 0 0

#Transform 51
Transform: AffineTransform_float_3_3
Parameters: 1 -0.000116145 0.000200916 0.000115855 0.999999 0.000722023 -0.000201084 -0.000721976 0.999999 0.0255596 0.066267 -0.0891529
FixedParameters: 0 0 0

#Transform 52
Transform: AffineTransform_float_3_3
Parameters: 1 0.000130781 0.000201142 -0.000131218 1 0.00108697 -0.000200858 -0.00108703 1 0.0321472 0.0231592 -0.0889736
FixedParameters: 0 0 0

#Transform 53
Transform: AffineTransform_float_3_3
Parameters: 1 -0.000116312 0.000440918 0.000115688 0.999999 0.000708051 -0.000441082 -0.000707948 0.999999 0.0311205 0.0483156 -0.075168
FixedParameters: 0 0 0

#Transform 54
Transform: AffineTransform_float_3_3
Parameters: 1 -0.000527997 0.000201006 0.000528002 1 -1.18939e-05 -0.000200994 1.21061e-05 1 0.025407 0.0520841 -0.0905543
FixedParameters: 0 0 0

#Transform 55
Transform: AffineTransform_float_3_3
Parameters: 1 -4.06295e-06 0.001028 3.93705e-06 1 0.00103401 -0.00102801 -0.001034 0.999999 0.052311 -0.00501041 -0.043572
FixedParameters: 0 0 0

#Transform 56
Transform: AffineTransform_float_3_3
Parameters: 1 -0.000528224 0.000255537 0.000528775 0.999999 0.000876134 -0.000256463 -0.000875864 0.999999 0.0423725 0.0480944 -0.0507948
FixedParameters: 0 0 0

#Transform 57
Transform: AffineTransform_float_3_3
Parameters: 1 -0.000528053 7.36161e-05 0.000528946 0.999999 0.000727039 -7.43845e-05 -0.00072696 0.999999 0.0202197 0.079591 -0.0657637
FixedParameters: 0 0 0

#Transform 58
Transform: AffineTransform_float_3_3
Parameters: 1 -0.000274696 0.000647706 0.000274305 1 0.00107318 -0.000648295 -0.00107382 0.999999 0.0452346 0.0283606 -0.0614954
FixedParameters: 0 0 0

#Transform 59
Transform: AffineTransform_float_3_3
Parameters: 0.999999 -0.000528714 0.000811535 0.000528285 0.999999 0.000879429 -0.000812465 -0.000879571 1 0.0367097 0.0418208 -0.0211827
FixedParameters: 0 0 0

#Transform 60
Transform: AffineTransform_float_3_3
Parameters: 1 -0.000673036 0.000150839 0.000672964 0.999999 0.000239101 -0.000151161 -0.000238898 1 0.0327555 0.0746832 -0.0362288
FixedParameters: 0 0 0

#Transform 61
Transform: AffineTransform_float_3_3
Parameters: 1 -2.32047e-05 0.000334986 2.27953e-05 1 0.000611007 -0.000335014 -0.000610992 1 0.0224213 0.0472758 -0.0702955
FixedParameters: 0 0 0

#Transform 62
Transform: AffineTransform_float_3_3
Parameters: 0.999999 -0.000380568 0.000704694 0.000380433 0.999999 0.000805268 -0.000704307 -0.000805732 1 0.0475069 0.0112317 -0.0550695
FixedParameters: 0 0 0

#Transform 63
Transform: AffineTransform_float_3_3
Parameters: 0.999999 -0.00084699 0.000451017 0.000847008 0.999999 -1.9618e-05 -0.000450983 2.0382e-05 1 0.0438698 0.0418466 -0.0334665
FixedParameters: 0 0 0

#Transform 64
Transform: AffineTransform_float_3_3
Parameters: 1 -0.000522256 0.000890851 0.000522745 1 0.000286466 -0.00089115 -0.000286535 0.999999 0.0645487 0.00985081 -0.0228397
FixedParameters: 0 0 0

#Transform 65
Transform: AffineTransform_float_3_3
Parameters: 1 -0.000463294 0.00101287 0.000462706 1 0.000290469 -0.00101313 -0.000289531 1 0.0762205 0.0179329 -0.00120182
FixedParameters: 0 0 0

#Transform 66
Transform: AffineTransform_float_3_3
Parameters: 0.999999 -0.000524178 0.00078188 0.000523821 1 0.00022841 -0.000782119 -0.00022759 0.999999 0.0608394 0.0731989 0.0291169
FixedParameters: 0 0 0

#Transform 67
Transform: AffineTransform_float_3_3
Parameters: 0.999999 -0.00046131 0.000545738 0.000461689 0.999999 0.000568252 -0.000546262 -0.000567748 0.999999 0.0332421 0.0717419 0.00288814
FixedParameters: 0 0 0

#Transform 68
Transform: AffineTransform_float_3_3
Parameters: 0.999999 -0.000149672 0.00122592 0.000148328 1 0.000548182 -0.00122608 -0.000547817 0.999999 0.0637025 -0.00539381 -0.0183439
FixedParameters: 0 0 0

#Transform 69
Transform: AffineTransform_float_3_3
Parameters: 1 -0.000420287 0.000912868 0.000419714 1 0.000313383 -0.000913132 -0.000313616 0.999999 0.0576268 0.0245414 -0.0300153
FixedParameters: 0 0 0

#Transform 70
Transform: AffineTransform_float_3_3
Parameters: 0.999999 -0.000846886 0.000514187 0.000847113 0.999999 -0.000220564 -0.000513813 0.000220435 1 0.047608 0.0529008 -0.0170851
FixedParameters: 0 0 0

#Transform 71
Transform: AffineTransform_float_3_3
Parameters: 1 -0.000497792 0.000914114 0.000498209 1 -0.000228545 -0.000914886 0.000228455 0.999999 0.0599792 0.0194567 -0.0146614
FixedParameters: 0 0 0

#Transform 72
Transform: AffineTransform_float_3_3
Parameters: 1 -0.000390452 0.00103783 0.000390548 1 0.000436406 -0.00103717 -0.000435595 1 0.0626273 -0.0145489 -0.0108857
FixedParameters: 0 0 0

#Transform 73
Transform: AffineTransform_float_3_3
Parameters: 1 -0.000663235 0.000847817 0.000662766 0.999999 0.000276562 -0.000848183 -0.000276437 0.999999 0.0589155 0.0181222 -0.0037777
FixedParameters: 0 0 0

#Transform 74
Transform: AffineTransform_float_3_3
Parameters: 0.999999 -0.000846946 0.000344131 0.000847053 0.999999 -0.000154708 -0.000343868 0.000155291 1 0.0487971 0.0450097 -0.0180739
FixedParameters: 0 0 0

#Transform 75
Transform: AffineTransform_float_3_3
Parameters: 0.999999 -0.000431922 0.000568059 0.000432078 1 -0.000136755 -0.000567941 0.000137245 1 0.0510991 0.0326796 -0.0363307
FixedParameters: 0 0 0

#Transform 76
Transform: AffineTransform_float_3_3
Parameters: 0.999999 -0.00031042 0.0012629 0.000309579 1 0.000333391 -0.0012631 -0.000332608 0.999999 0.0667036 -0.0138906 -0.0098883
FixedParameters: 0 0 0

#Transform 77
Transform: AffineTransform_float_3_3
Parameters: 1 -0.000535244 0.000993869 0.000534756 1 0.000245531 -0.000994131 -0.000245468 0.999999 0.05715 0.021197 0.00474785
FixedParameters: 0 0 0

#Transform 78
Transform: AffineTransform_float_3_3
Parameters: 1 -0.000846777 0.000645293 0.000847223 0.999999 -0.000345453 -0.000644707 0.000346546 0.999999 0.0548477 0.074863 -0.0113531
FixedParameters: 0 0 0

#Transform 79
Transform: AffineTransform_float_3_3
Parameters: 0.999999 -0.000545022 0.000785983 0.000544977 1 2.94283e-05 -0.000786015 -2.85716e-05 0.999999 0.0647738 0.036241 -0.0143657
FixedParameters: 0 0 0

#Transform 80
Transform: AffineTransform_float_3_3
Parameters: 0.999999 -0.000189045 0.00136699 0.000188955 1 3.32583e-05 -0.00136701 -3.27416e-05 0.999999 0.0808215 -0.000830627 0.0290155
FixedParameters: 0 0 0

#Transform 81
Transform: AffineTransform_float_3_3
Parameters: 0.999999 0.000135296 0.000785948 -0.000134704 1 -0.000377106 -0.00078605 0.000376894 0.999999 0.0503212 0.028028 -0.00262322
FixedParameters: 0 0 0

#Transform 82
Transform: AffineTransform_float_3_3
Parameters: 1 0.000477116 0.000346841 -0.000476884 1 -0.000334165 -0.000347159 0.000333834 1 0.0382217 0.0262116 -0.0276178
FixedParameters: 0 0 0

#Transform 83
Transform: AffineTransform_float_3_3
Parameters: 1 0.000555139 0.00100292 -0.00055486 1 -0.000139556 -0.00100308 0.000138443 0.999999 0.0473259 0.0128661 -0.00386162
FixedParameters: 0 0 0

#Transform 84
Transform: AffineTransform_float_3_3
Parameters: 0.999999 3.14016e-05 0.000785983 -3.05983e-05 1 -0.000511024 -0.000786015 0.000510975 0.999999 0.0426488 0.064026 0.01412
FixedParameters: 0 0 0

#Transform 85
Transform: AffineTransform_float_3_3
Parameters: 1 -0.000101524 0.000575084 0.000102477 0.999999 -0.000827941 -0.000575916 0.000828059 1 0.0473326 0.0471797 0.028843
FixedParameters: 0 0 0

#Transform 86
Transform: AffineTransform_float_3_3
Parameters: 1 0.000356588 0.00106981 -0.000356412 1 -0.000549382 -0.0010702 0.000549619 1 0.0608393 -0.0125767 0.0160661
FixedParameters: 0 0 0

#Transform 87
Transform: AffineTransform_float_3_3
Parameters: 0.999999 3.16779e-05 0.000973978 -3.13221e-05 1 -0.000696031 -0.000974022 0.00069597 1 0.0734976 0.0296151 0.0354813
FixedParameters: 0 0 0

#Transform 88
Transform: AffineTransform_float_3_3
Parameters: 0.999999 -0.000381122 0.000786426 0.000382879 1 -0.0011167 -0.000786573 0.0011163 0.999999 0.0722315 0.0480046 0.0521813
FixedParameters: 0 0 0

#Transform 89
Transform: AffineTransform_float_3_3
Parameters: 0.999999 -5.63413e-05 0.000786048 5.76586e-05 0.999999 -0.000837955 -0.000785952 0.000838045 1 0.0708206 -0.00539861 0.0596045
FixedParameters: 0 0 0

#Transform 90
Transform: AffineTransform_float_3_3
Parameters: 0.999999 5.43434e-05 0.000785976 -5.46565e-05 1 -0.000437043 -0.000786023 0.000436957 0.999999 0.0681847 0.0515644 0.0614503
FixedParameters: 0 0 0

#Transform 91
Transform: AffineTransform_float_3_3
Parameters: 1 0.000146515 0.000368796 -0.000146485 0.999999 -0.00139605 -0.000369205 0.00139595 0.999999 0.0432886 0.0501744 0.0702848
FixedParameters: 0 0 0

#Transform 92
Transform: AffineTransform_float_3_3
Parameters: 1 4.76647e-05 0.000503938 -4.73352e-05 0.999999 -0.00131902 -0.000504063 0.00131898 0.999999 0.0603506 0.023736 0.0493563
FixedParameters: 0 0 0

#Transform 93
Transform: AffineTransform_float_3_3
Parameters: 0.999999 0.000675798 0.00113152 -0.000675204 1 -0.000704765 -0.00113148 0.000704236 0.999999 0.073236 -0.0333546 0.0561348
FixedParameters: 0 0 0

#Transform 94
Transform: AffineTransform_float_3_3
Parameters: 0.999999 0.000215301 0.000838667 -0.000213698 0.999999 -0.00155118 -0.000839332 0.00155082 0.999999 0.0705517 0.00737673 0.0504626
FixedParameters: 0 0 0

#Transform 95
Transform: AffineTransform_float_3_3
Parameters: 1 -8.90229e-05 0.000424206 8.99767e-05 0.999998 -0.00230396 -0.000423794 0.00230404 0.999998 0.0653424 0.037855 0.0713984
FixedParameters: 0 0 0

#Transform 96
Transform: AffineTransform_float_3_3
Parameters: 0.999999 0.000387269 0.000838414 -0.00038573 0.999999 -0.00151332 -0.000839584 0.00151367 0.999998 0.0697378 -0.0188239 0.0514871
FixedParameters: 0 0 0

#Transform 97
Transform: AffineTransform_float_3_3
Parameters: 0.999999 0.000515315 0.00121144 -0.000513687 1 -0.00108462 -0.00121156 0.00108438 0.999998 0.0753503 -0.0140324 0.0559292
FixedParameters: 0 0 0

#Transform 98
Transform: AffineTransform_float_3_3
Parameters: 0.999999 0.00017109 0.000783762 -0.000169911 0.999999 -0.00139113 -0.000783237 0.00139087 0.999998 0.078135 0.050235 0.070187
FixedParameters: 0 0 0

#Transform 99
Transform: AffineTransform_float_3_3
Parameters: 1 0.000131098 0.000580753 -0.000129903 0.999998 -0.00189108 -0.000580247 0.00189092 0.999998 0.0778519 0.0622187 0.0674423
FixedParameters: 0 0 0

#Transform 100
Transform: AffineTransform_float_3_3
Parameters: 1 0.000418595 0.0011114 -0.000416406 0.999999 -0.00143446 -0.0011116 0.00143454 0.999999 0.0769627 0.00326811 0.0640149
FixedParameters: 0 0 0

#Transform 101
Transform: AffineTransform_float_3_3
Parameters: 1 0.000363416 0.00098748 -0.000362584 0.999999 -0.00143436 -0.000987521 0.00143364 0.999998 0.0792456 -0.0102105 0.0927706
FixedParameters: 0 0 0

#Transform 102
Transform: AffineTransform_float_3_3
Parameters: 0.999999 0.000257494 0.000796518 -0.000255508 0.999998 -0.0018742 -0.00079648 0.0018748 0.999998 0.0943189 0.0293548 0.0599268
FixedParameters: 0 0 0

#Transform 103
Transform: AffineTransform_float_3_3
Parameters: 0.999999 -0.000343508 0.00124669 0.000346493 0.999998 -0.00199957 -0.00124631 0.00199943 0.999997 0.200273 0.0138365 0.0333964
FixedParameters: 0 0 0

#Transform 104
Transform: AffineTransform_float_3_3
Parameters: 0.999998 0.000429457 0.0019079 -0.000428543 1 -0.000239818 -0.0019081 0.000239181 0.999998 0.119301 0.0126193 0.0245876
FixedParameters: 0 0 0

#Transform 105
Transform: AffineTransform_float_3_3
Parameters: 0.999998 0.000429668 0.00163009 -0.00043033 1 0.000202299 -0.00162991 -0.000203701 0.999998 0.115026 0.0485473 0.0457704
FixedParameters: 0 0 0

#Transform 106
Transform: AffineTransform_float_3_3
Parameters: 0.999999 -0.000200257 0.00135296 0.000199743 1 0.00019027 -0.00135304 -0.000189729 0.999999 0.101503 0.110313 0.0301256
FixedParameters: 0 0 0

#Transform 107
Transform: AffineTransform_float_3_3
Parameters: 0.999999 0.000165454 0.00146706 -0.000166546 1 0.000371756 -0.00146694 -0.000372243 0.999999 0.107213 0.0753744 0.018208
FixedParameters: 0 0 0

#Transform 108
Transform: AffineTransform_float_3_3
Parameters: 0.999998 0.00039282 0.00170827 -0.000394179 0.999999 0.000690328 -0.00170773 -0.000690672 0.999999 0.11184 0.0774945 0.0650818
FixedParameters: 0 0 0

#Transform 109
Transform: AffineTransform_float_3_3
Parameters: 0.999999 -0.000290632 0.00135286 0.000289368 1 0.000467392 -0.00135314 -0.000466607 0.999999 0.101923 0.137106 0.0668549
FixedParameters: 0 0 0

#Transform 110
Transform: AffineTransform_float_3_3
Parameters: 0.999999 -1.54762e-05 0.00135299 1.45237e-05 1 0.00035202 -0.00135301 -0.000351979 0.999999 0.102069 0.118398 0.0466615
FixedParameters: 0 0 0

#Transform 111
Transform: AffineTransform_float_3_3
Parameters: 0.999999 0.000778544 0.001683 -0.000784456 0.999993 0.00383869 -0.00168 -0.00384032 0.999991 0.140945 0.0998244 0.0186438
FixedParameters: 0 0 0

#Transform 112
Transform: AffineTransform_float_3_3
Parameters: 0.999996 -0.00148556 0.00236087 0.00149844 0.999985 -0.00527648 -0.00235312 0.00528052 0.999984 0.198014 0.0321275 1.05927
FixedParameters: 0 0 0

#Transform 113
Transform: AffineTransform_float_3_3
Parameters: 0.999993 -0.00124437 0.00338356 0.00125463 0.999995 -0.00284477 -0.00338044 0.00284823 0.99999 0.221612 -0.0120675 0.954991
FixedParameters: 0 0 0

#Transform 114
Transform: AffineTransform_float_3_3
Parameters: 0.999994 -0.00127302 0.00329187 0.00128297 0.999994 -0.00302979 -0.00328812 0.0030342 0.99999 0.217764 0.0295423 0.887399
FixedParameters: 0 0 0

#Transform 115
Transform: AffineTransform_float_3_3
Parameters: 0.999994 -0.00175579 0.00294451 0.00176521 0.999993 -0.00312682 -0.00293949 0.00313218 0.999991 0.208148 0.0322909 0.874417
FixedParameters: 0 0 0

#Transform 116
Transform: AffineTransform_float_3_3
Parameters: 0.999992 -0.00175786 0.00355154 0.00176514 0.999997 -0.00200875 -0.00354745 0.00201525 0.999991 0.236969 -0.0314507 0.904318
FixedParameters: 0 0 0

#Transform 117
Transform: AffineTransform_float_3_3
Parameters: 0.999995 -0.00157449 0.00297546 0.00158151 0.999997 -0.00218831 -0.00297154 0.00219269 0.999993 0.208657 0.0176488 0.930143
FixedParameters: 0 0 0

#Transform 118
Transform: AffineTransform_float_3_3
Parameters: 0.999993 -0.0018903 0.00306215 0.0018967 0.999996 -0.00218721 -0.00305785 0.00219279 0.999993 0.207621 0.0520622 0.910366
FixedParameters: 0 0 0

#Transform 119
Transform: AffineTransform_float_3_3
Parameters: 0.99999 -0.00120081 0.0041498 0.00120719 0.999998 -0.001489 -0.0041482 0.001494 0.999991 0.231517 0.00854324 0.89715
FixedParameters: 0 0 0

#Transform 120
Transform: AffineTransform_float_3_3
Parameters: 0.999991 -0.00161957 0.00393024 0.00162543 0.999997 -0.00137962 -0.00392776 0.00138537 0.999992 0.243876 0.00168431 0.904872
FixedParameters: 0 0 0

#Transform 121
Transform: AffineTransform_float_3_3
Parameters: 0.999993 -0.00178612 0.00327232 0.00179389 0.999996 -0.00240815 -0.00326868 0.00241386 0.999991 0.225878 0.0406483 0.904651
FixedParameters: 0 0 0

#Transform 122
Transform: AffineTransform_float_3_3
Parameters: 0.999993 -0.00172899 0.0034705 0.00173801 0.999995 -0.00259399 -0.0034665 0.00260001 0.99999 0.235552 0.010337 0.891312
FixedParameters: 0 0 0

#Transform 123
Transform: AffineTransform_float_3_3
Parameters: 0.999991 -0.00117114 0.00397591 0.00118086 0.999996 -0.00247733 -0.00397308 0.00248268 0.999989 0.247016 -0.0302157 0.914787
FixedParameters: 0 0 0

#Transform 124
Transform: AffineTransform_float_3_3
Parameters: 0.999991 -0.00202672 0.00375257 0.00203629 0.999994 -0.00273938 -0.00374643 0.00274662 0.999989 0.232911 0.019445 0.944647
FixedParameters: 0 0 0

#Transform 125
Transform: AffineTransform_float_3_3
Parameters: 0.999992 -0.00195991 0.00347727 0.00197109 0.999993 -0.00318817 -0.00347173 0.00319483 0.999989 0.224179 0.0069896 0.937512
FixedParameters: 0 0 0

#Transform 126
Transform: AffineTransform_float_3_3
Parameters: 0.999989 -0.00145361 0.00443775 0.00146439 0.999995 -0.00256353 -0.00443425 0.00257047 0.999987 0.265616 -0.0579531 0.932649
FixedParameters: 0 0 0

#Transform 127
Transform: AffineTransform_float_3_3
Parameters: 0.99999 -0.00172024 0.0040804 0.00173276 0.999993 -0.00312496 -0.0040746 0.00313204 0.999987 0.256675 -0.0327875 0.980005
FixedParameters: 0 0 0

#Transform 128
Transform: AffineTransform_float_3_3
Parameters: 0.999992 -0.00202644 0.00339732 0.00203656 0.999993 -0.00310711 -0.00339068 0.0031139 0.99999 0.246736 0.00605917 0.957581
FixedParameters: 0 0 0

#Transform 129
Transform: AffineTransform_float_3_3
Parameters: 0.999992 -0.00149152 0.00375058 0.00150247 0.999994 -0.00305839 -0.00374542 0.00306461 0.999989 0.240692 -0.0311263 0.948996
FixedParameters: 0 0 0

#Transform 130
Transform: AffineTransform_float_3_3
Parameters: 0.999989 -0.00137641 0.0043277 0.00138859 0.999996 -0.00267602 -0.00432429 0.00268198 0.999987 0.245884 -0.0351807 0.98746
FixedParameters: 0 0 0

#Transform 131
Transform: AffineTransform_float_3_3
Parameters: 0.999992 -0.00177381 0.00342881 0.00178519 0.999993 -0.0032629 -0.00342319 0.0032681 0.999989 0.223045 0.0240936 0.968881
FixedParameters: 0 0 0

#Transform 132
Transform: AffineTransform_float_3_3
Parameters: 0.999991 -0.00202346 0.00370842 0.00203654 0.999992 -0.00365148 -0.00370158 0.00365953 0.999987 0.233043 0.00488693 0.97328
FixedParameters: 0 0 0

#Transform 133
Transform: AffineTransform_float_3_3
Parameters: 0.999991 -0.00171108 0.00383878 0.00172392 0.999993 -0.00336441 -0.00383322 0.00337059 0.999987 0.237807 -0.0498524 0.987918
FixedParameters: 0 0 0

#Transform 134
Transform: AffineTransform_float_3_3
Parameters: 0.999991 -0.00195182 0.00382923 0.00196418 0.999993 -0.00317951 -0.00382376 0.00318749 0.999987 0.23846 -0.0420371 1.03369
FixedParameters: 0 0 0

#Transform 135
Transform: AffineTransform_float_3_3
Parameters: 0.999993 -0.00184589 0.0032854 0.00185911 0.999991 -0.00399092 -0.0032786 0.00399708 0.999986 0.221272 -0.0153594 1.03201
FixedParameters: 0 0 0

#Transform 136
Transform: AffineTransform_float_3_3
Parameters: 0.999994 -0.00161792 0.00308091 0.00163108 0.999989 -0.004248 -0.0030741 0.004253 0.999986 0.239836 -0.0692319 0.920304
FixedParameters: 0 0 0

#Transform 137
Transform: AffineTransform_float_3_3
Parameters: 0.999989 -0.00201385 0.00424761 0.00206715 0.999919 -0.0125454 -0.00422239 0.0125536 0.999913 0.255987 -0.192858 1.18365
FixedParameters: 0 0 0

#Transform 138
Transform: AffineTransform_float_3_3
Parameters: 0.999991 -0.00130792 0.00408107 0.00136608 0.999898 -0.0142616 -0.00406193 0.0142664 0.99989 0.226378 -0.278432 1.11528
FixedParameters: 0 0 0

#Transform 139
Transform: AffineTransform_float_3_3
Parameters: 0.999991 -0.00165578 0.00391768 0.00171223 0.999891 -0.0146484 -0.00389333 0.0146546 0.999885 0.225281 -0.28318 1.10036
FixedParameters: 0 0 0

#Transform 140
Transform: AffineTransform_float_3_3
Parameters: 0.999991 -0.00177649 0.00380042 0.00183351 0.999883 -0.0151842 -0.00377259 0.0151908 0.999877 0.238909 -0.364408 1.16933
FixedParameters: 0 0 0

#Transform 141
Transform: AffineTransform_float_3_3
Parameters: 0.999989 -0.00262089 0.00376896 0.00268311 0.999859 -0.0165701 -0.00372504 0.0165799 0.999855 0.257395 -0.357123 1.16872
FixedParameters: 0 0 0

#Transform 142
Transform: AffineTransform_float_3_3
Parameters: 0.999991 -0.00227306 0.00364932 0.00233495 0.999851 -0.0170596 -0.00361068 0.0170684 0.999848 0.229152 -0.4023 1.14922
FixedParameters: 0 0 0

#Transform 143
Transform: AffineTransform_float_3_3
Parameters: 0.999988 -0.00202139 0.00450067 0.00209961 0.999848 -0.0173058 -0.00446532 0.0173152 0.99984 0.260076 -0.476908 1.21209
FixedParameters: 0 0 0

#Transform 144
Transform: AffineTransform_float_3_3
Parameters: 0.99999 -0.00238671 0.00395862 0.00245628 0.999842 -0.0175925 -0.00391539 0.0176015 0.999838 0.242298 -0.425486 1.21836
FixedParameters: 0 0 0

#Transform 145
Transform: AffineTransform_float_3_3
Parameters: 0.999989 -0.00260343 0.00388029 0.00267359 0.999829 -0.0182948 -0.00383272 0.0183052 0.999825 0.242288 -0.435765 1.19731
FixedParameters: 0 0 0

#Transform 146
Transform: AffineTransform_float_3_3
Parameters: 0.999988 -0.00206297 0.00428444 0.00213702 0.999848 -0.0173461 -0.00424756 0.017355 0.999841 0.245303 -0.474067 1.16577
FixedParameters: 0 0 0

#Transform 147
Transform: AffineTransform_float_3_3
Parameters: 0.999988 -0.00190735 0.00454832 0.00199367 0.999815 -0.0191242 -0.00451169 0.0191328 0.999807 0.241339 -0.525596 1.19147
FixedParameters: 0 0 0

#Transform 148
Transform: AffineTransform_float_3_3
Parameters: 0.99999 -0.00265018 0.00364483 0.00272382 0.999788 -0.0203993 -0.00359017 0.0204087 0.999786 0.223315 -0.501816 1.22822
FixedParameters: 0 0 0

#Transform 149
Transform: AffineTransform_float_3_3
Parameters: 0.999987 -0.00323998 0.00399571 0.00331701 0.999806 -0.019423 -0.00393129 0.019436 0.999804 0.234207 -0.486033 1.28826
FixedParameters: 0 0 0

#Transform 150
Transform: AffineTransform_float_3_3
Parameters: 0.999985 -0.00285168 0.00468052 0.00294431 0.999799 -0.0198385 -0.00462248 0.0198515 0.999792 0.257586 -0.558688 1.3332
FixedParameters: 0 0 0

#Transform 151
Transform: AffineTransform_float_3_3
Parameters: 0.999987 -0.00308772 0.00400322 0.00316829 0.999791 -0.0202036 -0.00394077 0.0202164 0.999788 0.244363 -0.53661 1.28379
FixedParameters: 0 0 0

#Transform 152
Transform: AffineTransform_float_3_3
Parameters: 0.999986 -0.00327579 0.00411776 0.00335822 0.999792 -0.0201195 -0.00405123 0.0201326 0.999789 0.23574 -0.501543 1.23381
FixedParameters: 0 0 0

#Transform 153
Transform: AffineTransform_float_3_3
Parameters: 0.999985 -0.00223565 0.0048766 0.00231835 0.999853 -0.0169469 -0.00483839 0.0169581 0.999845 0.25811 -0.465216 1.29015
FixedParameters: 0 0 0

#Transform 154
Transform: AffineTransform_float_3_3
Parameters: 0.999981 0.000231569 0.00625891 -0.00019944 0.999988 -0.00504335 -0.00625909 0.00504265 0.999967 0.216301 -0.287551 0.799985
FixedParameters: 0 0 0

#Transform 155
Transform: AffineTransform_float_3_3
Parameters: 0.999979 -0.00343901 0.00561655 0.00349801 0.999939 -0.0105286 -0.00558045 0.0105474 0.999929 0.253004 -0.230786 0.877722
FixedParameters: 0 0 0

#Transform 156
Transform: AffineTransform_float_3_3
Parameters: 0.99998 -0.00423122 0.00468865 0.00429077 0.999908 -0.0128141 -0.00463336 0.0128339 0.999907 0.247989 -0.266258 0.978828
FixedParameters: 0 0 0

#Transform 157
Transform: AffineTransform_float_3_3
Parameters: 0.99998 -0.00429052 0.00455391 0.00434646 0.999915 -0.0122434 -0.00450008 0.0122625 0.999914 0.240195 -0.256967 0.977788
FixedParameters: 0 0 0

#Transform 158
Transform: AffineTransform_float_3_3
Parameters: 0.999981 -0.00409042 0.0047346 0.00414558 0.999922 -0.0117896 -0.00468541 0.0118094 0.99992 0.242029 -0.317556 0.976149
FixedParameters: 0 0 0

#Transform 159
Transform: AffineTransform_float_3_3
Parameters: 0.999979 -0.00375664 0.00515725 0.00382235 0.999912 -0.0127225 -0.00510874 0.0127424 0.999906 0.250081 -0.365486 1.04142
FixedParameters: 0 0 0

#Transform 160
Transform: AffineTransform_float_3_3
Parameters: 0.999977 -0.00481031 0.00467554 0.00487568 0.999888 -0.0141405 -0.00460646 0.0141625 0.999889 0.23367 -0.34688 1.0115
FixedParameters: 0 0 0

#Transform 161
Transform: AffineTransform_float_3_3
Parameters: 0.999977 -0.00494936 0.00468066 0.00501863 0.999879 -0.0147689 -0.00460632 0.0147921 0.99988 0.236122 -0.364645 1.00841
FixedParameters: 0 0 0

#Transform 162
Transform: AffineTransform_float_3_3
Parameters: 0.999973 -0.0044452 0.00574721 0.0045268 0.999888 -0.0143004 -0.00568279 0.0143256 0.999881 0.261041 -0.391941 1.03967
FixedParameters: 0 0 0

#Transform 163
Transform: AffineTransform_float_3_3
Parameters: 0.999976 -0.00425609 0.00549267 0.0043319 0.999894 -0.0138836 -0.00543233 0.0139075 0.999889 0.262771 -0.409834 1.06567
FixedParameters: 0 0 0

#Transform 164
Transform: AffineTransform_float_3_3
Parameters: 0.999977 -0.0045334 0.00516789 0.0046036 0.999898 -0.0135355 -0.0051061 0.0135595 0.999895 0.251609 -0.338434 1.04258
FixedParameters: 0 0 0

#Transform 165
Transform: AffineTransform_float_3_3
Parameters: 0.999976 -0.00466796 0.00499447 0.00473603 0.999895 -0.0136987 -0.00492953 0.0137223 0.999893 0.256837 -0.305252 1.0467
FixedParameters: 0 0 0

#Transform 166
Transform: AffineTransform_float_3_3
Parameters: 0.999973 -0.00452815 0.00566861 0.00460285 0.999902 -0.0132613 -0.00560839 0.0132868 0.999896 0.283707 -0.319741 1.05263
FixedParameters: 0 0 0

#Transform 167
Transform: AffineTransform_float_3_3
Parameters: 0.999974 -0.00425318 0.00585781 0.00432982 0.999906 -0.012992 -0.00580218 0.013017 0.999899 0.286319 -0.371017 1.12999
FixedParameters: 0 0 0

#Transform 168
Transform: AffineTransform_float_3_3
Parameters: 0.999975 -0.00438431 0.00552008 0.00445369 0.999909 -0.0126767 -0.00546393 0.0127013 0.999905 0.281482 -0.349293 1.14276
FixedParameters: 0 0 0

#Transform 169
Transform: AffineTransform_float_3_3
Parameters: 0.999976 -0.00446331 0.00516428 0.00453068 0.999903 -0.0131699 -0.00510472 0.0131931 0.9999 0.275386 -0.305856 1.08512
FixedParameters: 0 0 0

#Transform 170
Transform: AffineTransform_float_3_3
Parameters: 0.999977 -0.0044029 0.00501481 0.00446909 0.999903 -0.0132469 -0.00495518 0.0132691 0.999899 0.260106 -0.293776 1.01485
FixedParameters: 0 0 0

#Transform 171
Transform: AffineTransform_float_3_3
Parameters: 0.999977 -0.00456032 0.00501466 0.00462367 0.999908 -0.0127611 -0.00495535 0.0127839 0.999906 0.256991 -0.30399 1.06876
FixedParameters: 0 0 0

#Transform 172
Transform: AffineTransform_float_3_3
Parameters: 0.999978 -0.00374489 0.00546699 0.00381411 0.999912 -0.0126864 -0.00541901 0.0127076 0.999904 0.262148 -0.333117 1.10413
FixedParameters: 0 0 0

#Transform 173
Transform: AffineTransform_float_3_3
Parameters: 0.999978 -0.00459822 0.0049224 0.00466078 0.999907 -0.0128193 -0.0048626 0.0128416 0.999905 0.252214 -0.292026 1.05466
FixedParameters: 0 0 0

#Transform 174
Transform: AffineTransform_float_3_3
Parameters: 0.999975 -0.00484092 0.00502057 0.00490708 0.999901 -0.0132357 -0.00495543 0.0132593 0.9999 0.259117 -0.288002 1.03529
FixedParameters: 0 0 0

#Transform 175
Transform: AffineTransform_float_3_3
Parameters: 0.999977 -0.00459378 0.00501837 0.00466122 0.999899 -0.0134669 -0.00495562 0.0134901 0.999896 0.27329 -0.27873 1.06143
FixedParameters: 0 0 0

#Transform 176
Transform: AffineTransform_float_3_3
Parameters: 0.999975 -0.00450543 0.00540603 0.00457257 0.999911 -0.0125516 -0.00534897 0.0125764 0.999906 0.281776 -0.315726 1.10524
FixedParameters: 0 0 0

#Transform 177
Transform: AffineTransform_float_3_3
Parameters: 0.999975 -0.00450955 0.0055777 0.00457945 0.999909 -0.0126828 -0.00552031 0.0127082 0.999904 0.29048 -0.362048 1.17382
FixedParameters: 0 0 0

#Transform 178
Transform: AffineTransform_float_3_3
Parameters: 0.999977 -0.00460482 0.00501755 0.00467117 0.999901 -0.0132579 -0.00495545 0.0132811 0.9999 0.277055 -0.312419 1.12962
FixedParameters: 0 0 0

#Transform 179
Transform: AffineTransform_float_3_3
Parameters: 0.999977 -0.00473555 0.00497702 0.00480545 0.99989 -0.0140364 -0.00490998 0.0140606 0.999889 0.270763 -0.309606 1.10574
FixedParameters: 0 0 0
