# transform file /out/sourcedata/freesurfer/sub-v1s15x0050185_ses-1/mri/transforms/cc_up.lta
# created by oesteban on Sun Mar  8 21:45:15 2026

type      = 0 # LINEAR_VOX_TO_VOX
nxforms   = 1
mean      = 129.0000 89.0000 138.0000
sigma     = 10000.0000
1 4 4
9.968327879905701e-01 -1.061532553285360e-02 7.881466299295425e-02 -9.517239570617676e+00 
1.058230083435774e-02 9.999436736106873e-01 8.366904221475124e-04 5.153590011596680e+01 
-7.881910353899002e-02 0.000000000000000e+00 9.968889951705933e-01 2.511943101882935e+00 
0.000000000000000e+00 0.000000000000000e+00 0.000000000000000e+00 1.000000000000000e+00 
src volume info
valid = 1  # volume info valid
filename = /out/sourcedata/freesurfer/sub-v1s15x0050185_ses-1/mri/norm.mgz
volume = 256 256 256
voxelsize = 1.000000000000000e+00 1.000000000000000e+00 1.000000000000000e+00
xras   = -1.000000000000000e+00 0.000000000000000e+00 0.000000000000000e+00
yras   = 0.000000000000000e+00 0.000000000000000e+00 -1.000000000000000e+00
zras   = 0.000000000000000e+00 1.000000000000000e+00 0.000000000000000e+00
cras   = 4.718498229980469e+00 2.375000000000000e+00 -7.000000000000000e+00
dst volume info
valid = 1  # volume info valid
filename = /out/sourcedata/freesurfer/sub-v1s15x0050185_ses-1/mri/norm.mgz
volume = 256 256 256
voxelsize = 1.000000000000000e+00 1.000000000000000e+00 1.000000000000000e+00
xras   = -1.000000000000000e+00 0.000000000000000e+00 0.000000000000000e+00
yras   = 0.000000000000000e+00 0.000000000000000e+00 -1.000000000000000e+00
zras   = 0.000000000000000e+00 1.000000000000000e+00 0.000000000000000e+00
cras   = 4.718498229980469e+00 2.375000000000000e+00 -7.000000000000000e+00
