#Insight Transform File V1.0
#Transform 0
Transform: AffineTransform_float_3_3
Parameters: 0.999999 0.000611312 0.000719585 -0.000611689 1 0.000956561 -0.000719415 -0.000956441 1 -0.0175153 -0.0424367 -0.0529741
FixedParameters: 0 0 0

#Transform 1
Transform: AffineTransform_float_3_3
Parameters: 1 0.000700075 0.000840771 -0.000700926 0.999999 0.00110041 -0.000840229 -0.00110159 0.999999 -0.0201556 -0.0362302 -0.032361
FixedParameters: 0 0 0

#Transform 2
Transform: AffineTransform_float_3_3
Parameters: 0.999999 0.000622432 0.000708499 -0.000622567 0.999999 0.000801559 -0.000707501 -0.000801441 1 -0.0174483 -0.0401013 -0.0228508
FixedParameters: 0 0 0

#Transform 3
Transform: AffineTransform_float_3_3
Parameters: 0.999999 0.000389416 0.000612372 -0.000389585 1 0.000953762 -0.000612629 -0.00095424 1 -0.0286274 -0.041968 -0.070692
FixedParameters: 0 0 0

#Transform 4
Transform: AffineTransform_float_3_3
Parameters: 0.999999 0.000538075 0.000840592 -0.000538925 0.999999 0.00110055 -0.000840407 -0.00110145 0.999999 -0.0500032 -0.0363534 -0.0689198
FixedParameters: 0 0 0

#Transform 5
Transform: AffineTransform_float_3_3
Parameters: 1 0.00033287 0.00102637 -0.00033413 1 0.00110066 -0.00102563 -0.00110134 0.999999 -0.0424726 -0.0440828 -0.0855281
FixedParameters: 0 0 0

#Transform 6
Transform: AffineTransform_float_3_3
Parameters: 0.999999 -0.00026059 0.000839508 0.000258412 0.999998 0.00189222 -0.00083949 -0.00189278 0.999998 -0.0326177 -0.0104839 -0.0109716
FixedParameters: 0 0 0

#Transform 7
Transform: AffineTransform_float_3_3
Parameters: 0.999998 -0.00214322 -0.000781846 0.00214978 0.999959 0.00877834 0.000763155 -0.00878066 0.999961 -0.00747538 -0.0488455 0.179562
FixedParameters: 0 0 0

#Transform 8
Transform: AffineTransform_float_3_3
Parameters: 0.999999 -0.00153259 0.000297905 0.0015314 0.999985 0.00528446 -0.000306096 -0.00528354 0.999986 -0.0196854 -0.0208102 0.0877716
FixedParameters: 0 0 0

#Transform 9
Transform: AffineTransform_float_3_3
Parameters: 0.999999 -0.000755627 0.000326258 0.000754375 0.999988 0.00495725 -0.000329743 -0.00495675 0.999987 -0.036131 -0.0412852 0.00537537
FixedParameters: 0 0 0

#Transform 10
Transform: AffineTransform_float_3_3
Parameters: 1 -0.000459493 0.000330936 0.000457506 0.99999 0.00449915 -0.000333062 -0.00449885 0.99999 -0.0232976 -0.0455317 0.00978902
FixedParameters: 0 0 0

#Transform 11
Transform: AffineTransform_float_3_3
Parameters: 0.999999 -0.000858905 -2.54186e-05 0.000858092 0.999991 0.00397998 2.15849e-05 -0.00398002 0.999992 -0.00217105 0.000252795 0.0456647
FixedParameters: 0 0 0

#Transform 12
Transform: AffineTransform_float_3_3
Parameters: 1 -0.000395098 2.97271e-05 0.000394901 0.999994 0.00322201 -3.12725e-05 -0.00322199 0.999995 -0.0195766 -0.00384495 0.0368829
FixedParameters: 0 0 0

#Transform 13
Transform: AffineTransform_float_3_3
Parameters: 1 -0.000395099 2.9707e-05 0.000394899 0.999994 0.00327301 -3.12927e-05 -0.00327299 0.999994 -0.0140386 -0.0124176 -0.00745884
FixedParameters: 0 0 0

#Transform 14
Transform: AffineTransform_float_3_3
Parameters: 0.999999 -0.000643298 0.00040997 0.000641701 0.999995 0.00315926 -0.000412029 -0.00315874 0.999995 -0.0222331 -0.00199594 -0.0147644
FixedParameters: 0 0 0

#Transform 15
Transform: AffineTransform_float_3_3
Parameters: 1 -0.000395107 2.96011e-05 0.000394891 0.999993 0.00354101 -3.13985e-05 -0.00354099 0.999993 -0.019591 0.021903 0.0286965
FixedParameters: 0 0 0

#Transform 16
Transform: AffineTransform_float_3_3
Parameters: 1 0.000113465 0.000437401 -0.000115534 0.999994 0.00351095 -0.000436597 -0.00351105 0.999993 -0.00205712 0.0200381 0.0639511
FixedParameters: 0 0 0

#Transform 17
Transform: AffineTransform_float_3_3
Parameters: 0.999999 -0.000396611 0.000645012 0.000394389 0.999997 0.00249625 -0.000645986 -0.00249574 0.999996 -0.00903553 -0.0167293 -0.0761227
FixedParameters: 0 0 0

#Transform 18
Transform: AffineTransform_float_3_3
Parameters: 1 -0.000151351 0.000645684 0.000149648 0.999998 0.0020921 -0.000646314 -0.0020919 0.999997 -0.0130531 -0.011488 -0.108235
FixedParameters: 0 0 0

#Transform 19
Transform: AffineTransform_float_3_3
Parameters: 0.999999 -0.000395445 0.000645727 0.000394554 0.999999 0.000689254 -0.000646271 -0.000688744 0.999999 0.000780878 -0.00776122 -0.0808442
FixedParameters: 0 0 0

#Transform 20
Transform: AffineTransform_float_3_3
Parameters: 1 0.000138961 0.000120045 -0.000139039 1 0.000326983 -0.000119955 -0.000327017 1 0.00451311 -0.00361739 0.0119475
FixedParameters: 0 0 0

#Transform 21
Transform: AffineTransform_float_3_3
Parameters: 1 -0.000981453 -0.000247208 0.000981546 0.999998 -0.00182624 0.000249793 0.00182576 0.999999 0.0383217 0.0298577 0.0945372
FixedParameters: 0 0 0

#Transform 22
Transform: AffineTransform_float_3_3
Parameters: 0.999999 -0.00105725 0.000847194 0.00105876 0.999998 -0.00207211 -0.000845808 0.0020729 0.999998 -0.0101381 0.017443 -0.0564588
FixedParameters: 0 0 0

#Transform 23
Transform: AffineTransform_float_3_3
Parameters: 1 -0.00060796 0.000981268 0.00061004 0.999997 -0.0020804 -0.000979734 0.0020806 0.999998 -0.0550832 0.0167585 -0.0458058
FixedParameters: 0 0 0

#Transform 24
Transform: AffineTransform_float_3_3
Parameters: 0.999999 -0.000609009 0.000605996 0.00060999 0.999998 -0.00163563 -0.000605002 0.00163637 0.999998 -0.0369999 -0.00974774 -0.0955421
FixedParameters: 0 0 0

#Transform 25
Transform: AffineTransform_float_3_3
Parameters: 1 -0.000609407 0.000301202 0.000609592 0.999998 -0.00197082 -0.000299799 0.00197118 0.999998 -0.0148825 -0.00232456 -0.0990768
FixedParameters: 0 0 0

#Transform 26
Transform: AffineTransform_float_3_3
Parameters: 1 -0.000410627 0.00023266 0.000411373 0.999998 -0.0016059 -0.00023234 0.00160509 0.999998 -0.0290479 0.00982537 -0.037446
FixedParameters: 0 0 0

#Transform 27
Transform: AffineTransform_float_3_3
Parameters: 1 -0.000429524 0.000264774 0.000430475 0.999999 -0.00180189 -0.000263225 0.00180211 0.999999 -0.0250235 0.00831474 -0.0549894
FixedParameters: 0 0 0

#Transform 28
Transform: AffineTransform_float_3_3
Parameters: 1 -0.000549921 4.00906e-05 0.000550078 0.999998 -0.00198298 -3.89093e-05 0.00198302 0.999998 -0.0245436 -0.00485071 -0.128067
FixedParameters: 0 0 0

#Transform 29
Transform: AffineTransform_float_3_3
Parameters: 1 -0.000609924 4.0162e-05 0.000610075 0.999998 -0.00190498 -3.88379e-05 0.00190502 0.999998 -0.0238499 -0.00602236 -0.0547756
FixedParameters: 0 0 0

#Transform 30
Transform: AffineTransform_float_3_3
Parameters: 1 -0.000609454 0.000287161 0.000609547 0.999998 -0.00190483 -0.00028684 0.00190418 0.999998 -0.035281 0.000178647 -0.0858265
FixedParameters: 0 0 0

#Transform 31
Transform: AffineTransform_float_3_3
Parameters: 1 -0.000609804 0.000103162 0.000610197 0.999998 -0.00190494 -0.000102838 0.00190506 0.999998 -0.0382477 0.0155149 -0.14561
FixedParameters: 0 0 0

#Transform 32
Transform: AffineTransform_float_3_3
Parameters: 1 -0.000557888 4.05667e-05 0.00055811 0.999996 -0.00280798 -3.8433e-05 0.00280802 0.999996 -0.0245193 0.0356221 -0.0600617
FixedParameters: 0 0 0

#Transform 33
Transform: AffineTransform_float_3_3
Parameters: 1 -0.000610989 -0.000351286 0.000610012 0.999996 -0.00280821 0.000352714 0.00280778 0.999996 -0.0182124 0.0346128 -0.0435476
FixedParameters: 0 0 0

#Transform 34
Transform: AffineTransform_float_3_3
Parameters: 1 -0.000458911 4.0035e-05 0.000459089 0.999998 -0.00225498 -3.89649e-05 0.00225502 0.999998 -0.0256084 0.0436925 0.0149329
FixedParameters: 0 0 0

#Transform 35
Transform: AffineTransform_float_3_3
Parameters: 1 -0.000197921 -0.000429577 0.000197078 0.999997 -0.00214208 0.000430423 0.00214191 0.999997 -0.00913198 0.014453 -0.0485273
FixedParameters: 0 0 0

#Transform 36
Transform: AffineTransform_float_3_3
Parameters: 0.999999 -0.000608868 0.000467477 0.00061013 0.999997 -0.00242372 -0.000465522 0.00242428 0.999997 -0.0301112 0.0264409 -0.0787624
FixedParameters: 0 0 0

#Transform 37
Transform: AffineTransform_float_3_3
Parameters: 1 -0.000338902 3.9845e-05 0.000339099 0.999997 -0.00249299 -3.91547e-05 0.00249301 0.999997 -0.0269805 0.029376 -0.0723675
FixedParameters: 0 0 0

#Transform 38
Transform: AffineTransform_float_3_3
Parameters: 1 -0.000609576 0.000163588 0.000609425 0.999997 -0.0026049 -0.000162413 0.0026051 0.999996 -0.0558289 0.0221549 -0.176808
FixedParameters: 0 0 0

#Transform 39
Transform: AffineTransform_float_3_3
Parameters: 1 -0.00101254 0.000455257 0.00101446 0.999995 -0.00321454 -0.000451741 0.00321546 0.999994 -0.0706617 0.0320233 -0.253271
FixedParameters: 0 0 0

#Transform 40
Transform: AffineTransform_float_3_3
Parameters: 1 -0.000308929 -0.000522865 0.00030707 0.999993 -0.00368616 0.000524135 0.00368584 0.999993 -0.0468954 0.0367779 -0.0603437
FixedParameters: 0 0 0

#Transform 41
Transform: AffineTransform_float_3_3
Parameters: 0.999999 -0.00075161 -0.000162198 0.00075039 0.999993 -0.00373012 0.0001648 0.00372988 0.999993 -0.0469654 0.0384895 -0.0984941
FixedParameters: 0 0 0

#Transform 42
Transform: AffineTransform_float_3_3
Parameters: 0.999999 -0.000750946 1.83498e-05 0.000751052 0.999995 -0.00312899 -1.565e-05 0.00312901 0.999995 -0.0495533 0.0299506 -0.11179
FixedParameters: 0 0 0

#Transform 43
Transform: AffineTransform_float_3_3
Parameters: 0.999999 -0.000752018 -0.000405114 0.000750981 0.999996 -0.0025093 0.000406885 0.00250869 0.999997 -0.0540554 0.0212703 -0.24189
FixedParameters: 0 0 0

#Transform 44
Transform: AffineTransform_float_3_3
Parameters: 0.999999 -0.00075097 1.73337e-05 0.000751029 0.999998 -0.00177599 -1.56662e-05 0.00177601 0.999999 -0.0577337 0.0234544 -0.190125
FixedParameters: 0 0 0

#Transform 45
Transform: AffineTransform_float_3_3
Parameters: 0.999999 -0.000266451 -0.000735475 0.000264547 0.999998 -0.00197319 0.000736523 0.0019728 0.999998 -0.0313643 0.0326958 -0.133384
FixedParameters: 0 0 0

#Transform 46
Transform: AffineTransform_float_3_3
Parameters: 1 -0.000258774 -0.000405507 0.000258227 0.999998 -0.00190711 0.000405493 0.0019069 0.999998 -0.0374826 0.0366172 -0.0975581
FixedParameters: 0 0 0

#Transform 47
Transform: AffineTransform_float_3_3
Parameters: 1 -0.000532611 -0.000319985 0.000532389 0.999998 -0.00190717 0.000321016 0.00190683 0.999998 -0.0359419 0.0263197 -0.181616
FixedParameters: 0 0 0

#Transform 48
Transform: AffineTransform_float_3_3
Parameters: 1 -0.00016637 -0.000568601 0.000164629 0.999997 -0.00240909 0.000569398 0.00240891 0.999997 -0.0354391 0.0183378 -0.155259
FixedParameters: 0 0 0

#Transform 49
Transform: AffineTransform_float_3_3
Parameters: 0.999997 -0.00178801 -0.0020499 0.00178098 0.999992 -0.00341866 0.0020561 0.00341434 0.999992 -0.0539927 0.036204 -0.0775998
FixedParameters: 0 0 0

#Transform 50
Transform: AffineTransform_float_3_3
Parameters: 0.999997 -0.00213343 -0.00138372 0.00213056 0.999994 -0.00247996 0.00138828 0.00247705 0.999996 -0.0429703 0.0364774 -0.0544321
FixedParameters: 0 0 0

#Transform 51
Transform: AffineTransform_float_3_3
Parameters: 0.999998 -0.00159179 -0.00156817 0.00158822 0.999996 -0.0024115 0.00157183 0.0024095 0.999996 -0.0254984 0.0445009 -0.155315
FixedParameters: 0 0 0

#Transform 52
Transform: AffineTransform_float_3_3
Parameters: 0.999998 -0.00154698 -0.000551267 0.00154602 0.999997 -0.00176786 0.000554732 0.00176615 0.999999 0.0180013 0.0394007 -0.0143466
FixedParameters: 0 0 0

#Transform 53
Transform: AffineTransform_float_3_3
Parameters: 0.999999 -0.00164552 -0.000626634 0.00164448 0.999999 -0.000831032 0.000628367 0.000829968 1 -0.0267996 0.0364426 -0.122369
FixedParameters: 0 0 0

#Transform 54
Transform: AffineTransform_float_3_3
Parameters: 0.999998 -0.00164488 -0.000922211 0.00164512 0.999998 0.000127483 0.000921788 -0.000129516 0.999999 -0.012933 0.013177 -0.205676
FixedParameters: 0 0 0

#Transform 55
Transform: AffineTransform_float_3_3
Parameters: 0.999999 -0.00164514 -0.00056759 0.00164486 0.999998 -0.000249934 0.000567411 0.000249067 1 -0.00292795 0.0283952 -0.141855
FixedParameters: 0 0 0

#Transform 56
Transform: AffineTransform_float_3_3
Parameters: 0.999997 -0.00201932 -0.000741132 0.00201868 0.999998 -0.000430497 0.000742868 0.000429501 0.999999 -0.0287465 0.0335315 -0.180619
FixedParameters: 0 0 0

#Transform 57
Transform: AffineTransform_float_3_3
Parameters: 0.999999 -0.00169721 -0.00073951 0.00169679 0.999998 -0.000289255 0.000740489 0.000287743 0.999999 -0.022812 0.0499362 -0.162842
FixedParameters: 0 0 0

#Transform 58
Transform: AffineTransform_float_3_3
Parameters: 0.999998 -0.0014803 -0.000705364 0.0014807 0.999999 -0.000430045 0.000705636 0.000428956 0.999999 -0.0485331 0.0447689 -0.192893
FixedParameters: 0 0 0

#Transform 59
Transform: AffineTransform_float_3_3
Parameters: 0.999998 -0.00148013 -0.00075074 0.00147987 0.999999 -0.000176111 0.000751259 0.000174888 0.999999 -0.0348453 0.0304954 -0.208526
FixedParameters: 0 0 0

#Transform 60
Transform: AffineTransform_float_3_3
Parameters: 0.999998 -0.00181531 -0.00072322 0.00181469 0.999999 -0.000430313 0.000723781 0.000429687 0.999999 -0.0313534 0.0292038 -0.140155
FixedParameters: 0 0 0

#Transform 61
Transform: AffineTransform_float_3_3
Parameters: 0.999998 -0.00190463 -0.000532756 0.00190437 0.999998 -0.00117902 0.000535247 0.00117898 0.999999 -0.0401384 0.0402297 -0.138298
FixedParameters: 0 0 0

#Transform 62
Transform: AffineTransform_float_3_3
Parameters: 0.999997 -0.00240639 -0.000642302 0.00240761 0.999996 0.000955457 0.000639699 -0.000956542 1 -0.0566427 0.038515 -0.113429
FixedParameters: 0 0 0

#Transform 63
Transform: AffineTransform_float_3_3
Parameters: 0.999999 -0.00126248 -0.000317067 0.00126352 0.999998 0.0016366 0.000314932 -0.0016374 0.999998 -0.0436581 0.00276902 -0.06377
FixedParameters: 0 0 0

#Transform 64
Transform: AffineTransform_float_3_3
Parameters: 0.999999 -0.00103089 -0.000145802 0.00103111 0.999999 0.00077785 0.000145198 -0.00077815 0.999999 -0.0487447 0.0250997 -0.091584
FixedParameters: 0 0 0

#Transform 65
Transform: AffineTransform_float_3_3
Parameters: 0.999999 -0.00140812 -0.000610044 0.00140988 0.999998 0.00145114 0.000607954 -0.00145186 0.999999 -0.0354912 0.0156781 -0.174514
FixedParameters: 0 0 0

#Transform 66
Transform: AffineTransform_float_3_3
Parameters: 0.999998 -0.0015168 -0.000843159 0.0015182 0.999998 0.00142272 0.000840839 -0.00142428 0.999998 -0.0331319 -0.0176283 -0.224567
FixedParameters: 0 0 0

#Transform 67
Transform: AffineTransform_float_3_3
Parameters: 0.999998 -0.00151731 -0.000811295 0.00151869 0.999998 0.000852769 0.000809704 -0.00085423 1 -0.0242047 -0.0172932 -0.208581
FixedParameters: 0 0 0

#Transform 68
Transform: AffineTransform_float_3_3
Parameters: 0.999998 -0.00151663 -0.000741798 0.00151837 0.999997 0.00184388 0.0007392 -0.00184512 0.999998 -0.0346046 0.00316648 -0.213457
FixedParameters: 0 0 0

#Transform 69
Transform: AffineTransform_float_3_3
Parameters: 1 -0.000602743 -0.000929468 0.000605257 0.999997 0.00243044 0.000927532 -0.00243056 0.999996 -0.0422238 -0.0079593 -0.229384
FixedParameters: 0 0 0

#Transform 70
Transform: AffineTransform_float_3_3
Parameters: 0.999997 -0.00181604 -0.00110522 0.00181795 0.999997 0.00176999 0.00110178 -0.001772 0.999998 -0.0259724 0.013275 -0.185016
FixedParameters: 0 0 0

#Transform 71
Transform: AffineTransform_float_3_3
Parameters: 0.999996 -0.00181502 -0.00184494 0.00181798 0.999997 0.00161465 0.00184206 -0.00161835 0.999997 -0.0296063 0.00280226 -0.235807
FixedParameters: 0 0 0

#Transform 72
Transform: AffineTransform_float_3_3
Parameters: 0.999997 -0.00181507 -0.00191378 0.00181793 0.999997 0.00152853 0.00191122 -0.00153247 0.999997 -0.049759 0.00737411 -0.229004
FixedParameters: 0 0 0

#Transform 73
Transform: AffineTransform_float_3_3
Parameters: 0.999998 -0.0018164 -0.00140807 0.0018186 0.999997 0.00113744 0.00140593 -0.00113956 0.999999 -0.021526 0.0150449 -0.180426
FixedParameters: 0 0 0

#Transform 74
Transform: AffineTransform_float_3_3
Parameters: 0.999996 -0.00226912 -0.00165658 0.00227188 0.999997 0.00113624 0.00165442 -0.00113976 0.999998 -0.0308511 0.0163507 -0.222338
FixedParameters: 0 0 0

#Transform 75
Transform: AffineTransform_float_3_3
Parameters: 0.999995 -0.00208865 -0.00206938 0.00209135 0.999997 0.00113568 0.00206662 -0.00114032 0.999997 -0.038921 0.0201642 -0.211609
FixedParameters: 0 0 0

#Transform 76
Transform: AffineTransform_float_3_3
Parameters: 0.999997 -0.0012042 -0.00207005 0.0012058 0.999999 0.000867507 0.00206896 -0.000869494 0.999998 -0.0190013 0.0283166 -0.169556
FixedParameters: 0 0 0

#Transform 77
Transform: AffineTransform_float_3_3
Parameters: 0.999995 -0.00209731 -0.0024336 0.00209769 0.999998 0.000281896 0.0024324 -0.000286103 0.999997 -0.0229556 0.0325405 -0.180965
FixedParameters: 0 0 0

#Transform 78
Transform: AffineTransform_float_3_3
Parameters: 0.999995 -0.00196805 -0.00240696 0.00196795 0.999998 -2.47369e-05 0.00240604 1.92649e-05 0.999997 -0.0428152 0.0205357 -0.21474
FixedParameters: 0 0 0

#Transform 79
Transform: AffineTransform_float_3_3
Parameters: 0.999996 -0.0016995 -0.00195669 0.0016975 0.999999 -0.000769324 0.0019583 0.000765674 0.999998 -0.0537452 0.0307595 -0.155515
FixedParameters: 0 0 0

#Transform 80
Transform: AffineTransform_float_3_3
Parameters: 0.999996 -0.00169791 -0.00195807 0.00169809 0.999998 4.26751e-05 0.00195792 -4.63245e-05 0.999998 -0.0239908 0.0472066 -0.132141
FixedParameters: 0 0 0

#Transform 81
Transform: AffineTransform_float_3_3
Parameters: 0.999995 -0.0021854 -0.00195644 0.0021836 0.999998 -0.000715275 0.00195856 0.000710723 0.999998 -0.0264369 0.054689 -0.13588
FixedParameters: 0 0 0

#Transform 82
Transform: AffineTransform_float_3_3
Parameters: 0.999994 -0.00260822 -0.00195638 0.00260678 0.999997 -0.000624103 0.00195862 0.000618895 0.999998 -0.028507 0.0575318 -0.180959
FixedParameters: 0 0 0

#Transform 83
Transform: AffineTransform_float_3_3
Parameters: 0.999994 -0.00260667 -0.00195844 0.00260733 0.999996 0.000164895 0.00195856 -0.000170106 0.999998 -0.0263548 0.0421893 -0.191802
FixedParameters: 0 0 0

#Transform 84
Transform: AffineTransform_float_3_3
Parameters: 0.999996 -0.00182915 -0.00185786 0.00182785 0.999998 -0.000622398 0.00185913 0.000618602 0.999998 -0.0317226 0.0623806 -0.0982637
FixedParameters: 0 0 0

#Transform 85
Transform: AffineTransform_float_3_3
Parameters: 0.999994 -0.00215954 -0.00247466 0.00215846 0.999998 -0.000624345 0.00247634 0.000618656 0.999996 -0.0248604 0.065046 -0.137285
FixedParameters: 0 0 0

#Transform 86
Transform: AffineTransform_float_3_3
Parameters: 0.999994 -0.00266454 -0.00247434 0.00266246 0.999997 -0.000625592 0.00247566 0.000618408 0.999996 -0.0169109 0.0307133 -0.177828
FixedParameters: 0 0 0

#Transform 87
Transform: AffineTransform_float_3_3
Parameters: 0.999993 -0.00266662 -0.00284661 0.00266238 0.999995 -0.00127559 0.00284939 0.00126841 0.999995 0.00865676 0.0626838 -0.0356691
FixedParameters: 0 0 0

#Transform 88
Transform: AffineTransform_float_3_3
Parameters: 0.999995 -0.00266804 -0.00203441 0.00266296 0.999994 -0.00247443 0.00204159 0.00246957 0.999995 -0.00296006 0.0691439 -0.0510648
FixedParameters: 0 0 0

#Transform 89
Transform: AffineTransform_float_3_3
Parameters: 0.999991 -0.00323368 -0.00246988 0.00322932 0.999993 -0.00189699 0.00247612 0.00188901 0.999995 0.000974903 0.0675517 -0.078307
FixedParameters: 0 0 0

#Transform 90
Transform: AffineTransform_float_3_3
Parameters: 0.999991 -0.0032324 -0.00247155 0.00322959 0.999994 -0.00137999 0.00247645 0.00137201 0.999996 0.00971068 0.0649737 -0.0635197
FixedParameters: 0 0 0

#Transform 91
Transform: AffineTransform_float_3_3
Parameters: 0.999992 -0.00336524 -0.00247024 0.00336076 0.999993 -0.00171732 0.00247577 0.00170968 0.999996 0.00181442 0.0481028 -0.158963
FixedParameters: 0 0 0

#Transform 92
Transform: AffineTransform_float_3_3
Parameters: 0.999991 -0.00323569 -0.00298075 0.00322931 0.999993 -0.00224665 0.00298825 0.00223735 0.999993 -0.0812664 0.0954817 -0.324512
FixedParameters: 0 0 0

#Transform 93
Transform: AffineTransform_float_3_3
Parameters: 0.999988 -0.00383928 -0.00321351 0.00383272 0.99999 -0.00195834 0.00322149 0.00194566 0.999993 -0.0531235 0.0393083 -0.259314
FixedParameters: 0 0 0

#Transform 94
Transform: AffineTransform_float_3_3
Parameters: 0.999986 -0.00373518 -0.00368468 0.00372082 0.999985 -0.00384676 0.00369932 0.00383323 0.999986 -0.0476637 0.107713 -0.296031
FixedParameters: 0 0 0

#Transform 95
Transform: AffineTransform_float_3_3
Parameters: 0.999985 -0.00306845 -0.00440096 0.00305355 0.99999 -0.00328549 0.00441104 0.00327251 0.999985 -0.031417 0.113056 -0.153901
FixedParameters: 0 0 0

#Transform 96
Transform: AffineTransform_float_3_3
Parameters: 0.999992 -0.00260922 -0.00310961 0.00259777 0.99999 -0.00360811 0.00311938 0.00359989 0.999988 -0.0420308 0.0942861 -0.23256
FixedParameters: 0 0 0

#Transform 97
Transform: AffineTransform_float_3_3
Parameters: 0.999985 -0.00307039 -0.00439961 0.00305361 0.999989 -0.00372749 0.00441139 0.00371351 0.999984 -0.0174217 0.0723568 -0.305985
FixedParameters: 0 0 0

#Transform 98
Transform: AffineTransform_float_3_3
Parameters: 0.999991 -0.00251162 -0.0035899 0.00250038 0.999991 -0.00323801 0.00359811 0.00322899 0.999989 -0.0261304 0.0785275 -0.256414
FixedParameters: 0 0 0

#Transform 99
Transform: AffineTransform_float_3_3
Parameters: 0.999984 -0.00266228 -0.0048759 0.00263972 0.999986 -0.00456994 0.00488809 0.00455706 0.999977 -0.00131684 0.106737 -0.180877
FixedParameters: 0 0 0

#Transform 100
Transform: AffineTransform_float_3_3
Parameters: 0.999988 -0.00278188 -0.00415575 0.00276512 0.999988 -0.00406254 0.00416726 0.00405146 0.999983 -0.0151879 0.0958052 -0.210987
FixedParameters: 0 0 0

#Transform 101
Transform: AffineTransform_float_3_3
Parameters: 0.999987 -0.00308559 -0.00404817 0.00307042 0.999988 -0.00385048 0.00405984 0.00383852 0.999985 -0.0132099 0.104213 -0.228431
FixedParameters: 0 0 0

#Transform 102
Transform: AffineTransform_float_3_3
Parameters: 0.99999 -0.00267404 -0.00357778 0.00266296 0.999991 -0.00308656 0.00358522 0.00307644 0.999989 -0.0249225 0.114228 -0.181244
FixedParameters: 0 0 0

#Transform 103
Transform: AffineTransform_float_3_3
Parameters: 0.999988 -0.00310415 -0.00380173 0.00309385 0.999991 -0.00267379 0.00380927 0.00266221 0.999989 -0.0278341 0.123347 -0.259323
FixedParameters: 0 0 0

#Transform 104
Transform: AffineTransform_float_3_3
Parameters: 0.999987 -0.00304018 -0.00403586 0.00303283 0.999994 -0.00202927 0.00404215 0.00201774 0.99999 -0.0136919 0.100041 -0.27417
FixedParameters: 0 0 0

#Transform 105
Transform: AffineTransform_float_3_3
Parameters: 0.999989 -0.00251999 -0.00398659 0.00251301 0.999996 -0.00175704 0.00399141 0.00174696 0.999991 -0.0205224 0.0949094 -0.217946
FixedParameters: 0 0 0

#Transform 106
Transform: AffineTransform_float_3_3
Parameters: 0.99999 -0.00252236 -0.00369463 0.00251264 0.999993 -0.00253631 0.00370037 0.00252769 0.99999 -0.0207047 0.111657 -0.137961
FixedParameters: 0 0 0

#Transform 107
Transform: AffineTransform_float_3_3
Parameters: 0.999987 -0.00338553 -0.0038425 0.00337646 0.999992 -0.002225 0.0038505 0.00221199 0.99999 0.01759 0.103599 -0.213167
FixedParameters: 0 0 0

#Transform 108
Transform: AffineTransform_float_3_3
Parameters: 0.99999 -0.00272739 -0.00373917 0.00271861 0.999993 -0.00251319 0.00374583 0.00250281 0.99999 -0.00554284 0.109802 -0.237321
FixedParameters: 0 0 0

#Transform 109
Transform: AffineTransform_float_3_3
Parameters: 0.99999 -0.00272564 -0.00349406 0.00271836 0.999994 -0.00218952 0.00349995 0.00218048 0.999992 -0.0590666 0.106478 -0.291323
FixedParameters: 0 0 0

#Transform 110
Transform: AffineTransform_float_3_3
Parameters: 0.999989 -0.00317973 -0.00349207 0.00317127 0.999992 -0.0025011 0.00349993 0.0024909 0.999991 -0.0383665 0.10731 -0.330214
FixedParameters: 0 0 0

#Transform 111
Transform: AffineTransform_float_3_3
Parameters: 0.999992 -0.00227936 -0.00306881 0.00227064 0.999993 -0.00272399 0.00307519 0.00271701 0.999991 -0.0410071 0.13576 -0.146233
FixedParameters: 0 0 0

#Transform 112
Transform: AffineTransform_float_3_3
Parameters: 0.999992 -0.00228029 -0.00349396 0.00227071 0.999994 -0.00265996 0.00350005 0.00265204 0.999991 -0.0346469 0.131117 -0.190099
FixedParameters: 0 0 0

#Transform 113
Transform: AffineTransform_float_3_3
Parameters: 0.99999 -0.0028771 -0.00349252 0.0028679 0.999993 -0.00260805 0.00349948 0.00259796 0.999991 -0.0277967 0.0988516 -0.211173
FixedParameters: 0 0 0

#Transform 114
Transform: AffineTransform_float_3_3
Parameters: 0.999993 -0.00287583 -0.00268564 0.00286817 0.999991 -0.00291472 0.00269436 0.00290727 0.999992 -0.0307412 0.103326 -0.113926
FixedParameters: 0 0 0

#Transform 115
Transform: AffineTransform_float_3_3
Parameters: 0.999993 -0.0028751 -0.00266336 0.00286791 0.999993 -0.00266466 0.00267064 0.00265734 0.999993 -0.0118174 0.0886089 -0.123943
FixedParameters: 0 0 0

#Transform 116
Transform: AffineTransform_float_3_3
Parameters: 0.999991 -0.00287633 -0.00294689 0.00286767 0.999992 -0.00282647 0.0029551 0.00281752 0.999991 0.0055878 0.0900965 -0.112317
FixedParameters: 0 0 0

#Transform 117
Transform: AffineTransform_float_3_3
Parameters: 0.999992 -0.00265501 -0.00315696 0.002649 0.999994 -0.00190438 0.00316204 0.00189662 0.999993 -0.0251076 0.0884128 -0.181963
FixedParameters: 0 0 0

#Transform 118
Transform: AffineTransform_float_3_3
Parameters: 0.999988 -0.0036036 -0.00334089 0.00359739 0.999991 -0.00198104 0.00334811 0.00196896 0.999993 -0.037756 0.0917065 -0.297529
FixedParameters: 0 0 0

#Transform 119
Transform: AffineTransform_float_3_3
Parameters: 0.99999 -0.00313339 -0.00333407 0.00312661 0.999992 -0.00222045 0.00334093 0.00220955 0.999992 -0.0300308 0.102507 -0.317572
FixedParameters: 0 0 0

#Transform 120
Transform: AffineTransform_float_3_3
Parameters: 0.999989 -0.00346229 -0.00316113 0.00345571 0.999992 -0.00199195 0.00316787 0.00198105 0.999993 -0.0382507 0.0915284 -0.369271
FixedParameters: 0 0 0

#Transform 121
Transform: AffineTransform_float_3_3
Parameters: 0.999989 -0.00313079 -0.00330746 0.0031262 0.999994 -0.00145435 0.00331153 0.00144365 0.999993 -0.0375027 0.0894753 -0.362787
FixedParameters: 0 0 0

#Transform 122
Transform: AffineTransform_float_3_3
Parameters: 0.999992 -0.00244462 -0.00298959 0.00243837 0.999994 -0.00221831 0.00299441 0.0022107 0.999993 0.0229552 0.0925966 -0.0746053
FixedParameters: 0 0 0

#Transform 123
Transform: AffineTransform_float_3_3
Parameters: 0.999992 -0.00268044 -0.00297131 0.00267356 0.999994 -0.00250397 0.00297769 0.00249604 0.999993 -0.0343362 0.0996527 -0.275777
FixedParameters: 0 0 0

#Transform 124
Transform: AffineTransform_float_3_3
Parameters: 0.999989 -0.00338992 -0.00329489 0.00338308 0.999992 -0.00210417 0.00330211 0.00209383 0.999993 -0.0234327 0.0969139 -0.35196
FixedParameters: 0 0 0

#Transform 125
Transform: AffineTransform_float_3_3
Parameters: 0.999989 -0.00315113 -0.00329505 0.00314686 0.999995 -0.00125938 0.00329895 0.00124862 0.999994 -0.0254436 0.103554 -0.322058
FixedParameters: 0 0 0

#Transform 126
Transform: AffineTransform_float_3_3
Parameters: 0.999989 -0.00315077 -0.00351262 0.00314623 0.999995 -0.00107906 0.00351538 0.00106794 0.999993 -0.00733332 0.118161 -0.276638
FixedParameters: 0 0 0

#Transform 127
Transform: AffineTransform_float_3_3
Parameters: 0.999987 -0.00315255 -0.00382943 0.00314645 0.999994 -0.00145507 0.00383456 0.00144293 0.999991 -0.00279377 0.115953 -0.247387
FixedParameters: 0 0 0

#Transform 128
Transform: AffineTransform_float_3_3
Parameters: 0.999987 -0.00315234 -0.0038296 0.00314665 0.999994 -0.00140107 0.00383439 0.00138893 0.999991 -0.00599463 0.122918 -0.287058
FixedParameters: 0 0 0

#Transform 129
Transform: AffineTransform_float_3_3
Parameters: 0.999967 -0.00358706 -0.007366 0.00358495 0.999994 -0.000292417 0.007367 0.000265583 0.999973 -0.0979686 0.132252 -0.432253
FixedParameters: 0 0 0

#Transform 130
Transform: AffineTransform_float_3_3
Parameters: 0.999975 -0.00331747 -0.00627184 0.00330253 0.999992 -0.00247478 0.00628016 0.00245423 0.999978 -0.116835 0.180668 -0.49454
FixedParameters: 0 0 0

#Transform 131
Transform: AffineTransform_float_3_3
Parameters: 0.999985 -0.00309851 -0.00452413 0.00308649 0.999992 -0.00255 0.00453186 0.00253599 0.999986 -0.144905 0.179039 -0.425948
FixedParameters: 0 0 0

#Transform 132
Transform: AffineTransform_float_3_3
Parameters: 0.999988 -0.0023279 -0.00447435 0.0023171 0.999995 -0.0024394 0.00448066 0.0024296 0.999987 -0.0977722 0.186056 -0.286092
FixedParameters: 0 0 0

#Transform 133
Transform: AffineTransform_float_3_3
Parameters: 0.999981 -0.00233265 -0.00574266 0.00231634 0.999993 -0.00273135 0.00574933 0.00271764 0.99998 -0.0669489 0.173956 -0.296259
FixedParameters: 0 0 0

#Transform 134
Transform: AffineTransform_float_3_3
Parameters: 0.999982 -0.00313731 -0.00515089 0.00311868 0.999989 -0.00356013 0.00516211 0.00354387 0.999981 -0.0619014 0.20408 -0.381162
FixedParameters: 0 0 0

#Transform 135
Transform: AffineTransform_float_3_3
Parameters: 0.999983 -0.00313759 -0.00495929 0.00311941 0.999988 -0.00375153 0.00497071 0.00373647 0.99998 -0.0758614 0.198075 -0.357797
FixedParameters: 0 0 0

#Transform 136
Transform: AffineTransform_float_3_3
Parameters: 0.999983 -0.0030741 -0.00498588 0.0030559 0.999988 -0.0036343 0.00499712 0.0036197 0.999981 -0.0544373 0.193043 -0.303151
FixedParameters: 0 0 0

#Transform 137
Transform: AffineTransform_float_3_3
Parameters: 0.999981 -0.00313981 -0.0051634 0.00311919 0.999987 -0.00403418 0.0051756 0.00401782 0.999978 -0.058325 0.194732 -0.329568
FixedParameters: 0 0 0

#Transform 138
Transform: AffineTransform_float_3_3
Parameters: 0.999985 -0.00291504 -0.00465464 0.00289195 0.999983 -0.00495053 0.00466835 0.00493646 0.999977 -0.071943 0.199364 -0.323849
FixedParameters: 0 0 0

#Transform 139
Transform: AffineTransform_float_3_3
Parameters: 0.999987 -0.00307954 -0.00410441 0.00305945 0.999984 -0.00475962 0.00411959 0.00474638 0.99998 -0.0851975 0.175212 -0.426948
FixedParameters: 0 0 0

#Transform 140
Transform: AffineTransform_float_3_3
Parameters: 0.999983 -0.0028172 -0.00507911 0.0027918 0.999984 -0.00496126 0.00509289 0.00494673 0.999975 -0.066109 0.177915 -0.478419
FixedParameters: 0 0 0

#Transform 141
Transform: AffineTransform_float_3_3
Parameters: 0.999984 -0.00300128 -0.00490666 0.00298073 0.999987 -0.0041347 0.00491835 0.00412031 0.99998 -0.0844178 0.154249 -0.501289
FixedParameters: 0 0 0

#Transform 142
Transform: AffineTransform_float_3_3
Parameters: 0.999983 -0.00297332 -0.00489832 0.00295367 0.999988 -0.00394853 0.00490968 0.00393347 0.99998 -0.1048 0.16365 -0.525686
FixedParameters: 0 0 0

#Transform 143
Transform: AffineTransform_float_3_3
Parameters: 0.999984 -0.00286468 -0.00492904 0.00284332 0.999987 -0.00419708 0.00494096 0.00418291 0.999979 -0.0897907 0.166943 -0.480499
FixedParameters: 0 0 0

#Transform 144
Transform: AffineTransform_float_3_3
Parameters: 0.999984 -0.00266972 -0.00498401 0.00265028 0.99999 -0.00375927 0.00499398 0.00374573 0.99998 -0.0823717 0.160218 -0.49247
FixedParameters: 0 0 0

#Transform 145
Transform: AffineTransform_float_3_3
Parameters: 0.999981 -0.00284294 -0.00536553 0.00282506 0.999991 -0.00334822 0.00537546 0.00333278 0.99998 -0.0896501 0.158505 -0.499993
FixedParameters: 0 0 0

#Transform 146
Transform: AffineTransform_float_3_3
Parameters: 0.999981 -0.00266912 -0.00542211 0.00265087 0.999991 -0.00334743 0.00543088 0.00333256 0.999979 -0.0755411 0.171738 -0.506361
FixedParameters: 0 0 0

#Transform 147
Transform: AffineTransform_float_3_3
Parameters: 0.99998 -0.0026727 -0.00570088 0.0026503 0.999989 -0.00381119 0.00571113 0.00379581 0.999977 -0.0584357 0.172538 -0.516425
FixedParameters: 0 0 0

#Transform 148
Transform: AffineTransform_float_3_3
Parameters: 0.99998 -0.00267006 -0.00570211 0.00265094 0.999991 -0.00334818 0.00571089 0.00333282 0.999978 -0.0585925 0.185106 -0.494798
FixedParameters: 0 0 0

#Transform 149
Transform: AffineTransform_float_3_3
Parameters: 0.99998 -0.00272689 -0.00557729 0.00270811 0.999991 -0.00321317 0.00558571 0.00319783 0.99998 -0.0593907 0.172581 -0.559625
FixedParameters: 0 0 0

#Transform 150
Transform: AffineTransform_float_3_3
Parameters: 0.99998 -0.00266894 -0.00570264 0.00265006 0.999992 -0.00315118 0.00571136 0.00313582 0.999979 -0.0338047 0.170646 -0.522808
FixedParameters: 0 0 0

#Transform 151
Transform: AffineTransform_float_3_3
Parameters: 0.999983 -0.00195879 -0.00546908 0.00194421 0.999995 -0.00252568 0.00547392 0.00251432 0.999982 -0.011086 0.179008 -0.419772
FixedParameters: 0 0 0

#Transform 152
Transform: AffineTransform_float_3_3
Parameters: 0.999979 -0.00189362 -0.00623548 0.00188239 0.999997 -0.00186778 0.00623851 0.00185623 0.999979 -0.000754831 0.180495 -0.427415
FixedParameters: 0 0 0

#Transform 153
Transform: AffineTransform_float_3_3
Parameters: 0.999977 -0.00195857 -0.00638986 0.00194443 0.999996 -0.00212847 0.00639414 0.00211652 0.999978 0.00225525 0.176077 -0.430022
FixedParameters: 0 0 0

#Transform 154
Transform: AffineTransform_float_3_3
Parameters: 0.999975 -0.00213341 -0.00664171 0.00212059 0.999995 -0.00202513 0.00664529 0.00201087 0.999976 0.0080839 0.168304 -0.465969
FixedParameters: 0 0 0

#Transform 155
Transform: AffineTransform_float_3_3
Parameters: 0.999979 -0.00177576 -0.00623995 0.00176524 0.999997 -0.00173005 0.00624305 0.00171895 0.999979 0.0202161 0.178272 -0.393103
FixedParameters: 0 0 0

#Transform 156
Transform: AffineTransform_float_3_3
Parameters: 0.999974 -0.00195564 -0.00703505 0.00194436 0.999997 -0.00151972 0.00703795 0.00150528 0.999974 0.00276208 0.175553 -0.486303
FixedParameters: 0 0 0

#Transform 157
Transform: AffineTransform_float_3_3
Parameters: 0.999971 -0.00238813 -0.00714295 0.00237987 0.999997 -0.00128604 0.00714504 0.00126897 0.999973 0.0130605 0.175447 -0.529685
FixedParameters: 0 0 0

#Transform 158
Transform: AffineTransform_float_3_3
Parameters: 0.999965 -0.00238281 -0.00802387 0.0023792 0.999997 -0.000483107 0.00802513 0.000464894 0.999967 0.0276498 0.161548 -0.549679
FixedParameters: 0 0 0

#Transform 159
Transform: AffineTransform_float_3_3
Parameters: 0.999964 -0.00238668 -0.00807573 0.00237931 0.999996 -0.000961248 0.00807826 0.000941753 0.999967 0.0112857 0.168438 -0.555105
FixedParameters: 0 0 0

#Transform 160
Transform: AffineTransform_float_3_3
Parameters: 0.999965 -0.0023869 -0.00808468 0.00237911 0.999996 -0.000985269 0.00808633 0.000966733 0.999967 0.0260548 0.160958 -0.534654
FixedParameters: 0 0 0

#Transform 161
Transform: AffineTransform_float_3_3
Parameters: 0.999966 -0.00239077 -0.00796848 0.00237923 0.999996 -0.00148601 0.00797153 0.00146699 0.999967 0.0221583 0.143906 -0.52356
FixedParameters: 0 0 0

#Transform 162
Transform: AffineTransform_float_3_3
Parameters: 0.999965 -0.00238816 -0.00802128 0.00237984 0.999996 -0.00115113 0.00802473 0.00113287 0.999967 0.0374902 0.144726 -0.549525
FixedParameters: 0 0 0

#Transform 163
Transform: AffineTransform_float_3_3
Parameters: 0.999963 -0.00238683 -0.00818372 0.00237917 0.999996 -0.000966505 0.00818628 0.000946495 0.999966 0.0563101 0.156524 -0.532253
FixedParameters: 0 0 0

#Transform 164
Transform: AffineTransform_float_3_3
Parameters: 0.999965 -0.00250443 -0.00796842 0.00249256 0.999996 -0.00144491 0.00797159 0.00142409 0.999967 0.0192246 0.126601 -0.617581
FixedParameters: 0 0 0

#Transform 165
Transform: AffineTransform_float_3_3
Parameters: 0.99996 -0.00400049 -0.00797976 0.00398251 0.99999 -0.00233187 0.00798925 0.00230013 0.999966 0.0416716 0.166186 -0.325956
FixedParameters: 0 0 0

#Transform 166
Transform: AffineTransform_float_3_3
Parameters: 0.999968 -0.00374268 -0.00717377 0.00372332 0.99999 -0.0027548 0.00718324 0.00272821 0.999971 0.0467255 0.191727 -0.384378
FixedParameters: 0 0 0

#Transform 167
Transform: AffineTransform_float_3_3
Parameters: 0.999962 -0.00358687 -0.0079368 0.00356213 0.999988 -0.00314539 0.00794719 0.00311661 0.999963 0.0353346 0.187969 -0.441648
FixedParameters: 0 0 0

#Transform 168
Transform: AffineTransform_float_3_3
Parameters: 0.99998 -0.00159132 -0.00600431 0.00156268 0.999987 -0.00488348 0.00601269 0.00487453 0.99997 -0.0570304 0.185777 -0.400168
FixedParameters: 0 0 0

#Transform 169
Transform: AffineTransform_float_3_3
Parameters: 0.999975 -0.00310819 -0.00633725 0.00307982 0.999986 -0.00445263 0.00635075 0.00443337 0.99997 -0.0391864 0.143744 -0.537578
FixedParameters: 0 0 0

#Transform 170
Transform: AffineTransform_float_3_3
Parameters: 0.999975 -0.00281202 -0.00658353 0.00278499 0.999987 -0.00410844 0.00659548 0.00409056 0.99997 -0.0336218 0.144006 -0.56155
FixedParameters: 0 0 0

#Transform 171
Transform: AffineTransform_float_3_3
Parameters: 0.999977 -0.00295207 -0.00601077 0.00292492 0.999985 -0.00450868 0.00602422 0.00449031 0.999972 -0.0407821 0.151234 -0.503411
FixedParameters: 0 0 0

#Transform 172
Transform: AffineTransform_float_3_3
Parameters: 0.999981 -0.00248109 -0.00553148 0.00245291 0.999984 -0.00507866 0.00554451 0.00506534 0.999972 -0.0884923 0.166071 -0.460972
FixedParameters: 0 0 0

#Transform 173
Transform: AffineTransform_float_3_3
Parameters: 0.999972 -0.00343487 -0.00674238 0.00340614 0.999985 -0.00428809 0.00675663 0.00426491 0.999968 -0.00377586 0.125253 -0.469508
FixedParameters: 0 0 0

#Transform 174
Transform: AffineTransform_float_3_3
Parameters: 0.99997 -0.00270127 -0.00734924 0.00265774 0.999979 -0.00589071 0.00736476 0.00587128 0.999955 0.023649 0.166654 -0.440815
FixedParameters: 0 0 0

#Transform 175
Transform: AffineTransform_float_3_3
Parameters: 0.999965 -0.00366208 -0.00761528 0.00362492 0.999981 -0.00487678 0.00763372 0.00484922 0.999959 -0.00525905 0.194963 -0.557697
FixedParameters: 0 0 0

#Transform 176
Transform: AffineTransform_float_3_3
Parameters: 0.999965 -0.00367401 -0.00759329 0.00363299 0.999979 -0.00540778 0.00761271 0.00538022 0.999956 0.00343628 0.180573 -0.569955
FixedParameters: 0 0 0

#Transform 177
Transform: AffineTransform_float_3_3
Parameters: 0.999961 -0.00405797 -0.00792665 0.00401303 0.999976 -0.00555503 0.00794835 0.00552296 0.999953 0.00477246 0.159008 -0.681739
FixedParameters: 0 0 0

#Transform 178
Transform: AffineTransform_float_3_3
Parameters: 0.999961 -0.00400504 -0.00779105 0.00396596 0.999979 -0.00502009 0.00781094 0.00498891 0.999957 -0.011458 0.157218 -0.69568
FixedParameters: 0 0 0

#Transform 179
Transform: AffineTransform_float_3_3
Parameters: 0.999963 -0.00418794 -0.0075155 0.00416006 0.999985 -0.0037294 0.0075315 0.0036976 0.999965 -0.00819163 0.161919 -0.737295
FixedParameters: 0 0 0
