# transform file /out/sourcedata/freesurfer/sub-v1s15x0050214_ses-1/mri/transforms/cc_up.lta
# created by oesteban on Sun Mar  8 22:58:21 2026

type      = 0 # LINEAR_VOX_TO_VOX
nxforms   = 1
mean      = 130.0000 89.0000 125.0000
sigma     = 10000.0000
1 4 4
9.963564872741699e-01 7.285523414611816e-02 4.434004798531532e-02 -1.391582775115967e+01 
-7.278320193290710e-02 9.973425865173340e-01 -3.239012556150556e-03 6.316703033447266e+01 
-4.445819556713104e-02 2.328306714094452e-10 9.990112781524658e-01 1.196782970428467e+01 
0.000000000000000e+00 0.000000000000000e+00 0.000000000000000e+00 1.000000000000000e+00 
src volume info
valid = 1  # volume info valid
filename = /out/sourcedata/freesurfer/sub-v1s15x0050214_ses-1/mri/norm.mgz
volume = 256 256 256
voxelsize = 1.000000000000000e+00 1.000000000000000e+00 1.000000000000000e+00
xras   = -1.000000000000000e+00 0.000000000000000e+00 0.000000000000000e+00
yras   = 0.000000000000000e+00 0.000000000000000e+00 -1.000000000000000e+00
zras   = 0.000000000000000e+00 1.000000000000000e+00 0.000000000000000e+00
cras   = 2.374702453613281e+00 6.125000000000000e+00 -3.090649414062500e+01
dst volume info
valid = 1  # volume info valid
filename = /out/sourcedata/freesurfer/sub-v1s15x0050214_ses-1/mri/norm.mgz
volume = 256 256 256
voxelsize = 1.000000000000000e+00 1.000000000000000e+00 1.000000000000000e+00
xras   = -1.000000000000000e+00 0.000000000000000e+00 0.000000000000000e+00
yras   = 0.000000000000000e+00 0.000000000000000e+00 -1.000000000000000e+00
zras   = 0.000000000000000e+00 1.000000000000000e+00 0.000000000000000e+00
cras   = 2.374702453613281e+00 6.125000000000000e+00 -3.090649414062500e+01
