#Insight Transform File V1.0
#Transform 0
Transform: AffineTransform_float_3_3
Parameters: 1 0.000194952 -0.000227187 -0.000194045 0.999991 0.00418305 0.000228814 -0.00418296 0.999991 -0.0651362 0.0814173 -0.0370119
FixedParameters: 0 0 0

#Transform 1
Transform: AffineTransform_float_3_3
Parameters: 1 -0.000428319 0.000898373 0.000426682 0.999999 0.00146738 -0.000898627 -0.00146761 0.999998 -0.0292596 0.0239613 -0.0564212
FixedParameters: 0 0 0

#Transform 2
Transform: AffineTransform_float_3_3
Parameters: 0.999999 -3.77146e-05 0.000721912 3.62851e-05 0.999997 0.00237503 -0.000722088 -0.00237497 0.999997 -0.0280769 0.0569738 -0.112829
FixedParameters: 0 0 0

#Transform 3
Transform: AffineTransform_float_3_3
Parameters: 1 0.000340997 1.28898e-06 -0.000341001 0.999993 0.00378 2.88987e-07 -0.00378 0.999993 -0.0321769 0.0805367 -0.0927498
FixedParameters: 0 0 0

#Transform 4
Transform: AffineTransform_float_3_3
Parameters: 0.999999 0.000658021 -0.000489294 -0.000655981 0.999992 0.00411833 0.000491706 -0.00411868 0.999992 -0.0207868 0.0791088 -0.0574057
FixedParameters: 0 0 0

#Transform 5
Transform: AffineTransform_float_3_3
Parameters: 0.999999 0.000657455 -0.000336168 -0.000655545 0.99999 0.00431222 0.00033883 -0.00431177 0.99999 -0.027805 0.0786415 -0.0283831
FixedParameters: 0 0 0

#Transform 6
Transform: AffineTransform_float_3_3
Parameters: 0.999999 0.00108583 -0.000908447 -0.00108217 0.99999 0.00420098 0.000913554 -0.00420001 0.999991 -0.0394919 0.0789234 -0.0278738
FixedParameters: 0 0 0

#Transform 7
Transform: AffineTransform_float_3_3
Parameters: 0.999999 0.00125286 -0.000700916 -0.00125014 0.999991 0.00406288 0.000706084 -0.00406212 0.999991 -0.0418211 0.0793081 -0.044135
FixedParameters: 0 0 0

#Transform 8
Transform: AffineTransform_float_3_3
Parameters: 0.999999 0.00129702 -0.000786039 -0.00129398 0.999992 0.00383002 0.000790961 -0.00382898 0.999993 -0.0470645 0.0802743 -0.0433076
FixedParameters: 0 0 0

#Transform 9
Transform: AffineTransform_float_3_3
Parameters: 0.999999 0.00149909 -0.000349372 -0.00149791 0.999994 0.00308853 0.000353627 -0.00308747 0.999995 -0.0278003 0.0806545 -0.0161792
FixedParameters: 0 0 0

#Transform 10
Transform: AffineTransform_float_3_3
Parameters: 1 0.00117812 -5.34919e-05 -0.00117788 0.999997 0.00212906 5.55078e-05 -0.00212894 0.999997 -0.0298957 0.0718895 -0.0742883
FixedParameters: 0 0 0

#Transform 11
Transform: AffineTransform_float_3_3
Parameters: 0.999999 0.0013903 -0.000411978 -0.0013897 0.999999 0.000735573 0.000413022 -0.000735426 0.999999 -0.0279261 0.0333175 -0.0297624
FixedParameters: 0 0 0

#Transform 12
Transform: AffineTransform_float_3_3
Parameters: 1 0.000892976 0.000691031 -0.000893024 0.999999 3.43829e-05 -0.000690969 -3.5617e-05 1 -0.00546003 -0.00625243 -0.00475851
FixedParameters: 0 0 0

#Transform 13
Transform: AffineTransform_float_3_3
Parameters: 0.999999 0.00104432 0.000830592 -0.00104368 1 -0.000390867 -0.000830407 0.000390133 0.999999 0.00651111 -0.0175164 0.0178136
FixedParameters: 0 0 0

#Transform 14
Transform: AffineTransform_float_3_3
Parameters: 0.999999 0.000978308 0.000926675 -0.000977694 1 -0.000331906 -0.000926324 0.000331094 0.999999 0.00595749 -0.0079352 0.00808397
FixedParameters: 0 0 0

#Transform 15
Transform: AffineTransform_float_3_3
Parameters: 1 0.000655631 0.000795304 -0.000656369 0.999999 0.000463478 -0.000794695 -0.000464521 0.999999 0.00541716 0.00805661 -0.0152915
FixedParameters: 0 0 0

#Transform 16
Transform: AffineTransform_float_3_3
Parameters: 0.999999 0.000265701 0.000736107 -0.000266299 1 0.000405804 -0.000735891 -0.000406195 0.999999 0.0042887 0.00289657 0.0124438
FixedParameters: 0 0 0

#Transform 17
Transform: AffineTransform_float_3_3
Parameters: 1 0.000202773 0.00019224 -0.000203228 1 0.00118096 -0.00019276 -0.00118004 1 0.00625516 0.0134827 0.0170962
FixedParameters: 0 0 0

#Transform 18
Transform: AffineTransform_float_3_3
Parameters: 1 0.000202898 0.000192108 -0.000203102 1 0.000530961 -0.000191892 -0.000531039 1 0.00627255 0.016045 0.0424359
FixedParameters: 0 0 0

#Transform 19
Transform: AffineTransform_float_3_3
Parameters: 1 0.000203297 -0.000245755 -0.000202703 1 0.00120705 0.000246245 -0.00120695 0.999999 0.00799941 0.0134392 0.0112865
FixedParameters: 0 0 0

#Transform 20
Transform: AffineTransform_float_3_3
Parameters: 1 0.000203104 -0.000245914 -0.000202896 1 0.00042205 0.000246086 -0.00042195 1 0.00393212 0.0164661 0.00273162
FixedParameters: 0 0 0

#Transform 21
Transform: AffineTransform_float_3_3
Parameters: 1 0.000203065 8.28406e-05 -0.000202935 0.999999 -0.000785016 -8.31593e-05 0.000784983 0.999999 -0.00425738 -0.00231407 -0.0371913
FixedParameters: 0 0 0

#Transform 22
Transform: AffineTransform_float_3_3
Parameters: 1 0.000203056 0.00012691 -0.000202943 1 -0.000445026 -0.00012709 0.000444974 1 0.00649877 -0.00205871 -0.0215334
FixedParameters: 0 0 0

#Transform 23
Transform: AffineTransform_float_3_3
Parameters: 1 0.000594986 -0.000246033 -0.000595014 1 -5.58536e-05 0.000245967 5.61463e-05 1 0.011615 0.00203039 0.00364929
FixedParameters: 0 0 0

#Transform 24
Transform: AffineTransform_float_3_3
Parameters: 1 0.000374961 0.000223396 -0.000374037 0.999991 -0.00428408 -0.000225605 0.00428491 0.999991 -0.0169534 -0.0325338 0.067322
FixedParameters: 0 0 0

#Transform 25
Transform: AffineTransform_float_3_3
Parameters: 0.999999 0.00020596 0.000683115 -0.00020304 0.99999 -0.00433014 -0.000683886 0.00432986 0.999991 -0.00390031 -0.0296798 0.0542385
FixedParameters: 0 0 0

#Transform 26
Transform: AffineTransform_float_3_3
Parameters: 0.999999 0.00020532 0.000745364 -0.00020268 0.999995 -0.00311215 -0.000745634 0.00311185 0.999995 -0.0179918 -0.0344611 0.0530623
FixedParameters: 0 0 0

#Transform 27
Transform: AffineTransform_float_3_3
Parameters: 1 0.000205111 0.000553221 -0.000202889 0.999992 -0.00381411 -0.000553778 0.00381388 0.999992 -0.0145259 -0.0317431 0.0657436
FixedParameters: 0 0 0

#Transform 28
Transform: AffineTransform_float_3_3
Parameters: 1 0.00034021 0.000583717 -0.000337788 0.999993 -0.0037832 -0.000585282 0.0037828 0.999992 -0.0119642 -0.0318599 0.058796
FixedParameters: 0 0 0

#Transform 29
Transform: AffineTransform_float_3_3
Parameters: 0.999999 0.000348309 0.000744924 -0.00034669 0.999995 -0.00309826 -0.000746077 0.00309774 0.999995 -0.00360118 -0.0259551 0.0633743
FixedParameters: 0 0 0

#Transform 30
Transform: AffineTransform_float_3_3
Parameters: 0.999999 0.00020556 0.000745298 -0.00020344 0.999994 -0.00343415 -0.000745703 0.00343385 0.999994 -0.00409313 -0.0333566 0.0750887
FixedParameters: 0 0 0

#Transform 31
Transform: AffineTransform_float_3_3
Parameters: 0.999999 0.000205557 0.000745299 -0.000203444 0.999994 -0.00342915 -0.000745702 0.00342885 0.999994 0.00319121 -0.0221009 0.0818631
FixedParameters: 0 0 0

#Transform 32
Transform: AffineTransform_float_3_3
Parameters: 0.999999 0.00020494 0.000745469 -0.000203061 0.999996 -0.00260215 -0.000745531 0.00260185 0.999997 -0.00408642 -0.0146096 0.0695975
FixedParameters: 0 0 0

#Transform 33
Transform: AffineTransform_float_3_3
Parameters: 0.999999 0.000205178 0.000745404 -0.000202823 0.999995 -0.00292115 -0.000745596 0.00292085 0.999996 -0.00408949 -0.0187117 0.0719684
FixedParameters: 0 0 0

#Transform 34
Transform: AffineTransform_float_3_3
Parameters: 1 0.000680498 0.000934186 -0.000677504 0.999996 -0.00267064 -0.000935813 0.00267037 0.999996 -0.00324258 -0.00248796 0.09688
FixedParameters: 0 0 0

#Transform 35
Transform: AffineTransform_float_3_3
Parameters: 0.999999 0.000489217 0.0012037 -0.000486786 0.999997 -0.00267059 -0.0012043 0.00267041 0.999995 0.0058812 -0.0070585 0.071874
FixedParameters: 0 0 0

#Transform 36
Transform: AffineTransform_float_3_3
Parameters: 0.999999 0.000494971 0.00138859 -0.000491028 0.999996 -0.00285868 -0.00139041 0.00285831 0.999995 0.0122052 -0.0110589 0.0791331
FixedParameters: 0 0 0

#Transform 37
Transform: AffineTransform_float_3_3
Parameters: 0.999998 0.000207309 0.00201656 -0.000202689 0.999997 -0.00213741 -0.00201744 0.00213658 0.999995 0.0385338 0.0138935 0.0287239
FixedParameters: 0 0 0

#Transform 38
Transform: AffineTransform_float_3_3
Parameters: 0.999998 0.00186697 -0.000436345 -0.00186302 0.999959 0.00893083 0.000453656 -0.00893017 0.99996 -0.0513005 0.190004 -0.211649
FixedParameters: 0 0 0

#Transform 39
Transform: AffineTransform_float_3_3
Parameters: 0.999999 0.0015731 -7.26801e-06 -0.0015729 0.999971 0.00745802 1.97312e-05 -0.00745798 0.999972 -0.0404267 0.189489 -0.170331
FixedParameters: 0 0 0

#Transform 40
Transform: AffineTransform_float_3_3
Parameters: 0.999999 0.00184966 0.000222409 -0.00185133 0.99998 0.0061656 -0.000210588 -0.0061664 0.999981 -0.0157817 0.171777 -0.136152
FixedParameters: 0 0 0

#Transform 41
Transform: AffineTransform_float_3_3
Parameters: 0.999999 0.00157248 0.000108798 -0.00157252 0.999987 0.00495784 -0.000101204 -0.00495817 0.999987 -0.0173082 0.163036 -0.07996
FixedParameters: 0 0 0

#Transform 42
Transform: AffineTransform_float_3_3
Parameters: 0.999998 0.00170075 -0.000198684 -0.00170025 0.999991 0.00371434 0.000204317 -0.00371466 0.999993 -0.0329726 0.132834 -0.0654023
FixedParameters: 0 0 0

#Transform 43
Transform: AffineTransform_float_3_3
Parameters: 0.999998 0.00157087 0.000549138 -0.00157213 0.999991 0.00390414 -0.000542866 -0.00390486 0.999992 -0.0164774 0.13207 -0.0790077
FixedParameters: 0 0 0

#Transform 44
Transform: AffineTransform_float_3_3
Parameters: 0.999998 0.00151677 0.000574927 -0.00151923 0.999991 0.00390413 -0.000569073 -0.00390487 0.999992 -0.00684429 0.131988 -0.0843808
FixedParameters: 0 0 0

#Transform 45
Transform: AffineTransform_float_3_3
Parameters: 0.999998 0.00157063 0.000651744 -0.00157237 0.999992 0.00365398 -0.000646258 -0.00365502 0.999993 -0.0176337 0.126519 -0.0836526
FixedParameters: 0 0 0

#Transform 46
Transform: AffineTransform_float_3_3
Parameters: 0.999998 0.00157066 0.000677442 -0.00157234 0.999993 0.00346194 -0.000672559 -0.00346306 0.999994 -0.000277204 0.108888 -0.0629232
FixedParameters: 0 0 0

#Transform 47
Transform: AffineTransform_float_3_3
Parameters: 0.999999 0.00173685 0.00045244 -0.00173815 0.999995 0.00255522 -0.00044756 -0.00255578 0.999996 0.00133296 0.106537 -0.0376894
FixedParameters: 0 0 0

#Transform 48
Transform: AffineTransform_float_3_3
Parameters: 0.999998 0.00157167 0.000469487 -0.00157233 0.999994 0.00285326 -0.000465515 -0.00285373 0.999996 0.000553412 0.109644 -0.0373224
FixedParameters: 0 0 0

#Transform 49
Transform: AffineTransform_float_3_3
Parameters: 0.999998 0.00157133 0.000772409 -0.00157267 0.999997 0.00216779 -0.000768591 -0.00216921 0.999998 -0.000639631 0.101486 -0.0314643
FixedParameters: 0 0 0

#Transform 50
Transform: AffineTransform_float_3_3
Parameters: 0.999997 0.00198705 0.00124771 -0.00198995 0.999995 0.00236553 -0.0012433 -0.00236748 0.999997 0.0175609 0.111057 -0.0234141
FixedParameters: 0 0 0

#Transform 51
Transform: AffineTransform_float_3_3
Parameters: 0.999999 0.00157098 0.000926434 -0.00157302 0.999997 0.00218355 -0.000922568 -0.00218445 0.999997 0.0111729 0.103436 -0.0299741
FixedParameters: 0 0 0

#Transform 52
Transform: AffineTransform_float_3_3
Parameters: 0.999999 0.00157119 0.000926074 -0.00157281 0.999997 0.00195455 -0.000922927 -0.00195545 0.999997 0.0106512 0.104418 -0.0226708
FixedParameters: 0 0 0

#Transform 53
Transform: AffineTransform_float_3_3
Parameters: 0.999998 0.00157028 0.00133321 -0.00157272 0.999996 0.00204291 -0.00132979 -0.00204509 0.999997 0.0170113 0.104069 -0.0334595
FixedParameters: 0 0 0

#Transform 54
Transform: AffineTransform_float_3_3
Parameters: 0.999997 0.00173624 0.00166493 -0.00173976 0.999996 0.00225811 -0.00166107 -0.00226089 0.999996 0.0282776 0.0940678 -0.0443119
FixedParameters: 0 0 0

#Transform 55
Transform: AffineTransform_float_3_3
Parameters: 0.999997 0.001807 0.00166426 -0.00181 0.999996 0.00180299 -0.00166074 -0.00180601 0.999997 0.0285002 0.0781944 -0.0201948
FixedParameters: 0 0 0

#Transform 56
Transform: AffineTransform_float_3_3
Parameters: 0.999996 0.00192753 0.00174473 -0.00192947 0.999997 0.00141464 -0.00174127 -0.00141836 0.999998 0.0285285 0.0797408 -0.0188736
FixedParameters: 0 0 0

#Transform 57
Transform: AffineTransform_float_3_3
Parameters: 0.999996 0.00193695 0.00166455 -0.00194004 0.999997 0.00182978 -0.00166045 -0.00183322 0.999997 0.0206951 0.100513 -0.0202743
FixedParameters: 0 0 0

#Transform 58
Transform: AffineTransform_float_3_3
Parameters: 0.999996 0.00207588 0.00166489 -0.00207912 0.999996 0.00187255 -0.00166111 -0.00187545 0.999997 0.0186326 0.0984264 0.0069336
FixedParameters: 0 0 0

#Transform 59
Transform: AffineTransform_float_3_3
Parameters: 0.999996 0.00216717 0.00152902 -0.00216983 0.999996 0.00185269 -0.00152498 -0.00185631 0.999997 0.0302252 0.0996081 0.00713375
FixedParameters: 0 0 0

#Transform 60
Transform: AffineTransform_float_3_3
Parameters: 0.999996 0.00216726 0.00148899 -0.00216974 0.999996 0.00183878 -0.00148501 -0.00184223 0.999997 0.030348 0.10135 -0.00262611
FixedParameters: 0 0 0

#Transform 61
Transform: AffineTransform_float_3_3
Parameters: 0.999997 0.00216581 0.00166646 -0.00217019 0.999994 0.00251539 -0.00166054 -0.00251961 0.999996 0.0255208 0.111339 -0.0298629
FixedParameters: 0 0 0

#Transform 62
Transform: AffineTransform_float_3_3
Parameters: 0.999995 0.00244881 0.00166717 -0.00245319 0.999994 0.00251492 -0.00166083 -0.00251908 0.999996 0.0305763 0.111207 -0.0299539
FixedParameters: 0 0 0

#Transform 63
Transform: AffineTransform_float_3_3
Parameters: 0.999996 0.00235281 0.00166693 -0.00235719 0.999994 0.00251508 -0.00166107 -0.00251892 0.999996 0.0183788 0.108985 -0.029973
FixedParameters: 0 0 0

#Transform 64
Transform: AffineTransform_float_3_3
Parameters: 0.999996 0.00216616 0.00152546 -0.00216983 0.999994 0.0025157 -0.00151954 -0.0025193 0.999995 0.0142917 0.126527 -0.0585163
FixedParameters: 0 0 0

#Transform 65
Transform: AffineTransform_float_3_3
Parameters: 0.999995 0.00259426 0.00188553 -0.00259874 0.999994 0.00251411 -0.00187847 -0.00251889 0.999995 0.0239979 0.110996 -0.0829558
FixedParameters: 0 0 0

#Transform 66
Transform: AffineTransform_float_3_3
Parameters: 0.999994 0.00259088 0.0023211 -0.00259912 0.999991 0.00350399 -0.0023119 -0.00351001 0.999991 0.0479734 0.126986 -0.120061
FixedParameters: 0 0 0

#Transform 67
Transform: AffineTransform_float_3_3
Parameters: 0.999995 0.00259378 0.00177963 -0.00259922 0.999993 0.00293739 -0.00177137 -0.00294261 0.999994 0.0289124 0.126165 -0.125682
FixedParameters: 0 0 0

#Transform 68
Transform: AffineTransform_float_3_3
Parameters: 0.999994 0.00269913 0.0018571 -0.00270387 0.999993 0.00262599 -0.0018509 -0.00263101 0.999995 0.0223443 0.135389 -0.12487
FixedParameters: 0 0 0

#Transform 69
Transform: AffineTransform_float_3_3
Parameters: 0.999994 0.00287377 0.00204138 -0.00287922 0.999992 0.00256214 -0.00203362 -0.00256786 0.999994 0.0276659 0.130647 -0.134196
FixedParameters: 0 0 0

#Transform 70
Transform: AffineTransform_float_3_3
Parameters: 0.999994 0.00259318 0.00198363 -0.00259882 0.999993 0.00293686 -0.00197637 -0.00294214 0.999993 0.0271365 0.14153 -0.107663
FixedParameters: 0 0 0

#Transform 71
Transform: AffineTransform_float_3_3
Parameters: 0.999995 0.00259334 0.00203922 -0.00259866 0.999993 0.00277872 -0.00203278 -0.00278329 0.999994 0.0251925 0.151268 -0.106057
FixedParameters: 0 0 0

#Transform 72
Transform: AffineTransform_float_3_3
Parameters: 0.999995 0.00259346 0.00188863 -0.00259854 0.999993 0.00293711 -0.00188137 -0.0029419 0.999994 0.0224222 0.139648 -0.116361
FixedParameters: 0 0 0

#Transform 73
Transform: AffineTransform_float_3_3
Parameters: 0.999995 0.00259462 0.0017256 -0.00259938 0.999994 0.00253853 -0.0017194 -0.00254348 0.999996 0.0117728 0.130797 -0.124427
FixedParameters: 0 0 0

#Transform 74
Transform: AffineTransform_float_3_3
Parameters: 0.999995 0.00289101 0.00166793 -0.00289499 0.999993 0.00239318 -0.00166107 -0.00239781 0.999995 0.0116204 0.141743 -0.129924
FixedParameters: 0 0 0

#Transform 75
Transform: AffineTransform_float_3_3
Parameters: 0.999995 0.00259556 0.00181194 -0.00259844 0.999995 0.0019013 -0.00180706 -0.0019057 0.999996 0.0190568 0.133492 -0.122528
FixedParameters: 0 0 0

#Transform 76
Transform: AffineTransform_float_3_3
Parameters: 0.999994 0.00259589 0.00205793 -0.00259911 0.999996 0.00151166 -0.00205406 -0.00151734 0.999996 0.0280161 0.118044 -0.0971881
FixedParameters: 0 0 0

#Transform 77
Transform: AffineTransform_float_3_3
Parameters: 0.999994 0.00251557 0.00211926 -0.00251942 0.999994 0.00208767 -0.00211374 -0.00209333 0.999995 0.0275744 0.115901 -0.0732798
FixedParameters: 0 0 0

#Transform 78
Transform: AffineTransform_float_3_3
Parameters: 0.999995 0.00235944 0.00235258 -0.00236256 0.999996 0.00151145 -0.00234943 -0.00151655 0.999996 0.0212805 0.105996 -0.0688459
FixedParameters: 0 0 0

#Transform 79
Transform: AffineTransform_float_3_3
Parameters: 0.999995 0.00214571 0.00235392 -0.00214929 0.999996 0.00182295 -0.00235008 -0.00182805 0.999995 0.0253755 0.0895953 -0.0871431
FixedParameters: 0 0 0

#Transform 80
Transform: AffineTransform_float_3_3
Parameters: 0.999995 0.00219302 0.002176 -0.00219498 0.999997 0.000907228 -0.002174 -0.000912772 0.999997 0.0107992 0.0650739 -0.024871
FixedParameters: 0 0 0

#Transform 81
Transform: AffineTransform_float_3_3
Parameters: 0.999994 0.00216238 0.00253808 -0.00216561 0.999996 0.00142251 -0.00253491 -0.00142849 0.999996 0.0247014 0.05786 -0.0366831
FixedParameters: 0 0 0

#Transform 82
Transform: AffineTransform_float_3_3
Parameters: 0.999993 0.00217271 0.00283229 -0.00217729 0.999997 0.00151084 -0.00282871 -0.00151716 0.999995 0.0237105 0.0553634 -0.00435256
FixedParameters: 0 0 0

#Transform 83
Transform: AffineTransform_float_3_3
Parameters: 0.999994 0.00210885 0.00266388 -0.00211515 0.999995 0.00230738 -0.00265912 -0.00231262 0.999994 0.024158 0.0708578 -0.0372916
FixedParameters: 0 0 0

#Transform 84
Transform: AffineTransform_float_3_3
Parameters: 0.999994 0.00218694 0.00266481 -0.00219406 0.999994 0.00264817 -0.00265919 -0.00265483 0.999993 0.024339 0.0719286 -0.0643083
FixedParameters: 0 0 0

#Transform 85
Transform: AffineTransform_float_3_3
Parameters: 0.999995 0.00137488 0.00278103 -0.00138112 0.999996 0.00220017 -0.00277797 -0.00220383 0.999993 0.0375359 0.0601616 -0.0630274
FixedParameters: 0 0 0

#Transform 86
Transform: AffineTransform_float_3_3
Parameters: 0.999989 0.00178728 0.00445016 -0.00180472 0.99999 0.00398101 -0.00444285 -0.00398898 0.999982 0.0401665 0.0940334 -0.140792
FixedParameters: 0 0 0

#Transform 87
Transform: AffineTransform_float_3_3
Parameters: 0.999989 0.00163852 0.00435476 -0.00165848 0.999987 0.00470383 -0.00434724 -0.00471117 0.99998 0.0345011 0.0979108 -0.118163
FixedParameters: 0 0 0

#Transform 88
Transform: AffineTransform_float_3_3
Parameters: 0.99999 0.00151862 0.00434265 -0.00152939 0.999996 0.00238938 -0.00433935 -0.00239561 0.999987 0.0473223 0.0753675 -0.096038
FixedParameters: 0 0 0

#Transform 89
Transform: AffineTransform_float_3_3
Parameters: 0.999988 0.00258239 0.00411379 -0.00259061 0.999995 0.00184636 -0.00410821 -0.00185663 0.99999 0.0395925 0.0688729 -0.0485954
FixedParameters: 0 0 0

#Transform 90
Transform: AffineTransform_float_3_3
Parameters: 0.999988 0.00213502 0.00424059 -0.00215198 0.999989 0.00400292 -0.00423241 -0.00401208 0.999983 0.0371036 0.080606 -0.110488
FixedParameters: 0 0 0

#Transform 91
Transform: AffineTransform_float_3_3
Parameters: 0.999997 0.00171129 0.00184637 -0.0017167 0.999996 0.00254984 -0.00184163 -0.00255316 0.999995 -0.0328533 0.0458803 -0.0842975
FixedParameters: 0 0 0

#Transform 92
Transform: AffineTransform_float_3_3
Parameters: 0.999996 0.00147071 0.00217264 -0.00147929 0.999991 0.0038198 -0.00216736 -0.0038222 0.999991 -0.0196792 0.0605578 -0.0776789
FixedParameters: 0 0 0

#Transform 93
Transform: AffineTransform_float_3_3
Parameters: 0.999995 0.00181514 0.00252612 -0.00182486 0.99999 0.00390841 -0.00251888 -0.00391259 0.999989 -0.00568636 0.0836048 -0.092411
FixedParameters: 0 0 0

#Transform 94
Transform: AffineTransform_float_3_3
Parameters: 0.999995 0.00197165 0.00249501 -0.00198234 0.999987 0.00455307 -0.00248599 -0.00455792 0.999986 -0.0051386 0.101314 -0.143962
FixedParameters: 0 0 0

#Transform 95
Transform: AffineTransform_float_3_3
Parameters: 0.999994 0.0024612 0.00246683 -0.0024728 0.999986 0.00479093 -0.00245517 -0.00479708 0.999986 -0.017949 0.100086 -0.156601
FixedParameters: 0 0 0

#Transform 96
Transform: AffineTransform_float_3_3
Parameters: 0.999994 0.00246009 0.00269882 -0.00247291 0.999985 0.00479035 -0.00268718 -0.00479764 0.999985 -0.0102044 0.0912179 -0.140813
FixedParameters: 0 0 0

#Transform 97
Transform: AffineTransform_float_3_3
Parameters: 0.999993 0.00245908 0.00281123 -0.00247291 0.999984 0.00495708 -0.00279877 -0.00496391 0.999984 -0.00469691 0.0995595 -0.138506
FixedParameters: 0 0 0

#Transform 98
Transform: AffineTransform_float_3_3
Parameters: 0.999992 0.00266666 0.00316315 -0.00268134 0.999986 0.00453856 -0.00315085 -0.00454744 0.999984 -0.0112081 0.100967 -0.156005
FixedParameters: 0 0 0

#Transform 99
Transform: AffineTransform_float_3_3
Parameters: 0.999991 0.00244808 0.00330759 -0.00247292 0.999969 0.00755189 -0.00328841 -0.00756012 0.999966 -0.0259453 0.180167 -0.221271
FixedParameters: 0 0 0

#Transform 100
Transform: AffineTransform_float_3_3
Parameters: 0.999996 0.00246867 0.000853768 -0.00248533 0.999803 0.0196869 -0.000805224 -0.0196891 0.999806 -0.108475 0.312624 -0.518676
FixedParameters: 0 0 0

#Transform 101
Transform: AffineTransform_float_3_3
Parameters: 0.999997 0.00252105 -0.00101214 -0.00249095 0.999586 0.0286706 0.00108386 -0.0286684 0.999589 -0.150012 0.446571 -0.6986
FixedParameters: 0 0 0

#Transform 102
Transform: AffineTransform_float_3_3
Parameters: 0.999995 0.00292085 -0.000353645 -0.00291013 0.999616 0.0275572 0.000434358 -0.0275559 0.99962 -0.128606 0.437278 -0.694857
FixedParameters: 0 0 0

#Transform 103
Transform: AffineTransform_float_3_3
Parameters: 0.999994 0.00313913 0.000915253 -0.00316287 0.999621 0.0273663 -0.000828751 -0.0273688 0.999625 -0.106367 0.446488 -0.714553
FixedParameters: 0 0 0

#Transform 104
Transform: AffineTransform_float_3_3
Parameters: 0.999995 0.00302948 0.000713938 -0.00304753 0.999658 0.025976 -0.000635049 -0.0259781 0.999663 -0.103507 0.453846 -0.64814
FixedParameters: 0 0 0

#Transform 105
Transform: AffineTransform_float_3_3
Parameters: 0.999996 0.0027644 0.000692041 -0.0027806 0.999677 0.0252562 -0.000621966 -0.0252588 0.999681 -0.110914 0.438015 -0.622356
FixedParameters: 0 0 0

#Transform 106
Transform: AffineTransform_float_3_3
Parameters: 0.999997 0.00223275 0.000884647 -0.00225426 0.99969 0.0248001 -0.000829347 -0.0248019 0.999692 -0.097092 0.421085 -0.618808
FixedParameters: 0 0 0

#Transform 107
Transform: AffineTransform_float_3_3
Parameters: 0.999997 0.00229535 0.00137408 -0.00232865 0.999703 0.0242529 -0.00131791 -0.0242561 0.999705 -0.0820691 0.423321 -0.59289
FixedParameters: 0 0 0

#Transform 108
Transform: AffineTransform_float_3_3
Parameters: 0.999995 0.00249916 0.00194731 -0.00254484 0.999711 0.0239062 -0.0018867 -0.0239108 0.999713 -0.0666037 0.392635 -0.583461
FixedParameters: 0 0 0

#Transform 109
Transform: AffineTransform_float_3_3
Parameters: 0.999993 0.00239328 0.00279465 -0.00245873 0.999715 0.0237563 -0.00273735 -0.0237627 0.999714 -0.0422605 0.371428 -0.548045
FixedParameters: 0 0 0

#Transform 110
Transform: AffineTransform_float_3_3
Parameters: 0.999993 0.00226187 0.00298921 -0.00232812 0.999748 0.0223072 -0.00293779 -0.0223138 0.999746 -0.0287303 0.372148 -0.524738
FixedParameters: 0 0 0

#Transform 111
Transform: AffineTransform_float_3_3
Parameters: 0.999982 0.00238296 0.00539898 -0.00249104 0.999795 0.0200939 -0.00535 -0.0201071 0.999783 0.0289433 0.337466 -0.534024
FixedParameters: 0 0 0

#Transform 112
Transform: AffineTransform_float_3_3
Parameters: 0.999979 0.00262331 0.00583086 -0.00274169 0.999788 0.0204414 -0.00577614 -0.0204576 0.999774 0.0220433 0.337074 -0.535116
FixedParameters: 0 0 0

#Transform 113
Transform: AffineTransform_float_3_3
Parameters: 0.999981 0.00278838 0.0054708 -0.00289861 0.99979 0.0203175 -0.0054122 -0.0203335 0.999778 0.0265959 0.342763 -0.518469
FixedParameters: 0 0 0

#Transform 114
Transform: AffineTransform_float_3_3
Parameters: 0.999982 0.00268857 0.00536431 -0.00279943 0.999778 0.0208754 -0.0053067 -0.0208896 0.999767 0.0240649 0.336989 -0.560381
FixedParameters: 0 0 0

#Transform 115
Transform: AffineTransform_float_3_3
Parameters: 0.999985 0.00263412 0.00493215 -0.00274188 0.999755 0.0219958 -0.00487285 -0.0220092 0.999746 0.0216095 0.31943 -0.556043
FixedParameters: 0 0 0

#Transform 116
Transform: AffineTransform_float_3_3
Parameters: 0.999985 0.00264153 0.00492819 -0.00274148 0.999786 0.0204948 -0.00487282 -0.0205072 0.999778 0.0259739 0.329055 -0.495715
FixedParameters: 0 0 0

#Transform 117
Transform: AffineTransform_float_3_3
Parameters: 0.999983 0.00305242 0.00485112 -0.00314858 0.999795 0.0200271 -0.00478888 -0.0200419 0.999787 0.0274489 0.308756 -0.49426
FixedParameters: 0 0 0

#Transform 118
Transform: AffineTransform_float_3_3
Parameters: 0.999985 0.00305667 0.00466482 -0.00314831 0.999796 0.0199146 -0.00460219 -0.0199294 0.999791 0.0186327 0.292819 -0.485733
FixedParameters: 0 0 0

#Transform 119
Transform: AffineTransform_float_3_3
Parameters: 0.999984 0.00306236 0.00470751 -0.00314863 0.999823 0.0185085 -0.0046495 -0.0185235 0.999817 0.0281612 0.283297 -0.432997
FixedParameters: 0 0 0

#Transform 120
Transform: AffineTransform_float_3_3
Parameters: 0.999985 0.003063 0.00467647 -0.00314901 0.999824 0.0184946 -0.00461953 -0.0185094 0.999818 0.0281492 0.282913 -0.452845
FixedParameters: 0 0 0

#Transform 121
Transform: AffineTransform_float_3_3
Parameters: 0.999985 0.00306534 0.00453864 -0.00314866 0.999823 0.018541 -0.00448137 -0.018555 0.999818 0.0287872 0.283125 -0.432478
FixedParameters: 0 0 0

#Transform 122
Transform: AffineTransform_float_3_3
Parameters: 0.999986 0.00251262 0.00451791 -0.00258938 0.999848 0.0172035 -0.0044741 -0.0172145 0.999842 0.0254497 0.267284 -0.399933
FixedParameters: 0 0 0

#Transform 123
Transform: AffineTransform_float_3_3
Parameters: 0.999986 0.00254489 0.0045943 -0.00262411 0.999843 0.0175172 -0.00454872 -0.0175288 0.999836 0.0188638 0.262923 -0.447559
FixedParameters: 0 0 0

#Transform 124
Transform: AffineTransform_float_3_3
Parameters: 0.999987 0.00253423 0.0045809 -0.00261278 0.999851 0.0170523 -0.00453709 -0.0170637 0.999844 0.0189597 0.267007 -0.442826
FixedParameters: 0 0 0

#Transform 125
Transform: AffineTransform_float_3_3
Parameters: 0.999986 0.00262325 0.00464233 -0.00270676 0.999832 0.0181277 -0.00459467 -0.0181393 0.999825 0.0188385 0.284493 -0.477954
FixedParameters: 0 0 0

#Transform 126
Transform: AffineTransform_float_3_3
Parameters: 0.999987 0.00245104 0.00461085 -0.00252995 0.999849 0.0171986 -0.00456715 -0.0172094 0.999842 0.0225029 0.249706 -0.446269
FixedParameters: 0 0 0

#Transform 127
Transform: AffineTransform_float_3_3
Parameters: 0.999986 0.00228538 0.00463358 -0.00236263 0.99986 0.0165993 -0.0045954 -0.0166097 0.999851 0.0209357 0.232874 -0.421367
FixedParameters: 0 0 0

#Transform 128
Transform: AffineTransform_float_3_3
Parameters: 0.999987 0.00228719 0.00450973 -0.00236182 0.999859 0.0166546 -0.00447127 -0.0166655 0.999851 0.0226501 0.233182 -0.394213
FixedParameters: 0 0 0

#Transform 129
Transform: AffineTransform_float_3_3
Parameters: 0.999989 0.00229886 0.00406437 -0.00236214 0.999875 0.0156006 -0.00402763 -0.0156094 0.99987 0.016332 0.224892 -0.395132
FixedParameters: 0 0 0

#Transform 130
Transform: AffineTransform_float_3_3
Parameters: 0.999988 0.00246176 0.00436356 -0.00253426 0.999859 0.0166292 -0.00432244 -0.0166399 0.999852 0.0143921 0.226992 -0.41363
FixedParameters: 0 0 0

#Transform 131
Transform: AffineTransform_float_3_3
Parameters: 0.999987 0.00266458 0.00434489 -0.00273843 0.999852 0.0169813 -0.0042991 -0.0169927 0.999847 0.0135567 0.229678 -0.417299
FixedParameters: 0 0 0

#Transform 132
Transform: AffineTransform_float_3_3
Parameters: 0.999985 0.00271838 0.00460708 -0.00279462 0.999857 0.0167074 -0.00456093 -0.0167196 0.99985 0.0220413 0.22653 -0.41762
FixedParameters: 0 0 0

#Transform 133
Transform: AffineTransform_float_3_3
Parameters: 0.999985 0.00280529 0.00457862 -0.00287971 0.999862 0.0163941 -0.00453138 -0.016407 0.999855 0.0272026 0.215558 -0.385311
FixedParameters: 0 0 0

#Transform 134
Transform: AffineTransform_float_3_3
Parameters: 0.999986 0.00280566 0.00449229 -0.00287933 0.999857 0.0166273 -0.00444472 -0.0166407 0.999851 0.0228898 0.216498 -0.397415
FixedParameters: 0 0 0

#Transform 135
Transform: AffineTransform_float_3_3
Parameters: 0.999987 0.00265679 0.00450774 -0.00272821 0.999871 0.0158649 -0.00446526 -0.0158771 0.999864 0.0161853 0.216412 -0.424138
FixedParameters: 0 0 0

#Transform 136
Transform: AffineTransform_float_3_3
Parameters: 0.999987 0.00281296 0.00421255 -0.00288004 0.999868 0.0159931 -0.00416746 -0.0160049 0.999863 0.00924184 0.219389 -0.453961
FixedParameters: 0 0 0

#Transform 137
Transform: AffineTransform_float_3_3
Parameters: 0.999987 0.00281675 0.00407248 -0.00287924 0.999874 0.0156085 -0.00402753 -0.0156205 0.99987 0.00970047 0.200349 -0.452159
FixedParameters: 0 0 0

#Transform 138
Transform: AffineTransform_float_3_3
Parameters: 0.999987 0.00281729 0.00407211 -0.00287971 0.999876 0.0154775 -0.0040279 -0.0154885 0.999872 0.00100418 0.20087 -0.451834
FixedParameters: 0 0 0

#Transform 139
Transform: AffineTransform_float_3_3
Parameters: 0.999988 0.0027486 0.00407222 -0.0028134 0.999869 0.0158947 -0.00402778 -0.0159063 0.999866 -0.00405657 0.209899 -0.438493
FixedParameters: 0 0 0

#Transform 140
Transform: AffineTransform_float_3_3
Parameters: 0.999987 0.00281375 0.00407455 -0.00287924 0.999863 0.0163445 -0.00402746 -0.0163565 0.999858 0.00204524 0.228321 -0.455064
FixedParameters: 0 0 0

#Transform 141
Transform: AffineTransform_float_3_3
Parameters: 0.999987 0.00281628 0.0040728 -0.00287972 0.999872 0.0157245 -0.0040282 -0.0157365 0.999868 0.00974683 0.220397 -0.452998
FixedParameters: 0 0 0

#Transform 142
Transform: AffineTransform_float_3_3
Parameters: 0.999987 0.00281663 0.00407256 -0.00287935 0.999873 0.0156375 -0.00402745 -0.0156495 0.99987 0.00984967 0.221151 -0.433218
FixedParameters: 0 0 0

#Transform 143
Transform: AffineTransform_float_3_3
Parameters: 0.999987 0.00299939 0.00407784 -0.00306661 0.999861 0.0164277 -0.00402815 -0.0164403 0.999856 0.0103925 0.217174 -0.474695
FixedParameters: 0 0 0

#Transform 144
Transform: AffineTransform_float_3_3
Parameters: 0.999987 0.00281201 0.00407575 -0.00287999 0.999855 0.0167715 -0.00402825 -0.0167835 0.999851 0.00372448 0.226777 -0.479971
FixedParameters: 0 0 0

#Transform 145
Transform: AffineTransform_float_3_3
Parameters: 0.999986 0.00281127 0.00434128 -0.00287974 0.99987 0.0159067 -0.00429672 -0.0159193 0.999864 -0.00231599 0.218857 -0.503223
FixedParameters: 0 0 0

#Transform 146
Transform: AffineTransform_float_3_3
Parameters: 0.999989 0.00240418 0.00406763 -0.00246982 0.999865 0.0162541 -0.00402837 -0.0162639 0.999859 -0.00282858 0.222016 -0.479441
FixedParameters: 0 0 0

#Transform 147
Transform: AffineTransform_float_3_3
Parameters: 0.999988 0.00230913 0.00435696 -0.00238287 0.999852 0.0170258 -0.00431704 -0.0170362 0.999845 -0.0112509 0.219418 -0.48042
FixedParameters: 0 0 0

#Transform 148
Transform: AffineTransform_float_3_3
Parameters: 0.999987 0.00239031 0.00463254 -0.00247069 0.999844 0.0174928 -0.00458947 -0.0175032 0.999837 -0.0024173 0.233494 -0.485938
FixedParameters: 0 0 0

#Transform 149
Transform: AffineTransform_float_3_3
Parameters: 0.999987 0.00241044 0.00452925 -0.00248956 0.999841 0.017644 -0.00448576 -0.0176551 0.999834 -0.00866502 0.252167 -0.459738
FixedParameters: 0 0 0

#Transform 150
Transform: AffineTransform_float_3_3
Parameters: 0.999988 0.00232721 0.00443579 -0.00240679 0.999834 0.0180675 -0.00439322 -0.0180784 0.999827 -0.00637219 0.253172 -0.513193
FixedParameters: 0 0 0

#Transform 151
Transform: AffineTransform_float_3_3
Parameters: 0.999989 0.00233523 0.00407003 -0.00240677 0.99984 0.0177194 -0.00402797 -0.0177296 0.999834 -0.00953706 0.261833 -0.540533
FixedParameters: 0 0 0

#Transform 152
Transform: AffineTransform_float_3_3
Parameters: 0.999989 0.00257137 0.00408125 -0.00265362 0.999789 0.0203714 -0.00402777 -0.0203816 0.999784 -0.00639655 0.291283 -0.521393
FixedParameters: 0 0 0

#Transform 153
Transform: AffineTransform_float_3_3
Parameters: 0.999984 0.00312463 0.00472052 -0.00324335 0.999675 0.0252791 -0.00463947 -0.0252939 0.99967 0.0138175 0.327869 -0.620672
FixedParameters: 0 0 0

#Transform 154
Transform: AffineTransform_float_3_3
Parameters: 0.999985 0.00300454 0.00470474 -0.00311744 0.999705 0.0240817 -0.00463025 -0.0240963 0.999699 0.008694 0.317602 -0.604416
FixedParameters: 0 0 0

#Transform 155
Transform: AffineTransform_float_3_3
Parameters: 0.999988 0.00289572 0.00409484 -0.00298828 0.999737 0.022711 -0.00402815 -0.0227229 0.999733 0.00062522 0.309284 -0.585505
FixedParameters: 0 0 0

#Transform 156
Transform: AffineTransform_float_3_3
Parameters: 0.999987 0.00289496 0.00417999 -0.00298804 0.999744 0.0224258 -0.00411401 -0.0224382 0.99974 -0.00602824 0.304008 -0.604209
FixedParameters: 0 0 0

#Transform 157
Transform: AffineTransform_float_3_3
Parameters: 0.999988 0.00263451 0.00408709 -0.00272349 0.999753 0.0220471 -0.00402792 -0.0220579 0.999748 0.00494148 0.291809 -0.591821
FixedParameters: 0 0 0

#Transform 158
Transform: AffineTransform_float_3_3
Parameters: 0.999996 0.000308732 0.00302839 -0.000366279 0.999821 0.018928 -0.00302261 -0.018929 0.999817 0.0325252 0.265728 -0.550597
FixedParameters: 0 0 0

#Transform 159
Transform: AffineTransform_float_3_3
Parameters: 0.999995 1.46662e-05 0.0029158 -7.0337e-05 0.99982 0.0189779 -0.00291519 -0.0189781 0.999815 0.035188 0.253081 -0.545034
FixedParameters: 0 0 0

#Transform 160
Transform: AffineTransform_float_3_3
Parameters: 0.999999 -0.00130912 -0.000409542 0.00131787 0.999747 0.0224865 0.000379461 -0.0224875 0.999747 -0.0347873 0.222509 -0.442749
FixedParameters: 0 0 0

#Transform 161
Transform: AffineTransform_float_3_3
Parameters: 0.999997 -0.000804771 0.00207793 0.000762225 0.999789 0.0205036 -0.00209407 -0.0205013 0.999787 -0.0026116 0.228705 -0.574373
FixedParameters: 0 0 0

#Transform 162
Transform: AffineTransform_float_3_3
Parameters: 0.999997 3.16153e-05 0.00246723 -8.43794e-05 0.999774 0.0212349 -0.00246577 -0.0212351 0.999772 0.000986616 0.242389 -0.558755
FixedParameters: 0 0 0

#Transform 163
Transform: AffineTransform_float_3_3
Parameters: 0.999997 0.000409669 0.00261392 -0.000463336 0.999791 0.0204359 -0.00260508 -0.0204361 0.999788 0.000210315 0.229127 -0.567247
FixedParameters: 0 0 0

#Transform 164
Transform: AffineTransform_float_3_3
Parameters: 0.999995 0.000779691 0.00291352 -0.000838297 0.999792 0.0204107 -0.00289649 -0.0204134 0.999788 0.00299284 0.249726 -0.539481
FixedParameters: 0 0 0

#Transform 165
Transform: AffineTransform_float_3_3
Parameters: 0.999994 0.000980217 0.00310154 -0.00104279 0.999794 0.0203059 -0.00308146 -0.0203091 0.999789 0.0093006 0.24149 -0.539124
FixedParameters: 0 0 0

#Transform 166
Transform: AffineTransform_float_3_3
Parameters: 0.999995 0.00108681 0.00298163 -0.0011462 0.999794 0.0202607 -0.00295938 -0.0202643 0.999791 0.00923039 0.251835 -0.522422
FixedParameters: 0 0 0

#Transform 167
Transform: AffineTransform_float_3_3
Parameters: 0.999996 0.00124812 0.00246589 -0.00129788 0.999793 0.0203309 -0.00244012 -0.0203341 0.999791 0.0141359 0.251466 -0.522526
FixedParameters: 0 0 0

#Transform 168
Transform: AffineTransform_float_3_3
Parameters: 0.999996 0.0012935 0.0024666 -0.0013425 0.999795 0.0201717 -0.00244041 -0.0201752 0.999793 0.00718074 0.253085 -0.476826
FixedParameters: 0 0 0

#Transform 169
Transform: AffineTransform_float_3_3
Parameters: 0.999995 0.00117484 0.00270228 -0.00122716 0.999812 0.0193828 -0.00267871 -0.0193862 0.999808 0.0114081 0.226146 -0.486281
FixedParameters: 0 0 0

#Transform 170
Transform: AffineTransform_float_3_3
Parameters: 0.999997 0.00108962 0.00246199 -0.00113838 0.999804 0.0197343 -0.00244001 -0.0197377 0.999802 0.00678392 0.224387 -0.50961
FixedParameters: 0 0 0

#Transform 171
Transform: AffineTransform_float_3_3
Parameters: 0.999995 0.00103727 0.00293989 -0.00109173 0.999825 0.0186759 -0.00292012 -0.0186791 0.999822 0.00907915 0.212847 -0.483602
FixedParameters: 0 0 0

#Transform 172
Transform: AffineTransform_float_3_3
Parameters: 0.999993 0.000725877 0.00366742 -0.000786117 0.999865 0.0164192 -0.00365459 -0.0164218 0.999859 0.0100772 0.168486 -0.430496
FixedParameters: 0 0 0

#Transform 173
Transform: AffineTransform_float_3_3
Parameters: 0.999992 0.000396936 0.00396018 -0.000463058 0.99986 0.0166943 -0.00395282 -0.0166967 0.999853 0.0126871 0.159351 -0.416331
FixedParameters: 0 0 0

#Transform 174
Transform: AffineTransform_float_3_3
Parameters: 0.999996 -0.000736893 0.00294048 0.000702112 0.999929 0.0118501 -0.00294853 -0.0118479 0.999926 -0.000243431 0.131374 -0.389887
FixedParameters: 0 0 0

#Transform 175
Transform: AffineTransform_float_3_3
Parameters: 0.999995 -0.000169737 0.00310972 0.000121257 0.999878 0.0156665 -0.00311228 -0.0156656 0.999873 0.0317583 0.167933 -0.545837
FixedParameters: 0 0 0

#Transform 176
Transform: AffineTransform_float_3_3
Parameters: 0.999991 0.000361789 0.00424271 -0.000443194 0.999817 0.0191553 -0.00423428 -0.0191577 0.999807 0.0705074 0.161008 -0.511028
FixedParameters: 0 0 0

#Transform 177
Transform: AffineTransform_float_3_3
Parameters: 0.999993 0.000524443 0.00376933 -0.000594569 0.999829 0.0184759 -0.00375966 -0.0184781 0.999822 0.044704 0.169544 -0.564585
FixedParameters: 0 0 0

#Transform 178
Transform: AffineTransform_float_3_3
Parameters: 0.999992 0.000780054 0.00407838 -0.000846943 0.999864 0.0164397 -0.00406463 -0.0164423 0.999857 0.050556 0.139142 -0.484899
FixedParameters: 0 0 0

#Transform 179
Transform: AffineTransform_float_3_3
Parameters: 0.99999 0.000354477 0.0042979 -0.000429527 0.999846 0.0175843 -0.00429111 -0.0175857 0.999836 0.0530453 0.151193 -0.541831
FixedParameters: 0 0 0
