#Insight Transform File V1.0
#Transform 0
Transform: AffineTransform_float_3_3
Parameters: 0.999999 -0.000446745 0.000559613 0.000450251 0.999983 -0.00582875 -0.000556385 0.00582925 0.999983 -0.0096978 -0.125799 0.0567967
FixedParameters: 0 0 0

#Transform 1
Transform: AffineTransform_float_3_3
Parameters: 1 -0.000319535 0.000403962 0.000322465 0.999981 -0.00611687 -0.000402035 0.00611713 0.999981 -0.024516 -0.151648 0.054337
FixedParameters: 0 0 0

#Transform 2
Transform: AffineTransform_float_3_3
Parameters: 1 0.000120085 0.00112268 -0.000106911 0.999932 -0.0116481 -0.00112432 0.0116479 0.999931 -0.0392085 -0.336389 -0.615569
FixedParameters: 0 0 0

#Transform 3
Transform: AffineTransform_float_3_3
Parameters: 0.999999 0.000546527 0.000692674 -0.000541478 0.999968 -0.00795538 -0.000696329 0.00795463 0.999968 -0.0412593 -0.2675 -0.437041
FixedParameters: 0 0 0

#Transform 4
Transform: AffineTransform_float_3_3
Parameters: 1 -1.76878e-06 0.000594028 6.23101e-06 0.999974 -0.007123 -0.000593971 0.007123 0.999975 -0.0121083 -0.218023 -0.21938
FixedParameters: 0 0 0

#Transform 5
Transform: AffineTransform_float_3_3
Parameters: 1 -0.000220023 0.000658683 0.00022498 0.999972 -0.00756586 -0.000657317 0.00756615 0.999971 -0.00877064 -0.203037 -0.179636
FixedParameters: 0 0 0

#Transform 6
Transform: AffineTransform_float_3_3
Parameters: 1 -0.00037889 0.000171473 0.000380106 0.999978 -0.00651693 -0.000168526 0.00651706 0.999978 -0.0407712 -0.184529 -0.168105
FixedParameters: 0 0 0

#Transform 7
Transform: AffineTransform_float_3_3
Parameters: 0.999999 -0.00074564 -0.000317846 0.00074536 0.999999 0.00113376 0.000317155 -0.00113424 1 -0.0151268 0.10509 0.0483508
FixedParameters: 0 0 0

#Transform 8
Transform: AffineTransform_float_3_3
Parameters: 1 -0.000231007 3.54839e-06 0.000230992 0.999998 0.001955 -4.4516e-06 -0.001955 0.999998 0.00196582 0.118036 -0.0161038
FixedParameters: 0 0 0

#Transform 9
Transform: AffineTransform_float_3_3
Parameters: 0.999999 0.000140202 0.000797141 -0.000140798 1 0.00100089 -0.000796859 -0.00100111 0.999999 0.00153505 0.0644184 -0.0344037
FixedParameters: 0 0 0

#Transform 10
Transform: AffineTransform_float_3_3
Parameters: 1 7.94697e-05 0.000426913 -7.85303e-05 1 -0.00110003 -0.000427087 0.00109997 1 0.0245529 0.0156576 0.0684165
FixedParameters: 0 0 0

#Transform 11
Transform: AffineTransform_float_3_3
Parameters: 1 7.91942e-05 0.000138889 -7.88056e-05 0.999999 -0.00139801 -0.00013911 0.00139799 0.999999 -0.0029823 -0.0064858 0.068258
FixedParameters: 0 0 0

#Transform 12
Transform: AffineTransform_float_3_3
Parameters: 0.999999 0.000685812 0.000425694 -0.000684187 0.999998 -0.00190529 -0.000427304 0.00190471 0.999998 0.0103543 -0.0378136 0.05677
FixedParameters: 0 0 0

#Transform 13
Transform: AffineTransform_float_3_3
Parameters: 1 7.89099e-05 -0.000207034 -7.809e-05 1 -0.000434984 0.000206966 0.000435016 1 0.00738741 0.0016058 0.0674883
FixedParameters: 0 0 0

#Transform 14
Transform: AffineTransform_float_3_3
Parameters: 0.999999 -0.000262599 -0.000721146 0.000262401 1 0.000555811 0.000720854 -0.000556189 0.999999 -0.0230791 0.0337838 0.0712249
FixedParameters: 0 0 0

#Transform 15
Transform: AffineTransform_float_3_3
Parameters: 1 -8.98815e-05 -0.000620017 9.01184e-05 1 0.000190944 0.000619983 -0.000191056 1 -0.0167092 0.0424006 0.0762068
FixedParameters: 0 0 0

#Transform 16
Transform: AffineTransform_float_3_3
Parameters: 1 7.92194e-05 -0.000619972 -7.87805e-05 1 0.000354049 0.000620028 -0.000353951 0.999999 -0.0167815 0.0272308 0.0445078
FixedParameters: 0 0 0

#Transform 17
Transform: AffineTransform_float_3_3
Parameters: 1 7.9027e-05 -8.89761e-05 -7.8973e-05 1 0.000303007 8.90239e-05 -0.000302993 1 -0.010169 0.0481501 0.0220026
FixedParameters: 0 0 0

#Transform 18
Transform: AffineTransform_float_3_3
Parameters: 1 7.89549e-05 -0.000291012 -7.80451e-05 1 -0.000154977 0.000290988 0.000155023 1 -0.0182115 0.0401844 0.0265977
FixedParameters: 0 0 0

#Transform 19
Transform: AffineTransform_float_3_3
Parameters: 0.999999 7.89823e-05 -0.000708002 -7.80177e-05 1 -2.49448e-05 0.000707998 2.50559e-05 0.999999 -0.0255943 0.0132115 0.0204512
FixedParameters: 0 0 0

#Transform 20
Transform: AffineTransform_float_3_3
Parameters: 1 7.90027e-05 9.19977e-05 -7.89973e-05 1 -2.90073e-05 -9.20023e-05 2.89927e-05 1 -0.0114938 0.00727828 0.00338843
FixedParameters: 0 0 0

#Transform 21
Transform: AffineTransform_float_3_3
Parameters: 1 7.91094e-05 -0.000131934 -7.88905e-05 0.999999 0.00082901 0.000132065 -0.000828989 0.999999 -0.0153943 0.0477929 0.026831
FixedParameters: 0 0 0

#Transform 22
Transform: AffineTransform_float_3_3
Parameters: 1 7.97071e-05 -0.000658915 -7.82928e-05 1 0.00107305 0.000659084 -0.00107295 0.999999 -0.0308191 0.063321 0.0484445
FixedParameters: 0 0 0

#Transform 23
Transform: AffineTransform_float_3_3
Parameters: 0.999999 8.00957e-05 -0.000895902 -7.89041e-05 0.999999 0.00122307 0.000896097 -0.00122293 0.999999 -0.0444527 0.0274764 0.0326125
FixedParameters: 0 0 0

#Transform 24
Transform: AffineTransform_float_3_3
Parameters: 1 8.01395e-05 -0.00106392 -7.88615e-05 1 0.00107008 0.00106409 -0.00107092 0.999999 -0.0388205 0.0410794 0.0249324
FixedParameters: 0 0 0

#Transform 25
Transform: AffineTransform_float_3_3
Parameters: 0.999999 8.021e-05 -0.00145793 -7.87897e-05 0.999999 0.000830115 0.00145807 -0.000829883 0.999998 -0.0630196 0.025786 0.00325749
FixedParameters: 0 0 0

#Transform 26
Transform: AffineTransform_float_3_3
Parameters: 1 8.04143e-05 -0.0011359 -7.85856e-05 0.999999 0.00124509 0.0011361 -0.00124491 0.999998 -0.0498457 0.0421951 -0.0117695
FixedParameters: 0 0 0

#Transform 27
Transform: AffineTransform_float_3_3
Parameters: 1 8.02939e-05 -0.00113591 -7.8706e-05 1 0.00113909 0.00113609 -0.00113891 0.999998 -0.0393864 0.0425892 -0.0507538
FixedParameters: 0 0 0

#Transform 28
Transform: AffineTransform_float_3_3
Parameters: 0.999999 8.00671e-05 -0.000825897 -7.89327e-05 0.999999 0.00129207 0.000826102 -0.00129193 0.999999 -0.0257334 0.0651546 -0.0330417
FixedParameters: 0 0 0

#Transform 29
Transform: AffineTransform_float_3_3
Parameters: 0.999999 8.02309e-05 -0.000810878 -7.87687e-05 0.999999 0.00151806 0.00081112 -0.00151793 0.999998 -0.0123701 0.0691423 -0.013896
FixedParameters: 0 0 0

#Transform 30
Transform: AffineTransform_float_3_3
Parameters: 0.999999 8.00394e-05 -0.000780894 -7.89604e-05 0.999999 0.00133106 0.000781105 -0.00133094 0.999999 -0.0118917 0.0657914 -0.051003
FixedParameters: 0 0 0

#Transform 31
Transform: AffineTransform_float_3_3
Parameters: 0.999999 8.0194e-05 -0.000763875 -7.88057e-05 0.999999 0.00156306 0.000764123 -0.00156294 0.999998 -0.0194046 0.0699409 -0.0461685
FixedParameters: 0 0 0

#Transform 32
Transform: AffineTransform_float_3_3
Parameters: 1 -0.000331994 -0.000855392 0.000333008 1 0.00117772 0.000855609 -0.00117728 0.999999 -0.0321329 0.0716247 -0.05188
FixedParameters: 0 0 0

#Transform 33
Transform: AffineTransform_float_3_3
Parameters: 0.999999 -6.39869e-05 -0.000804081 6.5013e-05 0.999999 0.00125995 0.000803918 -0.00126005 0.999999 -0.0356304 0.047383 -0.0377209
FixedParameters: 0 0 0

#Transform 34
Transform: AffineTransform_float_3_3
Parameters: 1 -3.35494e-05 -0.000493031 3.44506e-05 0.999999 0.000913983 0.000492969 -0.000914017 1 -0.0139807 0.0555126 -0.0417689
FixedParameters: 0 0 0

#Transform 35
Transform: AffineTransform_float_3_3
Parameters: 1 7.90595e-05 -7.69388e-05 -7.89404e-05 0.999999 0.000774006 7.70611e-05 -0.000773993 0.999999 -0.0107808 0.0526569 -0.0240541
FixedParameters: 0 0 0

#Transform 36
Transform: AffineTransform_float_3_3
Parameters: 1 7.9351e-05 -0.00046494 -7.86489e-05 0.999999 0.000755036 0.000465059 -0.000754963 0.999999 -0.0108067 0.0374257 -0.0359334
FixedParameters: 0 0 0

#Transform 37
Transform: AffineTransform_float_3_3
Parameters: 1 7.9308e-05 -0.000412941 -7.86918e-05 0.999999 0.000746032 0.000413059 -0.000745967 0.999999 -0.00813603 0.0330329 -0.0772866
FixedParameters: 0 0 0

#Transform 38
Transform: AffineTransform_float_3_3
Parameters: 0.999999 0.000216311 -0.000733908 -0.000215689 1 0.000424158 0.000734091 -0.000423841 0.999999 -0.0272785 0.0269872 -0.0597686
FixedParameters: 0 0 0

#Transform 39
Transform: AffineTransform_float_3_3
Parameters: 1 0.000788352 -0.000664583 -0.000788648 0.999999 0.000529524 0.000665418 -0.000529475 0.999999 -0.0258545 0.0401574 0.0028592
FixedParameters: 0 0 0

#Transform 40
Transform: AffineTransform_float_3_3
Parameters: 0.999999 0.000668322 -0.000412479 -0.000667679 1 0.000779276 0.00041252 -0.000778725 0.999999 -0.0144868 0.0513217 0.00453976
FixedParameters: 0 0 0

#Transform 41
Transform: AffineTransform_float_3_3
Parameters: 0.999999 0.000668867 -0.000728205 -0.000668132 0.999999 0.00118949 0.000729795 -0.00118951 0.999999 -0.0261579 0.0622346 0.00941144
FixedParameters: 0 0 0

#Transform 42
Transform: AffineTransform_float_3_3
Parameters: 0.999999 0.000668629 -0.000570264 -0.000667372 0.999999 0.00110138 0.000570736 -0.00110162 0.999999 -0.035015 0.0607274 -0.0181087
FixedParameters: 0 0 0

#Transform 43
Transform: AffineTransform_float_3_3
Parameters: 0.999999 0.000668411 -0.000412335 -0.00066759 1 0.000995276 0.000412664 -0.000994725 1 -0.0126682 0.0589214 0.0371298
FixedParameters: 0 0 0

#Transform 44
Transform: AffineTransform_float_3_3
Parameters: 0.999999 0.00066849 -0.000412205 -0.000667509 0.999999 0.00118928 0.000412794 -0.00118872 0.999999 -0.0139958 0.0623585 0.0634181
FixedParameters: 0 0 0

#Transform 45
Transform: AffineTransform_float_3_3
Parameters: 0.999999 0.000668457 -0.00041226 -0.000667543 0.999999 0.00110728 0.000412739 -0.00110672 1 0.00897515 0.0609318 0.0757864
FixedParameters: 0 0 0

#Transform 46
Transform: AffineTransform_float_3_3
Parameters: 1 0.000292347 -0.000291653 -0.000292653 1 0.00118909 0.000292348 -0.00118892 1 0.000870478 0.0506112 0.0929851
FixedParameters: 0 0 0

#Transform 47
Transform: AffineTransform_float_3_3
Parameters: 1 0.000207206 -0.000205792 -0.000206794 0.999999 0.00100204 0.000205207 -0.00100196 0.999999 0.000920029 0.050893 0.118754
FixedParameters: 0 0 0

#Transform 48
Transform: AffineTransform_float_3_3
Parameters: 1 0.000248917 0.000234088 -0.000248083 1 0.000354942 -0.000233912 -0.000355058 1 0.014921 0.0379349 0.0959529
FixedParameters: 0 0 0

#Transform 49
Transform: AffineTransform_float_3_3
Parameters: 1 5.40081e-05 -9.9562e-06 -5.39919e-05 0.999999 0.000811 1.00438e-05 -0.000810999 0.999999 -0.00840734 0.026666 0.0286882
FixedParameters: 0 0 0

#Transform 50
Transform: AffineTransform_float_3_3
Parameters: 1 0.000657011 -0.000760991 -0.000656989 1 1.45e-05 0.000761009 -1.35e-05 0.999999 -0.0324203 0.0110787 -0.00823189
FixedParameters: 0 0 0

#Transform 51
Transform: AffineTransform_float_3_3
Parameters: 0.999999 0.000479488 -0.00130482 -0.000478511 1 0.000374625 0.00130518 -0.000373375 0.999999 -0.0351169 0.0353961 -0.0367878
FixedParameters: 0 0 0

#Transform 52
Transform: AffineTransform_float_3_3
Parameters: 0.999999 0.000250072 -0.000823675 -0.000248929 0.999999 0.00130121 0.000823324 -0.00130179 0.999999 -0.0245718 0.0548783 -0.0463234
FixedParameters: 0 0 0

#Transform 53
Transform: AffineTransform_float_3_3
Parameters: 1 0.000250995 -0.00114156 -0.000249005 0.999999 0.00174729 0.00114244 -0.00174671 0.999998 -0.0150886 0.0743534 0.0267702
FixedParameters: 0 0 0

#Transform 54
Transform: AffineTransform_float_3_3
Parameters: 0.999999 0.000530267 -0.00143416 -0.000527731 0.999998 0.00158176 0.00143484 -0.00158024 0.999997 -0.0201792 0.0722522 -0.0280277
FixedParameters: 0 0 0

#Transform 55
Transform: AffineTransform_float_3_3
Parameters: 0.999998 0.000361628 -0.00159441 -0.000359371 0.999999 0.00164858 0.00159559 -0.00164743 0.999998 -0.0390085 0.0901669 -0.0167951
FixedParameters: 0 0 0

#Transform 56
Transform: AffineTransform_float_3_3
Parameters: 0.999999 5.10264e-05 -0.00137293 -4.89747e-05 0.999999 0.00147507 0.00137307 -0.00147593 0.999998 -0.0463813 0.0585466 -0.044576
FixedParameters: 0 0 0

#Transform 57
Transform: AffineTransform_float_3_3
Parameters: 0.999999 0.000251351 -0.00143459 -0.000248649 0.999998 0.00163936 0.00143441 -0.00163864 0.999997 -0.0444382 0.0915497 -0.00317857
FixedParameters: 0 0 0

#Transform 58
Transform: AffineTransform_float_3_3
Parameters: 0.999999 0.000526378 -0.00143413 -0.000523621 0.999998 0.00165875 0.00143487 -0.00165725 0.999997 -0.0494236 0.0911939 -0.00297872
FixedParameters: 0 0 0

#Transform 59
Transform: AffineTransform_float_3_3
Parameters: 0.999999 0.000251112 -0.00143463 -0.000248889 0.999999 0.00147236 0.00143437 -0.00147164 0.999998 -0.0410998 0.0885634 -0.00471959
FixedParameters: 0 0 0

#Transform 60
Transform: AffineTransform_float_3_3
Parameters: 0.999999 0.000251812 -0.00143451 -0.000248189 0.999998 0.00196036 0.00143449 -0.00195964 0.999997 -0.0616482 0.0853961 -0.0314899
FixedParameters: 0 0 0

#Transform 61
Transform: AffineTransform_float_3_3
Parameters: 0.999998 0.000611856 -0.00161092 -0.000609143 0.999998 0.00177298 0.00161208 -0.00177202 0.999997 -0.0460993 0.0837766 -0.0250188
FixedParameters: 0 0 0

#Transform 62
Transform: AffineTransform_float_3_3
Parameters: 0.999999 0.000251105 -0.00134861 -0.000248894 0.999999 0.00156134 0.00134939 -0.00156066 0.999998 -0.0511522 0.0810181 -0.0168457
FixedParameters: 0 0 0

#Transform 63
Transform: AffineTransform_float_3_3
Parameters: 0.999999 0.000251326 -0.00142259 -0.000248674 0.999998 0.00163535 0.00142241 -0.00163464 0.999997 -0.0455512 0.0773135 -0.0324224
FixedParameters: 0 0 0

#Transform 64
Transform: AffineTransform_float_3_3
Parameters: 0.999999 -0.000149219 -0.00142351 0.00015378 0.999995 0.00335979 0.00142249 -0.00335922 0.999994 -0.0474825 0.150729 -0.0338634
FixedParameters: 0 0 0

#Transform 65
Transform: AffineTransform_float_3_3
Parameters: 0.999999 -0.000407381 -0.000865711 0.000410615 0.999991 0.00418365 0.000863289 -0.00418435 0.999991 -0.0453046 0.177909 -0.0239437
FixedParameters: 0 0 0

#Transform 66
Transform: AffineTransform_float_3_3
Parameters: 0.999999 -0.000597643 -0.00116624 0.000602355 0.999993 0.0037383 0.00116376 -0.0037397 0.999993 -0.04873 0.170561 -0.0180761
FixedParameters: 0 0 0

#Transform 67
Transform: AffineTransform_float_3_3
Parameters: 0.999999 -0.000561835 -0.00119896 0.000566165 0.999994 0.00347632 0.00119704 -0.00347668 0.999993 -0.0467865 0.164577 -0.025052
FixedParameters: 0 0 0

#Transform 68
Transform: AffineTransform_float_3_3
Parameters: 0.999999 -0.00051704 -0.00111684 0.000520961 0.999993 0.00354842 0.00111516 -0.00354858 0.999993 -0.04859 0.15729 -0.0459784
FixedParameters: 0 0 0

#Transform 69
Transform: AffineTransform_float_3_3
Parameters: 0.999999 -0.000215251 -0.00134077 0.00021975 0.999993 0.00354271 0.00134023 -0.00354329 0.999993 -0.0553741 0.178147 -0.0266434
FixedParameters: 0 0 0

#Transform 70
Transform: AffineTransform_float_3_3
Parameters: 1 -0.000215659 -0.00111585 0.000219342 0.999993 0.00389176 0.00111515 -0.00389224 0.999992 -0.0514274 0.184161 -0.014523
FixedParameters: 0 0 0

#Transform 71
Transform: AffineTransform_float_3_3
Parameters: 0.999998 -0.000930714 -0.00133441 0.000937289 0.999989 0.00471776 0.00133059 -0.00471925 0.999988 -0.0381625 0.19298 -0.0101895
FixedParameters: 0 0 0

#Transform 72
Transform: AffineTransform_float_3_3
Parameters: 0.999999 -0.000312566 -0.00152733 0.000319436 0.999991 0.00421352 0.00152667 -0.00421448 0.99999 -0.0493327 0.173484 -0.00920409
FixedParameters: 0 0 0

#Transform 73
Transform: AffineTransform_float_3_3
Parameters: 0.999999 -0.000102764 -0.00152643 0.00010924 0.999991 0.00408684 0.00152657 -0.00408616 0.999991 -0.0597549 0.170656 -0.0169841
FixedParameters: 0 0 0

#Transform 74
Transform: AffineTransform_float_3_3
Parameters: 0.999999 -0.000144951 -0.00143562 0.00015105 0.999991 0.00421379 0.00143538 -0.00421421 0.99999 -0.0577442 0.173006 0.00131499
FixedParameters: 0 0 0

#Transform 75
Transform: AffineTransform_float_3_3
Parameters: 0.999999 -0.000161914 -0.00130864 0.000167087 0.999993 0.00388678 0.00130836 -0.00388722 0.999991 -0.0492785 0.151848 -0.0165068
FixedParameters: 0 0 0

#Transform 76
Transform: AffineTransform_float_3_3
Parameters: 0.999999 -7.97645e-05 -0.00150629 8.52343e-05 0.999994 0.00347587 0.00150571 -0.00347612 0.999993 -0.0479918 0.139322 -0.0339739
FixedParameters: 0 0 0

#Transform 77
Transform: AffineTransform_float_3_3
Parameters: 1 9.61347e-05 -0.00109164 -9.18677e-05 0.999993 0.0037871 0.00109136 -0.0037869 0.999992 -0.0539244 0.152251 -0.0590024
FixedParameters: 0 0 0

#Transform 78
Transform: AffineTransform_float_3_3
Parameters: 0.999999 -0.000156845 -0.00154674 0.000164158 0.99999 0.00462775 0.00154626 -0.00462725 0.999988 -0.0467261 0.173093 -0.0665533
FixedParameters: 0 0 0

#Transform 79
Transform: AffineTransform_float_3_3
Parameters: 0.999998 0.0015866 -0.000129876 -0.0015854 0.999988 0.00449121 0.000137121 -0.00449079 0.99999 -0.0305002 0.228898 -0.234095
FixedParameters: 0 0 0

#Transform 80
Transform: AffineTransform_float_3_3
Parameters: 0.999805 0.00721475 0.0183486 -0.00690624 0.999835 -0.016835 -0.0184674 0.016705 0.99969 0.285273 -0.496131 -1.02759
FixedParameters: 0 0 0

#Transform 81
Transform: AffineTransform_float_3_3
Parameters: 0.999972 0.000277236 0.00749728 -0.000225766 0.999976 -0.00683389 -0.00749872 0.00683211 0.999949 0.244003 -0.293336 -0.0773273
FixedParameters: 0 0 0

#Transform 82
Transform: AffineTransform_float_3_3
Parameters: 0.999989 0.000976682 0.00462486 -0.00095232 0.999986 -0.00533547 -0.00463014 0.00533154 0.999975 0.12189 -0.180876 -0.0750468
FixedParameters: 0 0 0

#Transform 83
Transform: AffineTransform_float_3_3
Parameters: 0.999993 0.000965661 0.00342518 -0.000952341 0.999991 -0.00398729 -0.00342882 0.00398471 0.999986 0.086718 -0.146209 -0.0797851
FixedParameters: 0 0 0

#Transform 84
Transform: AffineTransform_float_3_3
Parameters: 0.999995 0.000373627 0.00293992 -0.000372372 1 -0.000214096 -0.00294008 0.000212902 0.999995 0.0773647 0.0105609 0.137957
FixedParameters: 0 0 0

#Transform 85
Transform: AffineTransform_float_3_3
Parameters: 0.999997 0.000126119 0.00253825 -0.00013088 0.999998 0.00192267 -0.00253775 -0.00192333 0.999995 0.058131 0.0727008 0.185731
FixedParameters: 0 0 0

#Transform 86
Transform: AffineTransform_float_3_3
Parameters: 0.999997 0.000525953 0.00230543 -0.000545051 0.999965 0.00826877 -0.00230157 -0.00827023 0.999963 0.191078 0.269267 0.01304
FixedParameters: 0 0 0

#Transform 87
Transform: AffineTransform_float_3_3
Parameters: 0.999985 0.00150301 0.00515058 -0.00156199 0.999933 0.0114691 -0.00513241 -0.0114769 0.999921 0.196083 0.433991 0.239773
FixedParameters: 0 0 0

#Transform 88
Transform: AffineTransform_float_3_3
Parameters: 0.999984 -0.00167817 0.00528271 0.00163983 0.999971 0.00741077 -0.00529529 -0.00740223 0.999958 0.323316 0.278909 0.248971
FixedParameters: 0 0 0

#Transform 89
Transform: AffineTransform_float_3_3
Parameters: 0.999993 -0.00115882 0.00338794 0.00113517 0.999974 0.00702589 -0.00339605 -0.0070221 0.999969 0.16972 0.270583 0.157075
FixedParameters: 0 0 0

#Transform 90
Transform: AffineTransform_float_3_3
Parameters: 0.999992 3.50314e-05 0.0039753 -5.99723e-05 0.999981 0.00628082 -0.0039757 -0.00628119 0.999973 0.116145 0.23834 0.0801396
FixedParameters: 0 0 0

#Transform 91
Transform: AffineTransform_float_3_3
Parameters: 0.999996 -0.0011314 0.00237412 0.00111859 0.999985 0.00522067 -0.00237987 -0.00521732 0.999983 0.211598 0.198398 4.04616e-06
FixedParameters: 0 0 0

#Transform 92
Transform: AffineTransform_float_3_3
Parameters: 0.999997 -0.000972093 0.00189685 0.000959906 0.99998 0.00636584 -0.00190315 -0.00636417 0.999978 0.174488 0.235022 0.014494
FixedParameters: 0 0 0

#Transform 93
Transform: AffineTransform_float_3_3
Parameters: 0.999999 -0.00106236 0.000796902 0.00105664 0.999977 0.00669885 -0.000804095 -0.00669715 0.999977 0.159108 0.224484 0.0520623
FixedParameters: 0 0 0

#Transform 94
Transform: AffineTransform_float_3_3
Parameters: 0.999998 -0.00112857 0.00112344 0.00112142 0.999977 0.00671927 -0.00113156 -0.00671873 0.999977 0.183804 0.224761 0.0122715
FixedParameters: 0 0 0

#Transform 95
Transform: AffineTransform_float_3_3
Parameters: 0.999999 -0.000240431 0.000857495 0.000234566 0.99998 0.0063282 -0.000859501 -0.00632779 0.999979 0.112781 0.246399 0.034968
FixedParameters: 0 0 0

#Transform 96
Transform: AffineTransform_float_3_3
Parameters: 0.999999 -0.00024274 0.0013206 0.000235257 0.999983 0.00585831 -0.0013224 -0.00585768 0.999982 0.155051 0.233863 0.00572744
FixedParameters: 0 0 0

#Transform 97
Transform: AffineTransform_float_3_3
Parameters: 0.999999 -0.000419212 0.00126864 0.000411785 0.999984 0.00568053 -0.00127136 -0.00567947 0.999983 0.178701 0.231437 0.0522206
FixedParameters: 0 0 0

#Transform 98
Transform: AffineTransform_float_3_3
Parameters: 0.999999 0.000321863 0.00153138 -0.000333135 0.999974 0.0072785 -0.00152862 -0.00727851 0.999973 0.0884338 0.304516 0.135558
FixedParameters: 0 0 0

#Transform 99
Transform: AffineTransform_float_3_3
Parameters: 0.999999 -0.000359721 0.00178888 0.000349277 0.999982 0.00599064 -0.00179113 -0.00598937 0.999981 0.180034 0.224591 0.0106476
FixedParameters: 0 0 0

#Transform 100
Transform: AffineTransform_float_3_3
Parameters: 0.999999 -0.000797353 -0.000518648 0.000800648 0.999974 0.00706759 0.000513353 -0.00706841 0.999975 0.00494062 0.301813 0.0866357
FixedParameters: 0 0 0

#Transform 101
Transform: AffineTransform_float_3_3
Parameters: 0.999997 -0.00139998 -0.0017288 0.00141202 0.999974 0.00696858 0.0017192 -0.00697142 0.999974 -0.010438 0.270431 0.0816704
FixedParameters: 0 0 0

#Transform 102
Transform: AffineTransform_float_3_3
Parameters: 1 -0.00113923 -0.000213169 0.00114077 0.999992 0.00365776 0.000208828 -0.00365824 0.999994 -0.00537565 0.139568 -0.00151537
FixedParameters: 0 0 0

#Transform 103
Transform: AffineTransform_float_3_3
Parameters: 0.999999 -0.00073791 0.0011728 0.00073609 0.999999 0.00162787 -0.0011742 -0.00162714 0.999998 0.0273717 0.0514201 -0.137649
FixedParameters: 0 0 0

#Transform 104
Transform: AffineTransform_float_3_3
Parameters: 0.999998 -0.000378668 0.00202432 0.000375331 0.999999 0.00181276 -0.00202468 -0.00181124 0.999997 0.0576225 0.0879902 -0.10717
FixedParameters: 0 0 0

#Transform 105
Transform: AffineTransform_float_3_3
Parameters: 0.999999 -0.00143309 0.000416147 0.00143391 0.999996 -0.0021954 -0.000412853 0.00219559 0.999997 0.14899 -0.0677683 -0.12719
FixedParameters: 0 0 0

#Transform 106
Transform: AffineTransform_float_3_3
Parameters: 0.999999 -0.000548466 0.000584443 0.000550533 0.999997 -0.00262768 -0.000582555 0.00262832 0.999997 0.200211 -0.0829815 -0.0903929
FixedParameters: 0 0 0

#Transform 107
Transform: AffineTransform_float_3_3
Parameters: 0.999999 0.000904538 -0.00111482 -0.000907462 0.999995 -0.00310899 0.00111218 0.00311001 0.999994 0.0291821 -0.090441 0.0731564
FixedParameters: 0 0 0

#Transform 108
Transform: AffineTransform_float_3_3
Parameters: 1 0.000919312 -0.000791478 -0.000923691 0.999982 -0.00594327 0.000786524 0.00594373 0.999982 0.137934 -0.202435 -0.0284848
FixedParameters: 0 0 0

#Transform 109
Transform: AffineTransform_float_3_3
Parameters: 0.999999 0.00131362 -0.000708956 -0.00132038 0.999958 -0.00907907 0.000697039 0.00908092 0.999958 0.104348 -0.3231 -0.0766101
FixedParameters: 0 0 0

#Transform 110
Transform: AffineTransform_float_3_3
Parameters: 0.999999 0.000932095 0.00113741 -0.000923908 0.999975 -0.00709706 -0.00114359 0.00709595 0.999974 0.105949 -0.226701 -0.0618381
FixedParameters: 0 0 0

#Transform 111
Transform: AffineTransform_float_3_3
Parameters: 0.999997 0.00126555 0.00178508 -0.00125045 0.999962 -0.00868325 -0.00179592 0.00868075 0.99996 0.0532348 -0.295418 -0.125397
FixedParameters: 0 0 0

#Transform 112
Transform: AffineTransform_float_3_3
Parameters: 0.999999 0.000916587 0.00106753 -0.000908409 0.999974 -0.00708598 -0.00107446 0.00708502 0.999975 0.0372471 -0.241021 -0.120686
FixedParameters: 0 0 0

#Transform 113
Transform: AffineTransform_float_3_3
Parameters: 0.999998 0.00145024 0.000871697 -0.00144376 0.999973 -0.00712027 -0.000881301 0.00711873 0.999975 0.0478997 -0.215895 -0.0929738
FixedParameters: 0 0 0

#Transform 114
Transform: AffineTransform_float_3_3
Parameters: 0.999998 0.00146823 0.000782423 -0.00146277 0.999967 -0.00790216 -0.000793583 0.00790085 0.999969 0.0542056 -0.239275 -0.0934785
FixedParameters: 0 0 0

#Transform 115
Transform: AffineTransform_float_3_3
Parameters: 0.999999 0.00185375 0.000196141 -0.00185225 0.999961 -0.00855938 -0.000211861 0.00855862 0.999964 0.0312759 -0.260777 -0.0526899
FixedParameters: 0 0 0

#Transform 116
Transform: AffineTransform_float_3_3
Parameters: 0.999997 0.00242014 0.000688375 -0.00241286 0.999945 -0.0101907 -0.000712622 0.0101883 0.999948 0.0321168 -0.32707 -0.0539345
FixedParameters: 0 0 0

#Transform 117
Transform: AffineTransform_float_3_3
Parameters: 0.999998 0.00224644 0.000452794 -0.00224156 0.99993 -0.01168 -0.000479213 0.011679 0.999931 0.0137628 -0.365643 -0.0632622
FixedParameters: 0 0 0

#Transform 118
Transform: AffineTransform_float_3_3
Parameters: 0.999996 0.00222021 0.00132623 -0.00220479 0.999925 -0.012102 -0.00135278 0.012099 0.999926 0.0537163 -0.390284 -0.103426
FixedParameters: 0 0 0

#Transform 119
Transform: AffineTransform_float_3_3
Parameters: 0.999997 0.00166329 0.00140307 -0.00164771 0.99994 -0.0108323 -0.00142093 0.0108297 0.999941 0.0784778 -0.402345 -0.0553299
FixedParameters: 0 0 0

#Transform 120
Transform: AffineTransform_float_3_3
Parameters: 0.999967 -0.000480769 -0.00808696 0.000479232 1 -9.68787e-05 0.00808705 9.31151e-05 0.999968 -0.184177 0.0421824 0.311172
FixedParameters: 0 0 0

#Transform 121
Transform: AffineTransform_float_3_3
Parameters: 0.999999 -0.00100512 -0.000902433 0.00100088 0.999989 -0.00455391 0.000906566 0.00455209 0.999989 0.0185858 -0.17867 0.210403
FixedParameters: 0 0 0

#Transform 122
Transform: AffineTransform_float_3_3
Parameters: 1 -0.00025314 -0.000200569 0.000251857 0.999984 -0.00566605 0.00020243 0.00566595 0.999984 -0.0116993 -0.171024 -0.013172
FixedParameters: 0 0 0

#Transform 123
Transform: AffineTransform_float_3_3
Parameters: 1 0.000891022 0.000807318 -0.000883973 0.999962 -0.00865672 -0.000815683 0.00865628 0.999962 0.035238 -0.281219 -0.0998889
FixedParameters: 0 0 0

#Transform 124
Transform: AffineTransform_float_3_3
Parameters: 0.999996 0.00145022 -0.00217197 -0.00146778 0.999966 -0.00820484 0.00216003 0.00820816 0.999964 -0.0227247 -0.258704 -0.0538452
FixedParameters: 0 0 0

#Transform 125
Transform: AffineTransform_float_3_3
Parameters: 0.999999 0.00120371 -0.000443809 -0.00120829 0.999952 -0.00979247 0.000432188 0.00979353 0.999952 0.0048325 -0.302592 -0.0372691
FixedParameters: 0 0 0

#Transform 126
Transform: AffineTransform_float_3_3
Parameters: 0.999999 0.00135153 -0.000618107 -0.00135647 0.999959 -0.00893917 0.000605898 0.00893983 0.99996 -0.00190957 -0.264076 0.0151452
FixedParameters: 0 0 0

#Transform 127
Transform: AffineTransform_float_3_3
Parameters: 0.999997 0.00205398 -0.00058009 -0.00205902 0.999959 -0.00879583 0.000561909 0.00879718 0.999961 -0.0651595 -0.238644 0.0104682
FixedParameters: 0 0 0

#Transform 128
Transform: AffineTransform_float_3_3
Parameters: 0.999997 0.00156216 -0.00190858 -0.00158083 0.999949 -0.00990901 0.00189243 0.00991198 0.999949 -0.0599118 -0.323104 -0.0636147
FixedParameters: 0 0 0

#Transform 129
Transform: AffineTransform_float_3_3
Parameters: 0.999999 0.00126128 -0.00120856 -0.00127573 0.999924 -0.0122615 0.00119345 0.0122625 0.999924 -0.0444529 -0.402036 -0.188084
FixedParameters: 0 0 0

#Transform 130
Transform: AffineTransform_float_3_3
Parameters: 0.999998 0.00160154 0.00163615 -0.00158046 0.999921 -0.0124776 -0.00165585 0.0124754 0.999921 0.0342283 -0.426559 -0.369214
FixedParameters: 0 0 0

#Transform 131
Transform: AffineTransform_float_3_3
Parameters: 1 -3.6832e-05 0.000250329 3.91651e-05 0.999963 -0.008666 -0.00024967 0.00866602 0.999963 0.043032 -0.271727 -0.32137
FixedParameters: 0 0 0

#Transform 132
Transform: AffineTransform_float_3_3
Parameters: 0.999999 0.000460802 -0.000649718 -0.0004662 0.999967 -0.00802369 0.00064628 0.00802329 0.999967 -0.0169647 -0.255767 -0.232948
FixedParameters: 0 0 0

#Transform 133
Transform: AffineTransform_float_3_3
Parameters: 1 0.00100803 -0.000243306 -0.00100997 0.999965 -0.00823176 0.000234694 0.00823224 0.999966 -0.015149 -0.265247 -0.157108
FixedParameters: 0 0 0

#Transform 134
Transform: AffineTransform_float_3_3
Parameters: 0.999999 0.00142876 -0.000248244 -0.00143024 0.999956 -0.00926166 0.000234763 0.00926235 0.999957 -0.0300193 -0.303348 -0.233134
FixedParameters: 0 0 0

#Transform 135
Transform: AffineTransform_float_3_3
Parameters: 0.999999 0.00122373 -0.000135028 -0.00122427 0.999951 -0.00982384 0.000122979 0.00982416 0.999951 -0.0103948 -0.324831 -0.213074
FixedParameters: 0 0 0

#Transform 136
Transform: AffineTransform_float_3_3
Parameters: 0.999999 0.00142828 -0.000267915 -0.00143072 0.999944 -0.0104326 0.000253088 0.0104324 0.999945 -0.00237502 -0.396085 -0.248333
FixedParameters: 0 0 0

#Transform 137
Transform: AffineTransform_float_3_3
Parameters: 0.999999 0.000985642 0.000913599 -0.000974366 0.99992 -0.0126569 -0.000925407 0.0126561 0.99992 0.0328279 -0.434046 -0.255869
FixedParameters: 0 0 0

#Transform 138
Transform: AffineTransform_float_3_3
Parameters: 0.999998 0.00129664 0.00181574 -0.00127436 0.999928 -0.0118693 -0.00183125 0.0118667 0.999928 -0.0132697 -0.386371 -0.280724
FixedParameters: 0 0 0

#Transform 139
Transform: AffineTransform_float_3_3
Parameters: 0.999997 0.00169272 0.00181463 -0.00167527 0.999952 -0.00972507 -0.00183138 0.00972193 0.999951 -0.0277076 -0.319359 -0.279194
FixedParameters: 0 0 0

#Transform 140
Transform: AffineTransform_float_3_3
Parameters: 0.999998 0.00160826 0.00160388 -0.00159175 0.999942 -0.0107016 -0.00162113 0.0106994 0.999942 -0.00593469 -0.336628 -0.359373
FixedParameters: 0 0 0

#Transform 141
Transform: AffineTransform_float_3_3
Parameters: 0.999998 0.000988241 0.00124684 -0.000974757 0.999935 -0.0113712 -0.00125816 0.0113698 0.999934 -0.00263651 -0.373801 -0.367317
FixedParameters: 0 0 0

#Transform 142
Transform: AffineTransform_float_3_3
Parameters: 0.999999 0.000988643 0.00121321 -0.000974348 0.999928 -0.0120112 -0.00122579 0.0120098 0.999927 0.00128567 -0.378746 -0.323278
FixedParameters: 0 0 0

#Transform 143
Transform: AffineTransform_float_3_3
Parameters: 0.999999 0.00122262 0.000932233 -0.00121237 0.999936 -0.0113091 -0.00094677 0.0113079 0.999935 0.00171556 -0.373978 -0.314073
FixedParameters: 0 0 0

#Transform 144
Transform: AffineTransform_float_3_3
Parameters: 0.999999 0.000983934 0.000935663 -0.000974062 0.999944 -0.0105589 -0.000946337 0.0105581 0.999944 -0.00349801 -0.329428 -0.218897
FixedParameters: 0 0 0

#Transform 145
Transform: AffineTransform_float_3_3
Parameters: 1 0.000978237 0.000397736 -0.000974761 0.999944 -0.0105154 -0.000408272 0.0105146 0.999944 -0.0190639 -0.30651 -0.209193
FixedParameters: 0 0 0

#Transform 146
Transform: AffineTransform_float_3_3
Parameters: 1 0.000980409 0.000611847 -0.000974589 0.999945 -0.0103896 -0.000622158 0.0103884 0.999946 -0.0121733 -0.302893 -0.211264
FixedParameters: 0 0 0

#Transform 147
Transform: AffineTransform_float_3_3
Parameters: 0.999999 0.00126369 0.000597039 -0.00125731 0.999938 -0.0110778 -0.000610966 0.0110772 0.999939 -0.0208964 -0.326175 -0.210115
FixedParameters: 0 0 0

#Transform 148
Transform: AffineTransform_float_3_3
Parameters: 0.999999 0.00126756 0.000901337 -0.00125745 0.999931 -0.0116161 -0.000915669 0.0116159 0.999932 -0.00847411 -0.349513 -0.193005
FixedParameters: 0 0 0

#Transform 149
Transform: AffineTransform_float_3_3
Parameters: 0.999999 0.00106753 0.000674221 -0.00106047 0.999938 -0.0110737 -0.000685786 0.0110733 0.999939 -0.0154304 -0.323703 -0.196014
FixedParameters: 0 0 0

#Transform 150
Transform: AffineTransform_float_3_3
Parameters: 0.999999 0.000972227 -0.000186488 -0.000974767 0.999952 -0.00974983 0.000176504 0.00975018 0.999953 -0.0334785 -0.291208 -0.171489
FixedParameters: 0 0 0

#Transform 151
Transform: AffineTransform_float_3_3
Parameters: 0.999999 0.000791017 0.000298114 -0.000787984 0.99995 -0.00998824 -0.000305886 0.00998876 0.99995 -0.0436504 -0.290248 -0.242458
FixedParameters: 0 0 0

#Transform 152
Transform: AffineTransform_float_3_3
Parameters: 1 0.000589289 0.000336302 -0.000586714 0.999953 -0.0096962 -0.000341705 0.0096968 0.999953 -0.0460475 -0.27879 -0.254005
FixedParameters: 0 0 0

#Transform 153
Transform: AffineTransform_float_3_3
Parameters: 0.999999 0.000785165 0.000525362 -0.000779838 0.999952 -0.00976042 -0.000532637 0.00976059 0.999952 -0.0264685 -0.291219 -0.278674
FixedParameters: 0 0 0

#Transform 154
Transform: AffineTransform_float_3_3
Parameters: 0.999999 0.00128527 0.000329506 -0.00128173 0.999952 -0.00973342 -0.000342491 0.00973256 0.999952 -0.0310533 -0.286592 -0.325871
FixedParameters: 0 0 0

#Transform 155
Transform: AffineTransform_float_3_3
Parameters: 0.999999 0.00151916 0.000327687 -0.00151584 0.999955 -0.00943152 -0.000342312 0.0094315 0.999956 -0.0329302 -0.275834 -0.302455
FixedParameters: 0 0 0

#Transform 156
Transform: AffineTransform_float_3_3
Parameters: 1 0.000528167 0.000337089 -0.000524834 0.999957 -0.00932619 -0.00034191 0.00932583 0.999957 -0.0226504 -0.268027 -0.244831
FixedParameters: 0 0 0

#Transform 157
Transform: AffineTransform_float_3_3
Parameters: 0.999999 0.000809329 3.14212e-05 -0.000808664 0.999956 -0.00936603 -3.95757e-05 0.00936597 0.999956 -0.0370216 -0.277008 -0.226773
FixedParameters: 0 0 0

#Transform 158
Transform: AffineTransform_float_3_3
Parameters: 0.999999 0.000832398 0.000333644 -0.000829598 0.999949 -0.0100583 -0.000342361 0.0100577 0.99995 -0.0285894 -0.296539 -0.252086
FixedParameters: 0 0 0

#Transform 159
Transform: AffineTransform_float_3_3
Parameters: 0.999999 0.00072945 0.000150118 -0.000727551 0.999955 -0.00944312 -0.000156878 0.00944389 0.999956 -0.0333999 -0.266923 -0.245495
FixedParameters: 0 0 0

#Transform 160
Transform: AffineTransform_float_3_3
Parameters: 1 0.000522299 -0.000351052 -0.000524701 0.99997 -0.00773882 0.00034695 0.00773818 0.99997 -0.0412115 -0.221723 -0.209782
FixedParameters: 0 0 0

#Transform 161
Transform: AffineTransform_float_3_3
Parameters: 0.999999 0.0008493 -0.000323185 -0.000851706 0.999964 -0.00844573 0.000316818 0.00844627 0.999965 -0.0391999 -0.24439 -0.189372
FixedParameters: 0 0 0

#Transform 162
Transform: AffineTransform_float_3_3
Parameters: 1 0.00104846 -0.000491799 -0.00105354 0.999956 -0.00932549 0.000482196 0.00932652 0.999957 -0.0571787 -0.288649 -0.222004
FixedParameters: 0 0 0

#Transform 163
Transform: AffineTransform_float_3_3
Parameters: 1 0.000991521 -0.000491147 -0.000996478 0.999957 -0.00920451 0.000481848 0.00920548 0.999957 -0.0566181 -0.271821 -0.196956
FixedParameters: 0 0 0

#Transform 164
Transform: AffineTransform_float_3_3
Parameters: 1 0.00111236 -0.000492619 -0.00111664 0.999954 -0.00952645 0.000481384 0.00952654 0.999954 -0.0578386 -0.26883 -0.164646
FixedParameters: 0 0 0

#Transform 165
Transform: AffineTransform_float_3_3
Parameters: 1 0.000991397 -0.0004914 -0.0009966 0.999955 -0.00945852 0.000481596 0.00945848 0.999955 -0.0566345 -0.270005 -0.179947
FixedParameters: 0 0 0

#Transform 166
Transform: AffineTransform_float_3_3
Parameters: 0.999999 0.000987622 -0.000975555 -0.000996373 0.999963 -0.00862504 0.000966442 0.00862597 0.999963 -0.0422055 -0.25632 -0.256982
FixedParameters: 0 0 0

#Transform 167
Transform: AffineTransform_float_3_3
Parameters: 0.999999 0.000320465 0.000763224 -0.000320534 0.999999 0.000700755 -0.000762775 -0.000701244 0.999999 -0.0121265 0.0183136 -0.135879
FixedParameters: 0 0 0

#Transform 168
Transform: AffineTransform_float_3_3
Parameters: 0.999999 0.001061 -0.00146609 -0.001068 0.999988 -0.00478044 0.00146091 0.00478156 0.999988 -0.0610555 -0.122626 -0.173552
FixedParameters: 0 0 0

#Transform 169
Transform: AffineTransform_float_3_3
Parameters: 0.999998 0.00136479 -0.000918785 -0.00136921 0.999983 -0.00569275 0.000911219 0.00569425 0.999984 -0.0544447 -0.134662 -0.195102
FixedParameters: 0 0 0

#Transform 170
Transform: AffineTransform_float_3_3
Parameters: 0.999999 0.00151217 -0.000913728 -0.00151883 0.999978 -0.00641962 0.000903267 0.00642138 0.999979 -0.0567695 -0.175355 -0.212898
FixedParameters: 0 0 0

#Transform 171
Transform: AffineTransform_float_3_3
Parameters: 0.999998 0.00151158 -0.000884072 -0.00151842 0.999972 -0.00730867 0.000872924 0.00731033 0.999973 -0.0648595 -0.205201 -0.226738
FixedParameters: 0 0 0

#Transform 172
Transform: AffineTransform_float_3_3
Parameters: 0.999999 0.00112078 -0.000975357 -0.00112822 0.999972 -0.00743191 0.000966642 0.00743209 0.999972 -0.052764 -0.220373 -0.243193
FixedParameters: 0 0 0

#Transform 173
Transform: AffineTransform_float_3_3
Parameters: 0.999998 0.00151176 -0.000802862 -0.00151824 0.999968 -0.00782979 0.000791137 0.00783021 0.999969 -0.0454771 -0.223848 -0.247395
FixedParameters: 0 0 0

#Transform 174
Transform: AffineTransform_float_3_3
Parameters: 0.999998 0.00151391 -0.000499578 -0.0015181 0.999965 -0.00829626 0.000487421 0.00829776 0.999966 -0.0447715 -0.227193 -0.252697
FixedParameters: 0 0 0

#Transform 175
Transform: AffineTransform_float_3_3
Parameters: 1 0.000963614 -0.000323203 -0.000965385 0.999971 -0.00746569 0.000315801 0.00746631 0.999972 -0.0364998 -0.213935 -0.245298
FixedParameters: 0 0 0

#Transform 176
Transform: AffineTransform_float_3_3
Parameters: 1 0.00106313 -0.000473791 -0.00106688 0.999966 -0.0082535 0.00046521 0.0082545 0.999966 -0.0437227 -0.254746 -0.252629
FixedParameters: 0 0 0

#Transform 177
Transform: AffineTransform_float_3_3
Parameters: 0.999999 0.000426499 -0.00151129 -0.000438505 0.999971 -0.00761734 0.0015087 0.00761865 0.99997 -0.0419236 -0.205654 -0.169208
FixedParameters: 0 0 0

#Transform 178
Transform: AffineTransform_float_3_3
Parameters: 0.999997 0.000623283 -0.00203095 -0.000635717 0.99998 -0.00626673 0.00202706 0.00626828 0.999979 -0.0299387 -0.200556 -0.185107
FixedParameters: 0 0 0

#Transform 179
Transform: AffineTransform_float_3_3
Parameters: 0.999997 0.00132272 -0.0017036 -0.00133528 0.999973 -0.00722475 0.0016944 0.00722726 0.999973 -0.0625602 -0.190673 -0.165697
FixedParameters: 0 0 0
