#Insight Transform File V1.0
#Transform 0
Transform: AffineTransform_float_3_3
Parameters: 1 -0.000664122 -0.000107248 0.000664878 0.999999 -0.00113307 0.000107753 0.00113293 1 0.000531919 -0.0222073 0.0832439
FixedParameters: 0 0 0

#Transform 1
Transform: AffineTransform_float_3_3
Parameters: 1 -0.000531442 -0.000319265 0.000530557 0.999999 -0.00138317 0.000320734 0.00138283 0.999999 -0.00149807 -0.0302651 0.071615
FixedParameters: 0 0 0

#Transform 2
Transform: AffineTransform_float_3_3
Parameters: 0.999999 -0.000720355 -0.000348267 0.000720645 0.999999 -0.00101825 0.000348734 0.00101775 1 -0.00144943 -0.0105184 0.0751476
FixedParameters: 0 0 0

#Transform 3
Transform: AffineTransform_float_3_3
Parameters: 0.999999 -0.000571588 -0.00042521 0.000570411 0.999999 -0.00138324 0.000425789 0.00138276 0.999999 -0.00536967 -0.0176047 0.083774
FixedParameters: 0 0 0

#Transform 4
Transform: AffineTransform_float_3_3
Parameters: 1 -0.000584278 -0.000314485 0.000583722 1 -0.000882184 0.000315515 0.000881816 0.999999 -0.013827 -0.0043348 0.0726973
FixedParameters: 0 0 0

#Transform 5
Transform: AffineTransform_float_3_3
Parameters: 1 -0.000581188 -0.000246558 0.000580812 0.999999 -0.000761143 0.000246442 0.000761856 0.999999 -0.00752265 -0.00695309 0.0777832
FixedParameters: 0 0 0

#Transform 6
Transform: AffineTransform_float_3_3
Parameters: 1 -0.000423289 -0.000373672 0.00042271 0.999999 -0.000774157 0.000374327 0.000773841 0.999999 -0.00585279 -0.00421595 0.0659144
FixedParameters: 0 0 0

#Transform 7
Transform: AffineTransform_float_3_3
Parameters: 1 -0.000423191 -0.000236659 0.000422809 0.999999 -0.0008061 0.000237341 0.000805899 0.999999 -0.0176203 -0.000914222 0.0532327
FixedParameters: 0 0 0

#Transform 8
Transform: AffineTransform_float_3_3
Parameters: 1 -0.000423319 -0.000425683 0.000422681 0.999999 -0.00074918 0.000425316 0.00074882 0.999999 -0.0297318 -0.00337545 0.0792194
FixedParameters: 0 0 0

#Transform 9
Transform: AffineTransform_float_3_3
Parameters: 1 -0.000360128 -0.000181746 0.000359872 0.999999 -0.000704065 0.000182253 0.000703934 0.999999 -0.0144258 -0.0110244 0.0533298
FixedParameters: 0 0 0

#Transform 10
Transform: AffineTransform_float_3_3
Parameters: 1 -0.000423079 -0.000146772 0.000422921 1 -0.000538062 0.000147228 0.000538938 1 -0.00608428 0.0120201 0.0353641
FixedParameters: 0 0 0

#Transform 11
Transform: AffineTransform_float_3_3
Parameters: 1 -0.000422952 8.6236e-05 0.000423048 1 -0.000557963 -8.57639e-05 0.000558036 1 0.00686017 0.00294926 0.0505263
FixedParameters: 0 0 0

#Transform 12
Transform: AffineTransform_float_3_3
Parameters: 1 -0.000368117 -0.000156725 0.000367883 0.999999 -0.000746057 0.000157274 0.000745942 0.999999 0.00592281 0.00809376 0.0258581
FixedParameters: 0 0 0

#Transform 13
Transform: AffineTransform_float_3_3
Parameters: 1 -0.00033705 -0.000158894 0.00033695 1 -0.000314054 0.000159106 0.000313946 1 0.00684849 0.0213544 0.0178313
FixedParameters: 0 0 0

#Transform 14
Transform: AffineTransform_float_3_3
Parameters: 1 -0.000455165 -0.000329772 0.000454835 1 -0.00050015 0.000330227 0.00049985 1 -0.00063142 -0.0215577 0.0393347
FixedParameters: 0 0 0

#Transform 15
Transform: AffineTransform_float_3_3
Parameters: 1 -0.000274141 -0.000329882 0.000273858 1 -0.00042909 0.000330117 0.000428909 1 -0.00109898 -0.000281679 0.0394578
FixedParameters: 0 0 0

#Transform 16
Transform: AffineTransform_float_3_3
Parameters: 1 -0.000337194 -0.000329802 0.000336806 1 -0.000587111 0.000330198 0.000586888 1 -0.0157978 -0.0193849 0.0390655
FixedParameters: 0 0 0

#Transform 17
Transform: AffineTransform_float_3_3
Parameters: 1 -0.000232061 -0.000129892 0.000231939 1 -0.00046703 0.000130108 0.00046697 1 -0.000775617 -0.00138618 0.0190549
FixedParameters: 0 0 0

#Transform 18
Transform: AffineTransform_float_3_3
Parameters: 1 -0.000337053 -0.000329946 0.000336947 1 -0.000160111 0.000330054 0.000159889 1 -0.00216542 0.00553203 0.0427712
FixedParameters: 0 0 0

#Transform 19
Transform: AffineTransform_float_3_3
Parameters: 1 -0.000128038 -0.000165971 0.000127962 1 -0.000226021 0.000166029 0.000225979 1 -0.00668337 -0.00532903 0.0289658
FixedParameters: 0 0 0

#Transform 20
Transform: AffineTransform_float_3_3
Parameters: 1 -9.20227e-05 -0.000141985 9.19773e-05 1 -0.000160013 0.000142015 0.000159987 1 -0.00140559 -0.000455991 0.00328611
FixedParameters: 0 0 0

#Transform 21
Transform: AffineTransform_float_3_3
Parameters: 1 -0.000114001 6.19987e-05 0.000113999 1 1.10071e-05 -6.20013e-05 -1.09929e-05 1 0.00316534 0.018226 0.0100394
FixedParameters: 0 0 0

#Transform 22
Transform: AffineTransform_float_3_3
Parameters: 1 -0.000336981 0.000236027 0.000337019 1 -7.99205e-05 -0.000235973 8.00795e-05 1 0.00809994 -0.00107591 0.00949741
FixedParameters: 0 0 0

#Transform 23
Transform: AffineTransform_float_3_3
Parameters: 1 -6.1984e-05 0.00010001 6.2016e-05 1 -0.000159994 -9.99901e-05 0.000160006 1 -0.00193978 -0.00236054 -0.0079983
FixedParameters: 0 0 0

#Transform 24
Transform: AffineTransform_float_3_3
Parameters: 1 -1.69622e-05 0.000236003 1.70378e-05 1 -0.000159996 -0.000235997 0.000160004 1 0.00379359 -0.00244385 -0.00827784
FixedParameters: 0 0 0

#Transform 25
Transform: AffineTransform_float_3_3
Parameters: 1 1.90378e-05 0.000235997 -1.89622e-05 1 -0.000160004 -0.000236003 0.000159996 1 0.00459746 -0.0170077 -0.0179654
FixedParameters: 0 0 0

#Transform 26
Transform: AffineTransform_float_3_3
Parameters: 1 -0.000186932 0.000236054 0.000187068 1 -0.000286956 -0.000235946 0.000286044 1 0.0146593 -0.00325912 -0.0230221
FixedParameters: 0 0 0

#Transform 27
Transform: AffineTransform_float_3_3
Parameters: 1 -0.000186994 0.000236005 0.000187006 1 -2.59559e-05 -0.000235995 2.60441e-05 1 -0.00127734 -0.00776589 0.00864373
FixedParameters: 0 0 0

#Transform 28
Transform: AffineTransform_float_3_3
Parameters: 1 -0.000187027 -0.00016897 0.000186973 1 -0.000160032 0.00016903 0.000159968 1 -0.00467728 0.00147597 -0.0190242
FixedParameters: 0 0 0

#Transform 29
Transform: AffineTransform_float_3_3
Parameters: 1 2.69904e-05 -0.000169002 -2.70096e-05 1 -5.69954e-05 0.000168998 5.70046e-05 1 -0.000756227 0.0187107 -0.0155472
FixedParameters: 0 0 0

#Transform 30
Transform: AffineTransform_float_3_3
Parameters: 1 -0.000187001 -3.97008e-06 0.000186999 1 -0.000160001 4.02992e-06 0.000159999 1 -0.00164704 0.00381408 -0.0161801
FixedParameters: 0 0 0

#Transform 31
Transform: AffineTransform_float_3_3
Parameters: 1 0.000150998 -0.000169002 -0.000151002 1 -1.19745e-05 0.000168998 1.20255e-05 1 0.00433915 -0.00439136 -0.0154406
FixedParameters: 0 0 0

#Transform 32
Transform: AffineTransform_float_3_3
Parameters: 1 0.000342987 0.000132035 -0.000343013 1 0.000100955 -0.000131965 -0.000101045 1 0.011584 0.0161459 -0.0159575
FixedParameters: 0 0 0

#Transform 33
Transform: AffineTransform_float_3_3
Parameters: 1 0.000234941 0.000192073 -0.000235059 1 0.000308955 -0.000191927 -0.000309045 1 0.0101016 0.022616 0.00979789
FixedParameters: 0 0 0

#Transform 34
Transform: AffineTransform_float_3_3
Parameters: 1 0.000250811 0.000417113 -0.000251188 1 0.000451895 -0.000416886 -0.000452104 1 0.0118081 0.0373166 -0.0238821
FixedParameters: 0 0 0

#Transform 35
Transform: AffineTransform_float_3_3
Parameters: 1 0.000127987 4.30384e-05 -0.000128013 1 0.000299994 -4.29616e-05 -0.000300005 1 0.0104487 0.0260516 -0.0234858
FixedParameters: 0 0 0

#Transform 36
Transform: AffineTransform_float_3_3
Parameters: 1 0.000127874 0.000349046 -0.000128126 1 0.000361955 -0.000348954 -0.000362045 1 0.0111503 0.026719 -0.0102114
FixedParameters: 0 0 0

#Transform 37
Transform: AffineTransform_float_3_3
Parameters: 1 0.000273918 0.000351064 -0.000274082 1 0.000232904 -0.000350936 -0.000232096 1 0.0136042 0.0138685 -0.00600412
FixedParameters: 0 0 0

#Transform 38
Transform: AffineTransform_float_3_3
Parameters: 0.999999 0.000351886 0.000616065 -0.000352114 1 0.000184783 -0.000615935 -0.000185217 1 0.0248318 0.0260561 -0.00671602
FixedParameters: 0 0 0

#Transform 39
Transform: AffineTransform_float_3_3
Parameters: 1 0.000127919 0.000433024 -0.000128081 1 0.000185945 -0.000432976 -0.000186055 1 0.013359 0.0101495 -0.00624861
FixedParameters: 0 0 0

#Transform 40
Transform: AffineTransform_float_3_3
Parameters: 0.999999 0.000127849 0.000700027 -0.00012815 1 0.00021491 -0.000699972 -0.000215089 0.999999 0.0145278 0.0149459 -0.0324063
FixedParameters: 0 0 0

#Transform 41
Transform: AffineTransform_float_3_3
Parameters: 1 0.000236924 0.000574031 -0.000237076 1 0.000132864 -0.000573968 -0.000133136 1 0.0023762 0.00943481 -0.0120479
FixedParameters: 0 0 0

#Transform 42
Transform: AffineTransform_float_3_3
Parameters: 1 0.000299974 0.000971318 -0.000301027 1 0.00105671 -0.000971683 -0.00105729 0.999999 0.0270209 0.0583853 0.027864
FixedParameters: 0 0 0

#Transform 43
Transform: AffineTransform_float_3_3
Parameters: 1 0.000555572 0.000971246 -0.000555428 0.999999 0.000440461 -0.000971756 -0.00044154 1 0.0216947 0.0479838 -0.015181
FixedParameters: 0 0 0

#Transform 44
Transform: AffineTransform_float_3_3
Parameters: 0.999998 0.000378533 0.00156987 -0.000378466 1 -0.000340594 -0.00157013 0.000339406 0.999998 0.0233775 0.010737 0.0417032
FixedParameters: 0 0 0

#Transform 45
Transform: AffineTransform_float_3_3
Parameters: 0.999999 0.000386586 0.000970766 -0.000386413 0.999999 -0.000604376 -0.000971233 0.000603625 1 0.0054771 0.00843961 0.0259955
FixedParameters: 0 0 0

#Transform 46
Transform: AffineTransform_float_3_3
Parameters: 0.999999 0.000386408 0.000800803 -0.000386592 1 -0.000509309 -0.000800197 0.000509691 0.999999 0.00937822 0.0350547 0.0333168
FixedParameters: 0 0 0

#Transform 47
Transform: AffineTransform_float_3_3
Parameters: 0.999999 0.000646284 0.000558671 -0.000646715 0.999999 -0.000509361 -0.000559329 0.000509638 0.999999 0.00125594 0.00868502 0.0124628
FixedParameters: 0 0 0

#Transform 48
Transform: AffineTransform_float_3_3
Parameters: 0.999999 0.000627522 0.000558413 -0.000627477 1 -0.000935351 -0.000559587 0.00093465 1 0.00125592 -0.0269987 -0.00290465
FixedParameters: 0 0 0

#Transform 49
Transform: AffineTransform_float_3_3
Parameters: 0.999999 0.000627517 0.000470311 -0.000627482 0.999999 -0.0010993 -0.00047169 0.0010987 1 0.00693515 -0.0150186 -0.0181195
FixedParameters: 0 0 0

#Transform 50
Transform: AffineTransform_float_3_3
Parameters: 0.999999 0.000627534 0.000437235 -0.000627466 0.999999 -0.00122027 -0.000437766 0.00122073 0.999999 0.000195676 -0.0294337 -0.0210178
FixedParameters: 0 0 0

#Transform 51
Transform: AffineTransform_float_3_3
Parameters: 1 0.00062739 0.000318233 -0.00062761 0.999999 -0.0012232 -0.000318768 0.0012238 0.999999 -0.000852879 -0.0294646 -0.0198061
FixedParameters: 0 0 0

#Transform 52
Transform: AffineTransform_float_3_3
Parameters: 1 0.000949457 0.000474087 -0.000949544 0.999999 -0.000962451 -0.000474915 0.00096255 1 0.0175674 -0.0086471 -0.000334824
FixedParameters: 0 0 0

#Transform 53
Transform: AffineTransform_float_3_3
Parameters: 0.999999 0.000950913 0.000948085 -0.000949087 0.999999 -0.000962901 -0.000948914 0.000962099 0.999999 0.02152 0.0112448 0.00312937
FixedParameters: 0 0 0

#Transform 54
Transform: AffineTransform_float_3_3
Parameters: 1 0.00105054 0.00055799 -0.00105046 0.999999 -0.000962587 -0.000559012 0.000962414 1 0.0229813 0.0181842 0.00404731
FixedParameters: 0 0 0

#Transform 55
Transform: AffineTransform_float_3_3
Parameters: 1 0.00096524 0.000248072 -0.000964762 0.999999 -0.00096224 -0.000248928 0.000961761 1 0.0105412 0.00686136 -0.0066833
FixedParameters: 0 0 0

#Transform 56
Transform: AffineTransform_float_3_3
Parameters: 1 0.00096509 8.19481e-05 -0.00096491 0.999999 -0.00109008 -8.30528e-05 0.00109092 1 0.0137821 -0.00858869 -0.0194073
FixedParameters: 0 0 0

#Transform 57
Transform: AffineTransform_float_3_3
Parameters: 0.999999 0.000965079 8.20715e-05 -0.00096492 0.999999 -0.000962079 -8.29282e-05 0.00096192 0.999999 0.00424361 0.00310339 -0.0191072
FixedParameters: 0 0 0

#Transform 58
Transform: AffineTransform_float_3_3
Parameters: 0.999999 0.000853092 8.20437e-05 -0.000852907 0.999999 -0.00112107 -8.29561e-05 0.00112093 1 -0.00350152 -0.0019744 -0.011827
FixedParameters: 0 0 0

#Transform 59
Transform: AffineTransform_float_3_3
Parameters: 0.999999 0.00096508 8.20648e-05 -0.00096492 0.999999 -0.000969079 -8.29349e-05 0.00096892 0.999999 -0.00378187 0.0202208 -0.0190846
FixedParameters: 0 0 0

#Transform 60
Transform: AffineTransform_float_3_3
Parameters: 1 0.00096485 -0.000124176 -0.000964151 0.999999 -0.00121888 0.000122825 0.00121912 0.999999 0.00574236 0.0273712 -0.0192134
FixedParameters: 0 0 0

#Transform 61
Transform: AffineTransform_float_3_3
Parameters: 0.999999 0.000965113 8.16653e-05 -0.000964885 0.999998 -0.00138308 -8.33344e-05 0.00138292 0.999999 -0.0037918 0.0113489 -0.0356062
FixedParameters: 0 0 0

#Transform 62
Transform: AffineTransform_float_3_3
Parameters: 0.999999 0.000965113 8.16653e-05 -0.000964885 0.999998 -0.00138308 -8.33344e-05 0.00138292 0.999999 0.00117757 0.02978 -0.0405591
FixedParameters: 0 0 0

#Transform 63
Transform: AffineTransform_float_3_3
Parameters: 0.999999 0.000772097 8.20913e-05 -0.000772903 0.999999 -0.00117706 -8.29097e-05 0.00117694 1 0.00649022 0.0224488 -0.00714713
FixedParameters: 0 0 0

#Transform 64
Transform: AffineTransform_float_3_3
Parameters: 1 0.000557085 8.24301e-05 -0.000556915 1 -0.00102305 -8.35697e-05 0.00102295 0.999999 0.00930458 0.0272994 -0.0194974
FixedParameters: 0 0 0

#Transform 65
Transform: AffineTransform_float_3_3
Parameters: 1 0.000611105 8.22191e-05 -0.000610895 0.999999 -0.00127805 -8.27808e-05 0.00127795 0.999999 -0.00284608 0.0310121 0.014506
FixedParameters: 0 0 0

#Transform 66
Transform: AffineTransform_float_3_3
Parameters: 0.999999 0.000965113 8.16653e-05 -0.000964885 0.999998 -0.00138308 -8.33344e-05 0.00138292 0.999999 0.00891746 0.0133274 -0.00719346
FixedParameters: 0 0 0

#Transform 67
Transform: AffineTransform_float_3_3
Parameters: 0.999999 0.000965113 8.16653e-05 -0.000964885 0.999998 -0.00138308 -8.33344e-05 0.00138292 0.999999 0.0076468 0.0302506 -0.00716995
FixedParameters: 0 0 0

#Transform 68
Transform: AffineTransform_float_3_3
Parameters: 0.999999 0.000846074 8.22436e-05 -0.000845926 0.999999 -0.00089407 -8.27562e-05 0.00089393 0.999999 0.00435586 0.0385367 -0.00605729
FixedParameters: 0 0 0

#Transform 69
Transform: AffineTransform_float_3_3
Parameters: 0.999999 0.000894908 -7.5099e-05 -0.000895092 0.999999 -0.00122793 7.49008e-05 0.00122807 0.999999 -0.0049138 0.0148394 -0.00641297
FixedParameters: 0 0 0

#Transform 70
Transform: AffineTransform_float_3_3
Parameters: 0.999999 0.000964961 -3.50721e-05 -0.000965039 0.999999 -0.00111097 3.49278e-05 0.00111103 1 -0.00477319 0.0156535 -0.00622526
FixedParameters: 0 0 0

#Transform 71
Transform: AffineTransform_float_3_3
Parameters: 0.999999 0.000965103 8.17849e-05 -0.000964895 0.999998 -0.00125908 -8.32148e-05 0.00125892 0.999999 -0.0037885 0.0143766 -0.00692631
FixedParameters: 0 0 0

#Transform 72
Transform: AffineTransform_float_3_3
Parameters: 0.999999 0.000839106 8.19193e-05 -0.000838893 0.999999 -0.00128807 -8.30805e-05 0.00128793 0.999999 0.0100507 -0.000108303 -0.00694055
FixedParameters: 0 0 0

#Transform 73
Transform: AffineTransform_float_3_3
Parameters: 0.999999 0.000965113 8.16653e-05 -0.000964885 0.999998 -0.00138308 -8.33344e-05 0.00138292 0.999999 0.0135908 0.00299951 -0.0271951
FixedParameters: 0 0 0

#Transform 74
Transform: AffineTransform_float_3_3
Parameters: 1 0.000965091 8.19443e-05 -0.00096491 0.999999 -0.00109408 -8.30557e-05 0.00109392 1 0.00375025 0.00566262 -0.0148041
FixedParameters: 0 0 0

#Transform 75
Transform: AffineTransform_float_3_3
Parameters: 0.999999 0.000965069 8.21922e-05 -0.000964931 0.999999 -0.00083708 -8.28076e-05 0.00083692 0.999999 0.00401619 0.0161369 -0.0311639
FixedParameters: 0 0 0

#Transform 76
Transform: AffineTransform_float_3_3
Parameters: 1 0.00096508 8.20755e-05 -0.000964922 0.999999 -0.000958079 -8.29254e-05 0.00095892 0.999999 0.00952527 0.0224332 -0.053058
FixedParameters: 0 0 0

#Transform 77
Transform: AffineTransform_float_3_3
Parameters: 0.999999 0.000823087 8.213e-05 -0.000822913 0.999999 -0.00105707 -8.28698e-05 0.00105693 1 -0.00344232 0.00339913 -0.0300502
FixedParameters: 0 0 0

#Transform 78
Transform: AffineTransform_float_3_3
Parameters: 0.999999 0.000965084 8.20156e-05 -0.000964915 0.999999 -0.00102008 -8.29842e-05 0.00101992 1 0.0109699 0.00331284 -0.0421598
FixedParameters: 0 0 0

#Transform 79
Transform: AffineTransform_float_3_3
Parameters: 0.999999 0.000774033 8.26896e-05 -0.000773966 0.999999 -0.000401064 -8.33103e-05 0.000400935 1 0.0147624 0.030413 -0.0345686
FixedParameters: 0 0 0

#Transform 80
Transform: AffineTransform_float_3_3
Parameters: 1 0.000538069 8.25485e-05 -0.00053793 0.999999 -0.000839044 -8.34513e-05 0.000838955 0.999999 -0.00277092 0.0258824 -0.0356347
FixedParameters: 0 0 0

#Transform 81
Transform: AffineTransform_float_3_3
Parameters: 0.999999 0.000799066 8.23647e-05 -0.000798935 1 -0.000795066 -8.26351e-05 0.000794934 0.999999 0.0193825 0.0362291 -0.0102231
FixedParameters: 0 0 0

#Transform 82
Transform: AffineTransform_float_3_3
Parameters: 0.999999 0.00096501 1.22338e-05 -0.000964989 0.999999 -0.000794012 -1.37662e-05 0.000793987 0.999999 0.020099 0.0432848 -0.0015108
FixedParameters: 0 0 0

#Transform 83
Transform: AffineTransform_float_3_3
Parameters: 0.999999 0.000628675 -0.00033561 -0.000629326 1 -0.00096979 0.00033539 0.000970212 1 0.00970035 0.0139174 -0.0106863
FixedParameters: 0 0 0

#Transform 84
Transform: AffineTransform_float_3_3
Parameters: 0.999999 0.000965235 0.000221978 -0.000964764 0.999999 -0.00105922 -0.000223022 0.00105879 1 0.0190355 0.0124387 -0.00708956
FixedParameters: 0 0 0

#Transform 85
Transform: AffineTransform_float_3_3
Parameters: 0.999999 0.000965113 8.16653e-05 -0.000964886 0.999998 -0.00138308 -8.23344e-05 0.00138292 0.999999 -0.00375915 0.00965142 -0.0200837
FixedParameters: 0 0 0

#Transform 86
Transform: AffineTransform_float_3_3
Parameters: 1 0.000537689 -0.000276606 -0.000538312 0.999999 -0.00112685 0.000276393 0.00112715 1 0.00456491 0.0223767 -0.0063323
FixedParameters: 0 0 0

#Transform 87
Transform: AffineTransform_float_3_3
Parameters: 1 0.000684092 8.22414e-05 -0.000683909 0.999999 -0.00110906 -8.27585e-05 0.00110894 1 0.0152194 0.021248 -0.0194432
FixedParameters: 0 0 0

#Transform 88
Transform: AffineTransform_float_3_3
Parameters: 1 0.000624099 8.22549e-05 -0.000623902 0.999999 -0.00119405 -8.2745e-05 0.00119395 1 0.0187949 0.0258884 -0.00232401
FixedParameters: 0 0 0

#Transform 89
Transform: AffineTransform_float_3_3
Parameters: 1 0.000564094 8.23576e-05 -0.000563906 0.999999 -0.00113905 -8.26423e-05 0.00113895 1 0.0246354 0.0222973 0.0056776
FixedParameters: 0 0 0

#Transform 90
Transform: AffineTransform_float_3_3
Parameters: 1 0.000564114 8.22199e-05 -0.000564886 0.999999 -0.00138305 -8.27813e-05 0.00138295 0.999999 0.0248109 0.0168409 -0.0355239
FixedParameters: 0 0 0

#Transform 91
Transform: AffineTransform_float_3_3
Parameters: 1 0.000439633 -0.000265608 -0.000440367 0.999999 -0.00138288 0.000265391 0.00138312 0.999999 0.0270428 -0.00870071 -0.0295635
FixedParameters: 0 0 0

#Transform 92
Transform: AffineTransform_float_3_3
Parameters: 1 0.000479442 -0.000403663 -0.000480557 0.999999 -0.00138281 0.000402336 0.00138319 0.999999 0.0266681 0.00719944 0.00982838
FixedParameters: 0 0 0

#Transform 93
Transform: AffineTransform_float_3_3
Parameters: 1 0.000563805 -0.000192571 -0.000564195 1 -0.00101189 0.000192429 0.00101211 1 0.0404576 0.0289994 0.000720238
FixedParameters: 0 0 0

#Transform 94
Transform: AffineTransform_float_3_3
Parameters: 1 0.000563586 -0.000416561 -0.000564415 1 -0.000994766 0.000416439 0.000995236 1 0.0499738 0.0352369 0.0109142
FixedParameters: 0 0 0

#Transform 95
Transform: AffineTransform_float_3_3
Parameters: 1 0.000286493 -0.00051928 -0.000286507 1 -0.000976852 0.00051872 0.00097715 1 0.0394239 0.039455 0.050016
FixedParameters: 0 0 0

#Transform 96
Transform: AffineTransform_float_3_3
Parameters: 1 0.000161685 -0.000361141 -0.000162315 0.999999 -0.000871941 0.000360858 0.000872058 0.999999 0.0516573 0.0475463 0.0332087
FixedParameters: 0 0 0

#Transform 97
Transform: AffineTransform_float_3_3
Parameters: 1 0.000161652 -0.000361156 -0.000162348 0.999999 -0.000963941 0.000360844 0.000964058 1 0.0485599 0.0594832 0.0619724
FixedParameters: 0 0 0

#Transform 98
Transform: AffineTransform_float_3_3
Parameters: 1 -0.000211574 -0.000537774 0.000211425 1 -0.00106811 0.000538226 0.00106789 1 0.0539693 0.0536107 0.0494816
FixedParameters: 0 0 0

#Transform 99
Transform: AffineTransform_float_3_3
Parameters: 0.999999 -0.000352046 -0.000691468 0.000350953 0.999999 -0.00151224 0.000692531 0.00151176 0.999998 0.0558048 0.0279799 0.085429
FixedParameters: 0 0 0

#Transform 100
Transform: AffineTransform_float_3_3
Parameters: 0.999999 -0.0002819 -0.000840698 0.000281099 1 -0.00107124 0.000841301 0.00107076 0.999999 0.0542659 0.0446252 0.0868167
FixedParameters: 0 0 0

#Transform 101
Transform: AffineTransform_float_3_3
Parameters: 1 -0.000281843 -0.000609611 0.000281157 0.999999 -0.00138317 0.000609389 0.00138283 0.999999 0.0563238 0.0320726 0.0606547
FixedParameters: 0 0 0

#Transform 102
Transform: AffineTransform_float_3_3
Parameters: 0.999999 -0.00053888 -0.000636255 0.000538118 0.999999 -0.00138334 0.000637744 0.00138266 0.999999 0.0726295 0.0479229 0.0943693
FixedParameters: 0 0 0

#Transform 103
Transform: AffineTransform_float_3_3
Parameters: 0.999999 -0.000696498 -0.000360037 0.000696501 0.999999 -0.00138325 0.000360963 0.00138275 0.999999 0.0918188 0.0289625 0.094049
FixedParameters: 0 0 0

#Transform 104
Transform: AffineTransform_float_3_3
Parameters: 0.999999 -0.000696671 -0.000485037 0.000696328 0.999999 -0.00138334 0.000485963 0.00138266 0.999999 0.0874819 0.0332081 0.0501867
FixedParameters: 0 0 0

#Transform 105
Transform: AffineTransform_float_3_3
Parameters: 0.999999 -0.00069632 -0.000246094 0.000696679 0.999999 -0.00130117 0.000246906 0.00130083 0.999999 0.0928436 0.0260151 0.0887187
FixedParameters: 0 0 0

#Transform 106
Transform: AffineTransform_float_3_3
Parameters: 0.999999 -0.00105086 0.000128157 0.00105114 0.999999 -0.00110087 -0.000126843 0.00110113 1 0.0969773 0.033097 0.0567942
FixedParameters: 0 0 0

#Transform 107
Transform: AffineTransform_float_3_3
Parameters: 0.999999 -0.00126185 0.000128436 0.00126214 0.999998 -0.00113784 -0.000126564 0.00113816 1 0.0974927 0.0356997 0.0861875
FixedParameters: 0 0 0

#Transform 108
Transform: AffineTransform_float_3_3
Parameters: 0.999999 -0.0012621 -8.76319e-05 0.0012619 0.999998 -0.00108411 8.93679e-05 0.00108389 1 0.0956623 0.0138574 0.10168
FixedParameters: 0 0 0

#Transform 109
Transform: AffineTransform_float_3_3
Parameters: 1 -0.00117489 0.000128047 0.00117511 0.999999 -0.00089085 -0.000126954 0.000890149 0.999999 0.107102 0.0237046 0.0992052
FixedParameters: 0 0 0

#Transform 110
Transform: AffineTransform_float_3_3
Parameters: 0.999999 -0.00126189 0.000128124 0.00126211 0.999999 -0.000890838 -0.000126877 0.00089016 0.999999 0.106363 0.0268914 0.115108
FixedParameters: 0 0 0

#Transform 111
Transform: AffineTransform_float_3_3
Parameters: 0.999999 -0.00126207 -7.38755e-05 0.00126193 0.999999 -0.000891093 7.51243e-05 0.000890905 0.999999 0.095722 0.00892798 0.0870384
FixedParameters: 0 0 0

#Transform 112
Transform: AffineTransform_float_3_3
Parameters: 0.999999 -0.00126193 7.61243e-05 0.00126207 0.999999 -0.000890904 -7.48755e-05 0.000891095 0.999999 0.112282 0.0426 0.110512
FixedParameters: 0 0 0

#Transform 113
Transform: AffineTransform_float_3_3
Parameters: 0.999999 -0.00126191 0.000127934 0.00126209 0.999999 -0.000739839 -0.000127066 0.000740161 0.999999 0.116874 0.0374867 0.123451
FixedParameters: 0 0 0

#Transform 114
Transform: AffineTransform_float_3_3
Parameters: 0.999999 -0.00126189 0.000128124 0.00126211 0.999999 -0.000890838 -0.000126877 0.00089016 0.999999 0.114179 0.0316037 0.0866413
FixedParameters: 0 0 0

#Transform 115
Transform: AffineTransform_float_3_3
Parameters: 0.999999 -0.00126191 0.000127883 0.00126209 0.999999 -0.000699839 -0.000127116 0.000700161 0.999999 0.119007 0.0319359 0.121617
FixedParameters: 0 0 0

#Transform 116
Transform: AffineTransform_float_3_3
Parameters: 0.999999 -0.00126196 0.000127371 0.00126204 0.999999 -0.00029384 -0.000126629 0.00029416 1 0.128197 0.0460134 0.146137
FixedParameters: 0 0 0

#Transform 117
Transform: AffineTransform_float_3_3
Parameters: 0.999999 -0.0012617 0.000569657 0.0012623 0.999999 -0.000520281 -0.000569343 0.000520719 0.999999 0.132052 0.0401599 0.131264
FixedParameters: 0 0 0

#Transform 118
Transform: AffineTransform_float_3_3
Parameters: 0.999998 -0.0015899 0.000391421 0.0015901 0.999998 -0.000264378 -0.00039158 0.000264623 1 0.131187 0.0374559 0.139267
FixedParameters: 0 0 0

#Transform 119
Transform: AffineTransform_float_3_3
Parameters: 0.999999 -0.00169171 0.000669737 0.00169229 0.999999 -0.000434867 -0.000669263 0.000436133 0.999999 0.144729 0.0139072 0.120153
FixedParameters: 0 0 0

#Transform 120
Transform: AffineTransform_float_3_3
Parameters: 0.999999 -0.00169176 0.000595678 0.00169224 0.999998 -0.000399992 -0.000595322 0.000401007 0.999999 0.142843 0.0510441 0.150229
FixedParameters: 0 0 0

#Transform 121
Transform: AffineTransform_float_3_3
Parameters: 0.999998 -0.00150584 0.000661369 0.00150616 0.999999 -0.000245004 -0.00066063 0.000245995 1 0.154406 0.0431965 0.166093
FixedParameters: 0 0 0

#Transform 122
Transform: AffineTransform_float_3_3
Parameters: 0.999998 -0.00154795 0.000661118 0.00154805 0.999999 -7.59766e-05 -0.000660881 7.70231e-05 1 0.151274 0.0695845 0.141019
FixedParameters: 0 0 0

#Transform 123
Transform: AffineTransform_float_3_3
Parameters: 0.999999 -0.00169191 0.000475333 0.00169209 0.999998 -0.000196196 -0.000475668 0.000196805 1 0.15705 0.0680751 0.172695
FixedParameters: 0 0 0

#Transform 124
Transform: AffineTransform_float_3_3
Parameters: 0.999999 -0.00169201 0.000660984 0.00169199 0.999998 1.01184e-05 -0.000661016 -8.88157e-06 1 0.158673 0.0631145 0.138064
FixedParameters: 0 0 0

#Transform 125
Transform: AffineTransform_float_3_3
Parameters: 0.999999 -0.00169196 0.000661111 0.00169204 0.999998 -6.48814e-05 -0.000660891 6.51183e-05 1 0.158675 0.0728786 0.166528
FixedParameters: 0 0 0

#Transform 126
Transform: AffineTransform_float_3_3
Parameters: 0.999999 -0.00169195 0.000661123 0.00169205 0.999998 -7.18814e-05 -0.000660879 7.21182e-05 1 0.162799 0.0648834 0.187234
FixedParameters: 0 0 0

#Transform 127
Transform: AffineTransform_float_3_3
Parameters: 0.999998 -0.00169192 0.00108012 0.00169207 0.999998 -6.91725e-05 -0.00107988 7.08272e-05 1 0.183073 0.0628086 0.160521
FixedParameters: 0 0 0

#Transform 128
Transform: AffineTransform_float_3_3
Parameters: 0.999998 -0.00169241 0.000928256 0.00169159 0.999998 0.000440571 -0.000928745 -0.000439429 1 0.174098 0.0767626 0.177414
FixedParameters: 0 0 0

#Transform 129
Transform: AffineTransform_float_3_3
Parameters: 0.999998 -0.00183329 0.000660194 0.00183271 0.999998 0.000440211 -0.000660805 -0.000438789 0.999999 0.171459 0.056365 0.180912
FixedParameters: 0 0 0

#Transform 130
Transform: AffineTransform_float_3_3
Parameters: 0.999998 -0.00180334 0.00111145 0.00180366 0.999999 0.000305006 -0.00111155 -0.000302996 1 0.175836 0.0788909 0.179723
FixedParameters: 0 0 0

#Transform 131
Transform: AffineTransform_float_3_3
Parameters: 0.999997 -0.0020214 0.00091511 0.0020206 0.999998 0.00044085 -0.000915888 -0.000439149 0.999999 0.182348 0.0784706 0.180331
FixedParameters: 0 0 0

#Transform 132
Transform: AffineTransform_float_3_3
Parameters: 0.999997 -0.00219785 0.000902935 0.00219715 0.999997 0.000940987 -0.000905066 -0.000939014 0.999999 0.188225 0.0978364 0.1512
FixedParameters: 0 0 0

#Transform 133
Transform: AffineTransform_float_3_3
Parameters: 0.999997 -0.00214177 0.0010965 0.00214123 0.999998 0.00070235 -0.0010985 -0.00070065 0.999999 0.196355 0.10259 0.193958
FixedParameters: 0 0 0

#Transform 134
Transform: AffineTransform_float_3_3
Parameters: 0.999998 -0.00219762 0.000658933 0.00219738 0.999997 0.000941451 -0.000661069 -0.00094055 1 0.18045 0.10637 0.195507
FixedParameters: 0 0 0

#Transform 135
Transform: AffineTransform_float_3_3
Parameters: 0.999998 -0.0021977 0.000658687 0.00219731 0.999997 0.00105345 -0.000661313 -0.00105155 0.999999 0.190342 0.111997 0.195692
FixedParameters: 0 0 0

#Transform 136
Transform: AffineTransform_float_3_3
Parameters: 0.999997 -0.00241918 0.000729107 0.00241882 0.999996 0.00161077 -0.000732893 -0.00160823 0.999999 0.181567 0.111852 0.269631
FixedParameters: 0 0 0

#Transform 137
Transform: AffineTransform_float_3_3
Parameters: 0.999996 -0.0025799 0.000657453 0.00257909 0.999995 0.0013757 -0.000661547 -0.0013743 0.999999 0.181258 0.112827 0.26161
FixedParameters: 0 0 0

#Transform 138
Transform: AffineTransform_float_3_3
Parameters: 0.999997 -0.00231494 0.000657698 0.00231306 0.999997 0.00142753 -0.000661302 -0.00142647 0.999999 0.198486 0.121827 0.252399
FixedParameters: 0 0 0

#Transform 139
Transform: AffineTransform_float_3_3
Parameters: 0.999997 -0.00242983 0.000513089 0.00242917 0.999996 0.00161025 -0.00051691 -0.00160875 0.999998 0.201728 0.124353 0.275707
FixedParameters: 0 0 0

#Transform 140
Transform: AffineTransform_float_3_3
Parameters: 0.999996 -0.0027467 0.000515282 0.0027463 0.999996 0.00135442 -0.00051872 -0.00135358 0.999999 0.202463 0.0994712 0.221351
FixedParameters: 0 0 0

#Transform 141
Transform: AffineTransform_float_3_3
Parameters: 0.999996 -0.00274684 0.000657504 0.00274616 0.999996 0.00127381 -0.000661497 -0.00127219 0.999999 0.2037 0.0987516 0.23141
FixedParameters: 0 0 0

#Transform 142
Transform: AffineTransform_float_3_3
Parameters: 0.999997 -0.00246198 0.000657342 0.00246102 0.999996 0.00148662 -0.000660655 -0.00148438 0.999998 0.203112 0.0761199 0.240035
FixedParameters: 0 0 0

#Transform 143
Transform: AffineTransform_float_3_3
Parameters: 0.999997 -0.00259995 0.00065726 0.00259905 0.999995 0.00143971 -0.000660741 -0.00143829 0.999998 0.203411 0.102465 0.220121
FixedParameters: 0 0 0

#Transform 144
Transform: AffineTransform_float_3_3
Parameters: 0.999996 -0.00267811 0.000656497 0.00267689 0.999995 0.00168276 -0.000661501 -0.00168024 0.999999 0.203555 0.10967 0.235359
FixedParameters: 0 0 0

#Transform 145
Transform: AffineTransform_float_3_3
Parameters: 0.999996 -0.0027468 0.000445058 0.00274619 0.999994 0.00180023 -0.000449942 -0.00179877 0.999999 0.224002 0.101205 0.234163
FixedParameters: 0 0 0

#Transform 146
Transform: AffineTransform_float_3_3
Parameters: 0.999996 -0.00274706 0.000656579 0.00274594 0.999995 0.00161081 -0.00066142 -0.00160819 0.999999 0.22298 0.0978015 0.189654
FixedParameters: 0 0 0

#Transform 147
Transform: AffineTransform_float_3_3
Parameters: 0.999996 -0.00274701 0.000656784 0.00274599 0.999995 0.00153581 -0.000661216 -0.00153419 0.999998 0.229821 0.0982936 0.240727
FixedParameters: 0 0 0

#Transform 148
Transform: AffineTransform_float_3_3
Parameters: 0.999995 -0.00287206 0.000656377 0.00287094 0.999994 0.00161089 -0.000660623 -0.00160911 0.999999 0.226159 0.100476 0.241033
FixedParameters: 0 0 0

#Transform 149
Transform: AffineTransform_float_3_3
Parameters: 0.999996 -0.00274693 0.000657128 0.00274607 0.999995 0.00141081 -0.000660873 -0.00140919 0.999999 0.225816 0.118584 0.240434
FixedParameters: 0 0 0

#Transform 150
Transform: AffineTransform_float_3_3
Parameters: 0.999996 -0.00274662 0.00038058 0.00274639 0.999995 0.00161005 -0.000384421 -0.00160895 0.999998 0.216032 0.110067 0.261737
FixedParameters: 0 0 0

#Transform 151
Transform: AffineTransform_float_3_3
Parameters: 0.999996 -0.00274717 0.000726578 0.00274583 0.999995 0.001611 -0.000731422 -0.001609 0.999999 0.226473 0.109818 0.238442
FixedParameters: 0 0 0

#Transform 152
Transform: AffineTransform_float_3_3
Parameters: 0.999996 -0.0027472 0.000710358 0.0027458 0.999995 0.00169096 -0.000714642 -0.00168904 0.999999 0.21779 0.112987 0.243386
FixedParameters: 0 0 0

#Transform 153
Transform: AffineTransform_float_3_3
Parameters: 0.999997 -0.00249641 0.000253983 0.00249659 0.999995 0.00160964 -0.000258016 -0.00160836 0.999998 0.214517 0.105684 0.257985
FixedParameters: 0 0 0

#Transform 154
Transform: AffineTransform_float_3_3
Parameters: 0.999996 -0.00274721 0.000748578 0.00274579 0.999995 0.00161106 -0.000752422 -0.00160894 0.999999 0.212218 0.119481 0.237852
FixedParameters: 0 0 0

#Transform 155
Transform: AffineTransform_float_3_3
Parameters: 0.999996 -0.00274684 0.000520579 0.00274616 0.999995 0.00161044 -0.00052542 -0.00160856 0.999998 0.2031 0.119062 0.280712
FixedParameters: 0 0 0

#Transform 156
Transform: AffineTransform_float_3_3
Parameters: 0.999996 -0.00274645 0.00025316 0.00274655 0.999994 0.0017627 -0.000257842 -0.0017623 0.999999 0.20249 0.11863 0.254509
FixedParameters: 0 0 0

#Transform 157
Transform: AffineTransform_float_3_3
Parameters: 0.999996 -0.00274742 0.000700465 0.00274658 0.999994 0.00201593 -0.000705536 -0.00201407 0.999997 0.226237 0.127296 0.240455
FixedParameters: 0 0 0

#Transform 158
Transform: AffineTransform_float_3_3
Parameters: 0.999996 -0.00254955 0.000252487 0.00254945 0.999995 0.00216265 -0.000258514 -0.00216235 0.999997 0.213924 0.122344 0.24334
FixedParameters: 0 0 0

#Transform 159
Transform: AffineTransform_float_3_3
Parameters: 0.999997 -0.00217559 0.000252994 0.00217541 0.999995 0.00230156 -0.000258008 -0.00230144 0.999998 0.220885 0.129204 0.227921
FixedParameters: 0 0 0

#Transform 160
Transform: AffineTransform_float_3_3
Parameters: 0.999996 -0.00274662 0.000251273 0.00274638 0.999993 0.0024497 -0.000258728 -0.0024493 0.999997 0.222225 0.133067 0.228118
FixedParameters: 0 0 0

#Transform 161
Transform: AffineTransform_float_3_3
Parameters: 0.999996 -0.00274668 0.000250609 0.00274631 0.999992 0.0026917 -0.000258393 -0.0026913 0.999997 0.222249 0.125877 0.214484
FixedParameters: 0 0 0

#Transform 162
Transform: AffineTransform_float_3_3
Parameters: 0.999996 -0.00274711 0.000419792 0.00274589 0.999993 0.00262516 -0.000427208 -0.00262384 0.999997 0.223673 0.149644 0.224495
FixedParameters: 0 0 0

#Transform 163
Transform: AffineTransform_float_3_3
Parameters: 0.999996 -0.00274691 0.000321303 0.00274609 0.999993 0.00280289 -0.000328697 -0.00280211 0.999996 0.222839 0.15243 0.282264
FixedParameters: 0 0 0

#Transform 164
Transform: AffineTransform_float_3_3
Parameters: 0.999998 -0.00231967 0.000251914 0.00231933 0.999994 0.00262459 -0.000258086 -0.00262341 0.999997 0.221197 0.15476 0.260988
FixedParameters: 0 0 0

#Transform 165
Transform: AffineTransform_float_3_3
Parameters: 0.999998 -0.00231967 0.000251914 0.00231933 0.999994 0.00262459 -0.000258086 -0.00262341 0.999997 0.221194 0.155169 0.25197
FixedParameters: 0 0 0

#Transform 166
Transform: AffineTransform_float_3_3
Parameters: 0.999998 -0.00231982 0.000318108 0.00231919 0.999994 0.00254074 -0.000323891 -0.00253926 0.999996 0.221824 0.136929 0.294016
FixedParameters: 0 0 0

#Transform 167
Transform: AffineTransform_float_3_3
Parameters: 0.999998 -0.00231987 0.000319748 0.00231913 0.999993 0.00269575 -0.000325253 -0.00269525 0.999997 0.217506 0.130076 0.278692
FixedParameters: 0 0 0

#Transform 168
Transform: AffineTransform_float_3_3
Parameters: 0.999998 -0.00231967 0.000251914 0.00231933 0.999994 0.00262459 -0.000258086 -0.00262341 0.999997 0.221223 0.147691 0.296898
FixedParameters: 0 0 0

#Transform 169
Transform: AffineTransform_float_3_3
Parameters: 0.999998 -0.00231973 0.000251375 0.00231927 0.999993 0.00285659 -0.000258627 -0.00285641 0.999996 0.221218 0.144814 0.279077
FixedParameters: 0 0 0

#Transform 170
Transform: AffineTransform_float_3_3
Parameters: 0.999997 -0.00248368 0.000251331 0.00248231 0.999994 0.00268563 -0.000258665 -0.00268437 0.999997 0.229017 0.128296 0.240876
FixedParameters: 0 0 0

#Transform 171
Transform: AffineTransform_float_3_3
Parameters: 0.999997 -0.00238467 0.000251743 0.00238433 0.999993 0.00262461 -0.000258257 -0.00262339 0.999997 0.221405 0.131699 0.252598
FixedParameters: 0 0 0

#Transform 172
Transform: AffineTransform_float_3_3
Parameters: 0.999998 -0.00231967 0.000251914 0.00231933 0.999994 0.00262459 -0.000258086 -0.00262341 0.999997 0.22127 0.125577 0.283172
FixedParameters: 0 0 0

#Transform 173
Transform: AffineTransform_float_3_3
Parameters: 0.999998 -0.00231967 0.000251914 0.00231933 0.999994 0.00262459 -0.000258086 -0.00262341 0.999997 0.221264 0.126276 0.264096
FixedParameters: 0 0 0

#Transform 174
Transform: AffineTransform_float_3_3
Parameters: 0.999997 -0.0024832 7.34841e-05 0.0024828 0.999994 0.00262419 -8.05149e-05 -0.00262381 0.999997 0.22002 0.141715 0.279465
FixedParameters: 0 0 0

#Transform 175
Transform: AffineTransform_float_3_3
Parameters: 0.999997 -0.00252271 0.000250959 0.00252229 0.999993 0.00279164 -0.00025804 -0.00279036 0.999996 0.221647 0.143637 0.287794
FixedParameters: 0 0 0

#Transform 176
Transform: AffineTransform_float_3_3
Parameters: 0.999998 -0.00231973 0.000251357 0.00231927 0.999993 0.00286459 -0.000258645 -0.00286441 0.999996 0.221243 0.135882 0.264558
FixedParameters: 0 0 0

#Transform 177
Transform: AffineTransform_float_3_3
Parameters: 0.999997 -0.00239081 0.000250348 0.00238918 0.999992 0.00320161 -0.000258651 -0.00320139 0.999995 0.228328 0.153518 0.280808
FixedParameters: 0 0 0

#Transform 178
Transform: AffineTransform_float_3_3
Parameters: 0.999998 -0.00231897 -1.4579e-05 0.00231903 0.999994 0.00283697 8.4209e-06 -0.00283703 0.999996 0.219024 0.111804 0.265127
FixedParameters: 0 0 0

#Transform 179
Transform: AffineTransform_float_3_3
Parameters: 0.999997 -0.00254031 0.000101491 0.00253969 0.999993 0.00295627 -0.000108507 -0.00295573 0.999995 0.216685 0.106792 0.28116
FixedParameters: 0 0 0
