#Insight Transform File V1.0
#Transform 0
Transform: AffineTransform_float_3_3
Parameters: 0.999999 -0.000734292 -0.000277228 0.000734708 0.999999 -0.0010512 0.000277772 0.0010508 1 -0.0139474 0.0162303 -0.00815707
FixedParameters: 0 0 0

#Transform 1
Transform: AffineTransform_float_3_3
Parameters: 0.999999 -0.00088014 -0.000123004 0.00088086 0.999999 -0.00113211 0.000123998 0.00113289 1 -0.00381202 0.0255765 -0.0186052
FixedParameters: 0 0 0

#Transform 2
Transform: AffineTransform_float_3_3
Parameters: 0.999999 -0.000791269 -0.000311318 0.000790732 1 -0.000861246 0.000311681 0.000861754 0.999999 -0.00499504 0.0398349 -0.00752895
FixedParameters: 0 0 0

#Transform 3
Transform: AffineTransform_float_3_3
Parameters: 1 -0.000636999 7.59304e-07 0.000637001 0.999999 -0.001192 -2.40695e-07 0.001192 1 -0.00103543 0.0176599 0.000767752
FixedParameters: 0 0 0

#Transform 4
Transform: AffineTransform_float_3_3
Parameters: 0.999999 -0.000733159 -0.000174333 0.000733841 1 -0.000910128 0.000174668 0.000909872 0.999999 -0.00998292 0.0430869 -0.0163835
FixedParameters: 0 0 0

#Transform 5
Transform: AffineTransform_float_3_3
Parameters: 0.999999 -0.000750354 -0.000399335 0.000749645 1 -0.0008863 0.000400665 0.0008867 0.999999 -0.00348794 0.0337519 -0.00622745
FixedParameters: 0 0 0

#Transform 6
Transform: AffineTransform_float_3_3
Parameters: 0.999999 -0.000848 6.17344e-07 0.000848001 1 -0.000728 -3.82655e-07 0.000728001 0.999999 -0.00147298 0.0279457 -0.0172847
FixedParameters: 0 0 0

#Transform 7
Transform: AffineTransform_float_3_3
Parameters: 0.999999 -0.0008 6.408e-07 0.000800001 1 -0.000801 -3.59199e-07 0.000801001 0.999999 -0.00600548 0.0246027 -0.0295954
FixedParameters: 0 0 0

#Transform 8
Transform: AffineTransform_float_3_3
Parameters: 1 -0.000411151 -0.000143569 0.00041085 1 -0.00104806 0.000143431 0.00104794 1 0.00109829 0.0261852 -0.00179077
FixedParameters: 0 0 0

#Transform 9
Transform: AffineTransform_float_3_3
Parameters: 1 -0.00026 6.708e-08 0.00026 1 -0.000258 6.708e-08 0.000258 1 -0.000389874 0.0156339 0.00645041
FixedParameters: 0 0 0

#Transform 10
Transform: AffineTransform_float_3_3
Parameters: 1 -0.000411021 -0.000102917 0.000410979 1 -0.000202042 0.000103083 0.000201958 1 -0.0106287 0.0154241 -0.0176893
FixedParameters: 0 0 0

#Transform 11
Transform: AffineTransform_float_3_3
Parameters: 1 -0.000411 1.06449e-07 0.000411 1 -0.000259 1.06449e-07 0.000259 1 -0.00069545 0.0161734 -0.0204352
FixedParameters: 0 0 0

#Transform 12
Transform: AffineTransform_float_3_3
Parameters: 1 -0.000411 1.06449e-07 0.000411 1 -0.000259 1.06449e-07 0.000259 1 -0.000692817 0.00976656 -0.0289119
FixedParameters: 0 0 0

#Transform 13
Transform: AffineTransform_float_3_3
Parameters: 1 -0.000411015 -5.98935e-05 0.000410984 1 -0.000259025 6.01064e-05 0.000258975 1 9.48069e-05 0.00989316 -0.0376983
FixedParameters: 0 0 0

#Transform 14
Transform: AffineTransform_float_3_3
Parameters: 1 -0.000411 1.06449e-07 0.000411 1 -0.000259 1.06449e-07 0.000259 1 -0.000695452 0.0161779 -0.0379002
FixedParameters: 0 0 0

#Transform 15
Transform: AffineTransform_float_3_3
Parameters: 1 -0.000411077 -0.000295893 0.000410923 1 -0.000259122 0.000296106 0.000258878 1 0.00307468 0.00769418 -0.017578
FixedParameters: 0 0 0

#Transform 16
Transform: AffineTransform_float_3_3
Parameters: 1 -0.000411 6.2472e-08 0.000411 1 -0.000152 6.2472e-08 0.000152 1 -0.00436759 0.0238201 -0.0380492
FixedParameters: 0 0 0

#Transform 17
Transform: AffineTransform_float_3_3
Parameters: 1 -0.000542903 -0.00040513 0.000543097 1 0.00023878 0.00040487 -0.00023922 1 0.0109059 0.0222798 -0.0484605
FixedParameters: 0 0 0

#Transform 18
Transform: AffineTransform_float_3_3
Parameters: 1 -0.000410385 -0.000422597 0.000411613 0.999999 0.00145483 0.000421401 -0.00145517 0.999999 -0.012231 0.0408685 -0.036517
FixedParameters: 0 0 0

#Transform 19
Transform: AffineTransform_float_3_3
Parameters: 1 4.2e-05 1.848e-09 -4.2e-05 1 4.4e-05 1.848e-09 -4.4e-05 1 7.50024e-05 -0.00415514 -0.00744143
FixedParameters: 0 0 0

#Transform 20
Transform: AffineTransform_float_3_3
Parameters: 1 0.000196 8.624e-09 -0.000196 1 4.4e-05 8.624e-09 -4.4e-05 1 0.000378194 0.00698005 0.00586008
FixedParameters: 0 0 0

#Transform 21
Transform: AffineTransform_float_3_3
Parameters: 1 -0.000155 -6.82e-09 0.000155 1 4.4e-05 -6.82e-09 -4.4e-05 1 -0.000224653 0.0115188 -0.0163841
FixedParameters: 0 0 0

#Transform 22
Transform: AffineTransform_float_3_3
Parameters: 1 8.8e-05 3.872e-09 -8.8e-05 1 4.4e-05 3.872e-09 -4.4e-05 1 -0.00410684 0.0105919 -0.0314231
FixedParameters: 0 0 0

#Transform 23
Transform: AffineTransform_float_3_3
Parameters: 1 -0.000185054 -0.000226956 0.000184945 1 -0.000240042 0.000227044 0.000239958 1 0.00258879 0.0152025 -0.0172312
FixedParameters: 0 0 0

#Transform 24
Transform: AffineTransform_float_3_3
Parameters: 1 -0.000410961 0.000147109 0.000411039 1 -0.00026594 -0.000146891 0.00026606 1 -0.00603349 0.0164296 -0.0229433
FixedParameters: 0 0 0

#Transform 25
Transform: AffineTransform_float_3_3
Parameters: 1 -0.000411 -1.8084e-08 0.000411 1 4.4e-05 -1.8084e-08 -4.4e-05 1 -0.000702889 0.0342733 -0.0163861
FixedParameters: 0 0 0

#Transform 26
Transform: AffineTransform_float_3_3
Parameters: 1 -0.000411 -1.8084e-08 0.000411 1 4.4e-05 -1.8084e-08 -4.4e-05 1 -0.000693924 0.0124613 -0.0163852
FixedParameters: 0 0 0

#Transform 27
Transform: AffineTransform_float_3_3
Parameters: 1 -0.000411008 0.000188982 0.000410992 1 4.40777e-05 -0.000189018 -4.39223e-05 1 0.0149022 0.0124661 -0.0300976
FixedParameters: 0 0 0

#Transform 28
Transform: AffineTransform_float_3_3
Parameters: 1 -0.000560076 0.000228813 0.000559923 1 0.000334128 -0.000229187 -0.000333872 1 -0.00386058 0.0292934 -0.0453512
FixedParameters: 0 0 0

#Transform 29
Transform: AffineTransform_float_3_3
Parameters: 1 -0.000410947 0.000235092 0.000411053 1 -0.000223903 -0.000234908 0.000224097 1 0.00615807 -0.00290924 -0.00830701
FixedParameters: 0 0 0

#Transform 30
Transform: AffineTransform_float_3_3
Parameters: 1 -0.00041097 0.000235052 0.00041103 1 -0.000126903 -0.000234948 0.000126097 1 -0.00368604 0.0145863 -0.0249936
FixedParameters: 0 0 0

#Transform 31
Transform: AffineTransform_float_3_3
Parameters: 1 -0.000139003 -8.95927e-06 0.000138997 1 -0.000293001 9.04073e-06 0.000292999 1 -0.000127577 0.0156794 -0.00688055
FixedParameters: 0 0 0

#Transform 32
Transform: AffineTransform_float_3_3
Parameters: 1 -0.000267049 -0.000173925 0.000266951 1 -0.000280046 0.000174075 0.000279953 1 0.00173249 0.0159645 -0.00454287
FixedParameters: 0 0 0

#Transform 33
Transform: AffineTransform_float_3_3
Parameters: 1 -1.60148e-05 -4.19944e-05 1.59852e-05 1 -0.000352001 4.20056e-05 0.000351999 1 -0.00462146 0.0348677 -0.000182103
FixedParameters: 0 0 0

#Transform 34
Transform: AffineTransform_float_3_3
Parameters: 1 5.8656e-06 -0.000298003 -6.1344e-06 1 -0.000450998 0.000297997 0.000451002 1 -0.00956956 0.0231106 0.00255983
FixedParameters: 0 0 0

#Transform 35
Transform: AffineTransform_float_3_3
Parameters: 1 -0.000411077 -0.000169815 0.000410924 1 -0.00045107 0.000169185 0.00045093 1 0.00145273 0.0187402 -0.00921604
FixedParameters: 0 0 0

#Transform 36
Transform: AffineTransform_float_3_3
Parameters: 1 -1.89733e-05 0.000398001 1.90267e-05 1 -6.69924e-05 -0.000397999 6.70076e-05 1 -0.00502512 0.0123109 -0.0183116
FixedParameters: 0 0 0

#Transform 37
Transform: AffineTransform_float_3_3
Parameters: 1 -0.000411011 -2.98508e-05 0.000410989 1 -0.000363012 3.01492e-05 0.000362988 1 -0.000257049 0.0107924 -0.0161
FixedParameters: 0 0 0

#Transform 38
Transform: AffineTransform_float_3_3
Parameters: 1 -0.000516227 -0.000173324 0.000515773 0.999999 -0.00131009 0.000173676 0.00130991 0.999999 0.00146188 0.0184177 -0.00474096
FixedParameters: 0 0 0

#Transform 39
Transform: AffineTransform_float_3_3
Parameters: 1 -0.000411028 -2.96165e-05 0.000410972 0.999999 -0.000933011 3.03834e-05 0.000932987 0.999999 -0.0002363 -0.0441106 0.0777805
FixedParameters: 0 0 0

#Transform 40
Transform: AffineTransform_float_3_3
Parameters: 1 -0.000410971 3.7314e-05 0.000411029 0.999999 -0.000763984 -3.7686e-05 0.000764015 0.999999 -0.0166137 -0.0119597 0.0391859
FixedParameters: 0 0 0

#Transform 41
Transform: AffineTransform_float_3_3
Parameters: 1 -0.000214007 -2.99525e-05 0.000213993 1 -0.000222006 3.00475e-05 0.000221994 1 -0.0245276 0.0173752 0.0597244
FixedParameters: 0 0 0

#Transform 42
Transform: AffineTransform_float_3_3
Parameters: 1 -0.000411431 -0.000339478 0.000411568 0.999999 -0.00127014 0.000340523 0.00126986 0.999999 -0.0120129 -0.0214007 0.0476712
FixedParameters: 0 0 0

#Transform 43
Transform: AffineTransform_float_3_3
Parameters: 1 -0.000411248 -0.000402747 0.000410752 0.999999 -0.000615165 0.000402253 0.000615834 0.999999 -0.0101143 0.009777 0.0277379
FixedParameters: 0 0 0

#Transform 44
Transform: AffineTransform_float_3_3
Parameters: 1 -0.000411387 -0.000466659 0.000411612 0.999999 -0.000829192 0.000467341 0.000828807 0.999999 -0.00447844 0.0125225 0.0284019
FixedParameters: 0 0 0

#Transform 45
Transform: AffineTransform_float_3_3
Parameters: 1 -0.000498349 -0.000466628 0.000498651 0.999999 -0.000747232 0.000467373 0.000747767 0.999999 -0.00533993 0.0119081 -0.0129427
FixedParameters: 0 0 0

#Transform 46
Transform: AffineTransform_float_3_3
Parameters: 1 -0.000411151 -0.000343819 0.000410849 1 -0.000439141 0.000344181 0.000439858 1 -0.00873851 -0.0180555 0.0467942
FixedParameters: 0 0 0

#Transform 47
Transform: AffineTransform_float_3_3
Parameters: 0.999999 -0.00114768 -0.000588685 0.00114732 0.999998 -0.00114668 0.000590316 0.00114632 0.999999 -0.00218244 -0.00229774 0.0358009
FixedParameters: 0 0 0

#Transform 48
Transform: AffineTransform_float_3_3
Parameters: 0.999999 -0.00107375 -0.000665786 0.00107325 0.999999 -0.00113172 0.000667215 0.00113128 0.999999 -0.00701462 0.0188591 0.0587344
FixedParameters: 0 0 0

#Transform 49
Transform: AffineTransform_float_3_3
Parameters: 0.999999 -0.00114769 -0.000631755 0.00114731 0.999999 -0.00108573 0.000633245 0.00108427 0.999999 -0.00638272 0.018525 0.0501723
FixedParameters: 0 0 0

#Transform 50
Transform: AffineTransform_float_3_3
Parameters: 1 -0.0010014 -0.000466136 0.0010006 0.999999 -0.000863467 0.000466865 0.000863534 1 -0.0138947 0.0377682 0.0257136
FixedParameters: 0 0 0

#Transform 51
Transform: AffineTransform_float_3_3
Parameters: 1 -0.0010655 -0.000465856 0.0010655 0.999999 -0.0010745 0.000467145 0.0010735 1 -0.00749981 0.0181504 0.0441914
FixedParameters: 0 0 0

#Transform 52
Transform: AffineTransform_float_3_3
Parameters: 0.999999 -0.00114738 -0.000466069 0.00114762 0.999999 -0.000811535 0.000466932 0.000811465 0.999999 -0.00946855 0.0151705 0.0436587
FixedParameters: 0 0 0

#Transform 53
Transform: AffineTransform_float_3_3
Parameters: 1 -0.00101846 -0.000465986 0.00101854 0.999999 -0.000996476 0.000467015 0.000995525 1 -0.0114127 0.0169536 0.0532419
FixedParameters: 0 0 0

#Transform 54
Transform: AffineTransform_float_3_3
Parameters: 0.999999 -0.000850592 -0.000465921 0.000849407 0.999999 -0.0012694 0.000467079 0.0012696 0.999999 -0.00124549 0.0197874 0.0657708
FixedParameters: 0 0 0

#Transform 55
Transform: AffineTransform_float_3_3
Parameters: 1 -0.00103357 -0.000465741 0.00103343 0.999998 -0.00121848 0.00046726 0.00121852 0.999999 -0.0038454 0.00470548 0.065713
FixedParameters: 0 0 0

#Transform 56
Transform: AffineTransform_float_3_3
Parameters: 0.999999 -0.000753591 -0.000491094 0.000753407 0.999999 -0.00120337 0.000492907 0.00120363 0.999999 0.00498646 -0.00267009 0.0959625
FixedParameters: 0 0 0

#Transform 57
Transform: AffineTransform_float_3_3
Parameters: 1 -0.00075187 -0.000554825 0.000751132 0.999999 -0.00156442 0.000556176 0.00156458 0.999998 0.0058296 0.00259436 0.0893793
FixedParameters: 0 0 0

#Transform 58
Transform: AffineTransform_float_3_3
Parameters: 1 -0.000928772 -0.000729019 0.000927229 0.999999 -0.00105768 0.000729981 0.00105732 0.999999 0.00776244 0.00100085 0.0664361
FixedParameters: 0 0 0

#Transform 59
Transform: AffineTransform_float_3_3
Parameters: 1 -0.00107951 -0.000425711 0.00107849 0.999998 -0.00119446 0.000427288 0.00119354 0.999999 0.00363102 -0.00480346 0.0655577
FixedParameters: 0 0 0

#Transform 60
Transform: AffineTransform_float_3_3
Parameters: 1 -0.00107935 -0.000267586 0.00107865 0.999998 -0.00131029 0.000269414 0.00131071 0.999999 -0.00166434 0.00668824 0.0489141
FixedParameters: 0 0 0

#Transform 61
Transform: AffineTransform_float_3_3
Parameters: 1 -0.0010798 -0.000552441 0.0010792 0.999999 -0.0014446 0.00055356 0.0014444 0.999999 0.00526814 -0.00155331 0.0501651
FixedParameters: 0 0 0

#Transform 62
Transform: AffineTransform_float_3_3
Parameters: 0.999999 -0.000697684 -0.000573167 0.000697315 0.999999 -0.0011944 0.000573833 0.0011936 0.999999 0.00970199 -0.00408932 0.0498782
FixedParameters: 0 0 0

#Transform 63
Transform: AffineTransform_float_3_3
Parameters: 1 -0.000583397 -0.000332304 0.000583603 0.999999 -0.00119419 0.000332697 0.00119381 0.999999 0.00996421 0.00512558 0.0185186
FixedParameters: 0 0 0

#Transform 64
Transform: AffineTransform_float_3_3
Parameters: 0.999999 -0.000677754 -0.000645208 0.000677246 0.999999 -0.00116844 0.000645792 0.00116856 0.999999 0.00697953 0.0120592 0.0197204
FixedParameters: 0 0 0

#Transform 65
Transform: AffineTransform_float_3_3
Parameters: 1 -0.000756039 -0.000769982 0.000754961 0.999999 -0.00134858 0.000771019 0.00134842 0.999999 0.00854476 -0.00392816 0.02051
FixedParameters: 0 0 0

#Transform 66
Transform: AffineTransform_float_3_3
Parameters: 1 -0.000755872 -0.000770146 0.000755129 0.999999 -0.00113158 0.000770855 0.00113142 0.999999 0.00855069 0.00741495 0.0380173
FixedParameters: 0 0 0

#Transform 67
Transform: AffineTransform_float_3_3
Parameters: 0.999999 -0.000677434 -0.000404273 0.000676566 0.999999 -0.00107327 0.000404727 0.00107373 1 0.00395125 0.0198362 0.0479985
FixedParameters: 0 0 0

#Transform 68
Transform: AffineTransform_float_3_3
Parameters: 0.999999 -0.00113184 -0.00074172 0.00113116 0.999998 -0.00113184 0.000743281 0.00113116 0.999999 0.00750767 0.0132453 0.0651523
FixedParameters: 0 0 0

#Transform 69
Transform: AffineTransform_float_3_3
Parameters: 0.999999 -0.00124493 -0.000633174 0.00124407 0.999998 -0.00146779 0.000634826 0.00146721 0.999998 0.00592995 -0.000599241 0.0664739
FixedParameters: 0 0 0

#Transform 70
Transform: AffineTransform_float_3_3
Parameters: 0.999999 -0.00124449 -0.000453666 0.00124351 0.999998 -0.00107257 0.000455333 0.00107143 1 0.00365706 0.0132254 0.0673837
FixedParameters: 0 0 0

#Transform 71
Transform: AffineTransform_float_3_3
Parameters: 0.999999 -0.00124467 -0.000453164 0.00124433 0.999998 -0.00147557 0.000454837 0.00147544 0.999999 0.00366925 -0.000529584 0.0869839
FixedParameters: 0 0 0

#Transform 72
Transform: AffineTransform_float_3_3
Parameters: 0.999999 -0.00124436 -0.000314593 0.00124364 0.999998 -0.00113139 0.000316408 0.00113161 1 0.00190199 0.0177723 0.0688848
FixedParameters: 0 0 0

#Transform 73
Transform: AffineTransform_float_3_3
Parameters: 0.999999 -0.00112302 -0.000700374 0.00112198 0.999999 -0.00144879 0.000702626 0.00144821 0.999998 0.0070118 0.0139251 0.103509
FixedParameters: 0 0 0

#Transform 74
Transform: AffineTransform_float_3_3
Parameters: 1 -0.000918548 -0.000482962 0.000918453 0.999999 -0.00113144 0.00048404 0.00113156 0.999999 0.00938135 0.0165818 0.065874
FixedParameters: 0 0 0

#Transform 75
Transform: AffineTransform_float_3_3
Parameters: 1 -0.000987439 -0.000416963 0.000986561 0.999999 -0.00105141 0.000418038 0.00105159 1 0.00371609 0.0157783 0.0654612
FixedParameters: 0 0 0

#Transform 76
Transform: AffineTransform_float_3_3
Parameters: 1 -0.000987473 -0.000416884 0.000986528 0.999999 -0.00113141 0.000418117 0.00113159 1 0.00960503 0.0168078 0.0536116
FixedParameters: 0 0 0

#Transform 77
Transform: AffineTransform_float_3_3
Parameters: 1 -0.00098778 -0.000688883 0.00098622 0.999999 -0.00113168 0.000690117 0.00113132 0.999999 0.0138874 0.0167754 0.0489014
FixedParameters: 0 0 0

#Transform 78
Transform: AffineTransform_float_3_3
Parameters: 1 -0.000987473 -0.000416884 0.000986528 0.999999 -0.00113141 0.000418117 0.00113159 1 0.00863327 -0.00628553 0.047753
FixedParameters: 0 0 0

#Transform 79
Transform: AffineTransform_float_3_3
Parameters: 1 -0.000987355 -0.000417161 0.000986645 0.999999 -0.000850412 0.000418839 0.000849587 0.999999 0.0201276 0.0174965 0.0291679
FixedParameters: 0 0 0

#Transform 80
Transform: AffineTransform_float_3_3
Parameters: 0.999999 -0.000652651 -0.000582271 0.000651349 0.999999 -0.00111738 0.000582728 0.00111662 0.999999 0.0231815 0.014357 0.0302281
FixedParameters: 0 0 0

#Transform 81
Transform: AffineTransform_float_3_3
Parameters: 1 -0.000857674 -0.000760241 0.000857326 0.999999 -0.000885653 0.00076176 0.000885348 1 0.0246698 0.0122658 0.0110474
FixedParameters: 0 0 0

#Transform 82
Transform: AffineTransform_float_3_3
Parameters: 0.999999 -0.000617751 -0.000774401 0.000617248 1 -0.000970479 0.000775599 0.000969522 0.999999 0.0263636 -0.00287321 0.040607
FixedParameters: 0 0 0

#Transform 83
Transform: AffineTransform_float_3_3
Parameters: 1 -0.000987451 -0.000416935 0.00098655 0.999999 -0.00107941 0.000418065 0.00107859 1 0.019926 -0.0106487 0.0492468
FixedParameters: 0 0 0

#Transform 84
Transform: AffineTransform_float_3_3
Parameters: 1 -0.000987464 -0.000536146 0.000986536 0.999999 -0.000865529 0.000536853 0.00086447 0.999999 0.0196042 0.0124856 0.0311562
FixedParameters: 0 0 0

#Transform 85
Transform: AffineTransform_float_3_3
Parameters: 0.999999 -0.000987759 -0.000831099 0.000986242 0.999999 -0.000912821 0.000831901 0.000912179 0.999999 0.0196706 0.00549999 0.0323785
FixedParameters: 0 0 0

#Transform 86
Transform: AffineTransform_float_3_3
Parameters: 1 -0.000987582 -0.000615067 0.000986419 0.999999 -0.000945608 0.000615933 0.000944393 1 0.0143342 -0.00423019 0.0456289
FixedParameters: 0 0 0

#Transform 87
Transform: AffineTransform_float_3_3
Parameters: 0.999999 -0.00074741 -0.000542434 0.00074659 1 -0.000756405 0.000542564 0.000755595 0.999999 0.00550047 0.01676 0.0469302
FixedParameters: 0 0 0

#Transform 88
Transform: AffineTransform_float_3_3
Parameters: 1 -0.000987642 -0.000562875 0.000986358 0.999999 -0.00113956 0.000564124 0.00113844 0.999999 0.00555843 -0.00582383 0.0944072
FixedParameters: 0 0 0

#Transform 89
Transform: AffineTransform_float_3_3
Parameters: 1 -0.000987606 -0.000494793 0.000986394 0.999999 -0.00122349 0.000496208 0.00122351 0.999999 0.00464291 0.0116758 0.110535
FixedParameters: 0 0 0

#Transform 90
Transform: AffineTransform_float_3_3
Parameters: 1 -0.000987919 -0.000639583 0.00098608 0.999998 -0.00143563 0.000641416 0.00143537 0.999999 0.0129621 0.00568472 0.0918022
FixedParameters: 0 0 0

#Transform 91
Transform: AffineTransform_float_3_3
Parameters: 0.999999 -0.000987926 -0.00103912 0.000986074 0.999999 -0.000891026 0.00103988 0.000889974 0.999999 0.027607 -0.0278248 0.176081
FixedParameters: 0 0 0

#Transform 92
Transform: AffineTransform_float_3_3
Parameters: 0.999999 -0.000987939 -0.000766792 0.000986061 0.999999 -0.00122376 0.000768207 0.00122324 0.999999 0.0215938 -0.0188682 0.101317
FixedParameters: 0 0 0

#Transform 93
Transform: AffineTransform_float_3_3
Parameters: 0.999999 -0.000897825 -0.000979245 0.000897176 0.999999 -0.00084188 0.000979756 0.000841121 0.999999 0.00120131 0.0125717 0.0768092
FixedParameters: 0 0 0

#Transform 94
Transform: AffineTransform_float_3_3
Parameters: 0.999999 -0.000545508 -0.00123233 0.000543491 0.999999 -0.00122367 0.00123367 0.00122333 0.999999 0.00874828 -0.00642162 0.0741359
FixedParameters: 0 0 0

#Transform 95
Transform: AffineTransform_float_3_3
Parameters: 0.999999 -0.000509248 -0.000767173 0.000508752 0.999998 -0.00162639 0.000767828 0.00162561 0.999999 0.0248362 -0.00138334 0.0533632
FixedParameters: 0 0 0

#Transform 96
Transform: AffineTransform_float_3_3
Parameters: 0.999999 -0.00101436 -0.000865414 0.00101365 0.999999 -0.00156588 0.000866588 0.00156512 0.999999 0.0252733 -0.0165738 0.0724124
FixedParameters: 0 0 0

#Transform 97
Transform: AffineTransform_float_3_3
Parameters: 0.999999 -0.00101407 -0.00115006 0.00101293 0.999999 -0.000932166 0.00115094 0.000930834 0.999999 0.0288185 0.0184704 0.0535943
FixedParameters: 0 0 0

#Transform 98
Transform: AffineTransform_float_3_3
Parameters: 0.999999 -0.00101444 -0.00114973 0.00101356 0.999998 -0.00125017 0.00115027 0.00124883 0.999998 0.0244843 0.011377 0.0495917
FixedParameters: 0 0 0

#Transform 99
Transform: AffineTransform_float_3_3
Parameters: 0.999999 -0.00101376 -0.000766996 0.00101324 0.999999 -0.000991778 0.000768005 0.000991222 0.999999 0.0179957 0.0193113 0.0378224
FixedParameters: 0 0 0

#Transform 100
Transform: AffineTransform_float_3_3
Parameters: 0.999999 -0.00101415 -0.00102186 0.00101285 0.999999 -0.00112904 0.00102314 0.00112796 0.999999 0.0272005 0.0143367 0.0535221
FixedParameters: 0 0 0

#Transform 101
Transform: AffineTransform_float_3_3
Parameters: 1 -0.00101349 -0.000507021 0.00101351 0.999999 -0.000966515 0.000507979 0.000965486 1 0.0129036 0.0264967 0.0512048
FixedParameters: 0 0 0

#Transform 102
Transform: AffineTransform_float_3_3
Parameters: 0.999999 -0.00101389 -0.000921021 0.00101311 0.999999 -0.000966934 0.00092198 0.000966066 0.999999 0.0258853 0.0144027 0.0689531
FixedParameters: 0 0 0

#Transform 103
Transform: AffineTransform_float_3_3
Parameters: 0.999999 -0.00101411 -0.000876712 0.00101288 0.999998 -0.00127089 0.000878288 0.00127011 0.999999 0.0254058 0.00797312 0.0531001
FixedParameters: 0 0 0

#Transform 104
Transform: AffineTransform_float_3_3
Parameters: 0.999999 -0.00101405 -0.000882792 0.00101295 0.999999 -0.00119189 0.000883208 0.00119111 0.999999 0.0254185 0.0218426 0.0529973
FixedParameters: 0 0 0

#Transform 105
Transform: AffineTransform_float_3_3
Parameters: 1 -0.00101402 -0.0006865 0.00101298 0.999999 -0.0014807 0.0006885 0.0014793 0.999998 0.0230107 0.00707187 0.073938
FixedParameters: 0 0 0

#Transform 106
Transform: AffineTransform_float_3_3
Parameters: 0.999999 -0.00108806 -0.000829616 0.00108694 0.999998 -0.0012729 0.000830383 0.0012711 0.999999 0.0246918 0.0231707 0.0740594
FixedParameters: 0 0 0

#Transform 107
Transform: AffineTransform_float_3_3
Parameters: 0.999999 -0.00112797 -0.000844707 0.00112703 0.999998 -0.00114695 0.000846293 0.00114605 0.999999 0.0247976 0.0217302 0.0739435
FixedParameters: 0 0 0

#Transform 108
Transform: AffineTransform_float_3_3
Parameters: 0.999999 -0.00106716 -0.000890611 0.00106684 0.999998 -0.00130295 0.00089239 0.00130205 0.999999 0.0254422 0.00685029 0.0781246
FixedParameters: 0 0 0

#Transform 109
Transform: AffineTransform_float_3_3
Parameters: 1 -0.00101343 -0.000444021 0.00101357 0.999999 -0.000966451 0.000444979 0.00096555 1 0.0199178 0.0189776 0.072107
FixedParameters: 0 0 0

#Transform 110
Transform: AffineTransform_float_3_3
Parameters: 0.999999 -0.00106712 -0.000895666 0.00106588 0.999998 -0.00125096 0.000896333 0.00125004 0.999999 0.0255178 0.00161105 0.0902059
FixedParameters: 0 0 0

#Transform 111
Transform: AffineTransform_float_3_3
Parameters: 0.999999 -0.0011383 -0.000820201 0.0011377 0.999998 -0.00158194 0.000821801 0.00158107 0.999999 0.0182955 -0.00804789 0.0940161
FixedParameters: 0 0 0

#Transform 112
Transform: AffineTransform_float_3_3
Parameters: 0.999999 -0.00101424 -0.000897603 0.00101376 0.999998 -0.00137891 0.000898398 0.00137809 0.999998 0.0174607 0.017443 0.0744449
FixedParameters: 0 0 0

#Transform 113
Transform: AffineTransform_float_3_3
Parameters: 0.999999 -0.00101429 -0.000871501 0.00101371 0.999999 -0.00147888 0.000873499 0.00147812 0.999998 0.0253541 0.00598132 0.0745306
FixedParameters: 0 0 0

#Transform 114
Transform: AffineTransform_float_3_3
Parameters: 1 -0.000999768 -0.000556623 0.000999231 0.999998 -0.00137856 0.000558378 0.00137844 0.999999 0.0214229 0.0168698 0.0566437
FixedParameters: 0 0 0

#Transform 115
Transform: AffineTransform_float_3_3
Parameters: 0.999999 -0.000980233 -0.000877623 0.000979765 0.999998 -0.00140586 0.000879377 0.00140414 0.999998 0.0254639 0.0176436 0.0539782
FixedParameters: 0 0 0

#Transform 116
Transform: AffineTransform_float_3_3
Parameters: 0.999998 -0.00143112 -0.00079699 0.00142988 0.999998 -0.00140514 0.000799008 0.00140386 0.999998 0.0236678 -0.00385042 0.074139
FixedParameters: 0 0 0

#Transform 117
Transform: AffineTransform_float_3_3
Parameters: 0.999999 -0.00118224 -0.000918407 0.00118076 0.999999 -0.00134809 0.000920591 0.00134691 0.999998 0.0256605 -0.00561181 0.0744924
FixedParameters: 0 0 0

#Transform 118
Transform: AffineTransform_float_3_3
Parameters: 0.999998 -0.0012454 -0.000993251 0.0012446 0.999998 -0.00140524 0.000994748 0.00140376 0.999998 0.0340592 -0.00457583 0.0939202
FixedParameters: 0 0 0

#Transform 119
Transform: AffineTransform_float_3_3
Parameters: 0.999999 -0.00166707 -0.000760659 0.00166593 0.999997 -0.00140527 0.00076334 0.00140373 0.999998 0.0228246 -0.00294266 0.0651454
FixedParameters: 0 0 0

#Transform 120
Transform: AffineTransform_float_3_3
Parameters: 0.999999 -0.00108827 -0.000900472 0.00108674 0.999999 -0.00140498 0.000901527 0.00140402 0.999998 0.0255886 -0.00519753 0.0678528
FixedParameters: 0 0 0

#Transform 121
Transform: AffineTransform_float_3_3
Parameters: 0.999998 -0.00127238 -0.000939139 0.00127063 0.999998 -0.00146319 0.00094086 0.0014628 0.999998 0.0257372 -0.00373369 0.0680843
FixedParameters: 0 0 0

#Transform 122
Transform: AffineTransform_float_3_3
Parameters: 0.999998 -0.00151212 -0.000785838 0.00151087 0.999998 -0.00143019 0.00078816 0.00142881 0.999998 0.0204169 0.00890409 0.0675727
FixedParameters: 0 0 0

#Transform 123
Transform: AffineTransform_float_3_3
Parameters: 0.999999 -0.00121221 -0.000875326 0.00121079 0.999999 -0.00138206 0.000876674 0.00138194 0.999998 0.025029 -0.00504344 0.0999969
FixedParameters: 0 0 0

#Transform 124
Transform: AffineTransform_float_3_3
Parameters: 0.999998 -0.00154358 -0.000442985 0.00154242 0.999998 -0.00130568 0.000445014 0.00130531 0.999999 0.0190022 0.00376827 0.0500033
FixedParameters: 0 0 0

#Transform 125
Transform: AffineTransform_float_3_3
Parameters: 0.999998 -0.00183181 -0.000765067 0.00183019 0.999998 -0.0010564 0.000766934 0.0010556 0.999999 0.0226083 0.0104067 0.0374068
FixedParameters: 0 0 0

#Transform 126
Transform: AffineTransform_float_3_3
Parameters: 0.999998 -0.00146204 -0.000798091 0.00146096 0.999998 -0.00130617 0.000799909 0.00130583 0.999999 0.0348943 0.0103936 0.0399256
FixedParameters: 0 0 0

#Transform 127
Transform: AffineTransform_float_3_3
Parameters: 0.999999 -0.00171068 -0.000736421 0.00171032 0.999998 -0.000924261 0.00073758 0.00092274 1 0.0224373 0.0124022 0.0391397
FixedParameters: 0 0 0

#Transform 128
Transform: AffineTransform_float_3_3
Parameters: 0.999998 -0.00171099 -0.000847003 0.00171001 0.999998 -0.00116845 0.000848998 0.00116755 0.999999 0.0367484 -0.00571548 0.056135
FixedParameters: 0 0 0

#Transform 129
Transform: AffineTransform_float_3_3
Parameters: 0.999998 -0.00171104 -0.000847903 0.00170996 0.999998 -0.00122645 0.000850096 0.00122455 0.999999 0.0308704 0.0149791 0.0481517
FixedParameters: 0 0 0

#Transform 130
Transform: AffineTransform_float_3_3
Parameters: 0.999999 -0.00163081 -0.000868486 0.00162919 0.999998 -0.000929417 0.000870513 0.000927582 0.999999 0.0243497 0.0174025 0.0397035
FixedParameters: 0 0 0

#Transform 131
Transform: AffineTransform_float_3_3
Parameters: 0.999999 -0.00111863 -0.0010683 0.00111637 0.999998 -0.0015242 0.0010697 0.00152281 0.999999 0.040292 0.00421681 0.0637676
FixedParameters: 0 0 0

#Transform 132
Transform: AffineTransform_float_3_3
Parameters: 0.999999 -0.00135635 -0.00044394 0.00135665 0.999999 -0.000781603 0.00044506 0.000781397 0.999999 0.0192658 0.0247242 0.037706
FixedParameters: 0 0 0

#Transform 133
Transform: AffineTransform_float_3_3
Parameters: 0.999999 -0.00112797 -0.000903792 0.00112703 0.999999 -0.00107202 0.000905208 0.00107098 0.999999 0.0351984 0.000648674 0.0566702
FixedParameters: 0 0 0

#Transform 134
Transform: AffineTransform_float_3_3
Parameters: 0.999998 -0.0015367 -0.000739555 0.0015363 0.999999 -0.000941138 0.000741447 0.000940863 1 0.0352027 0.00995471 0.0502995
FixedParameters: 0 0 0

#Transform 135
Transform: AffineTransform_float_3_3
Parameters: 0.999998 -0.00160741 -0.000443508 0.00160659 0.999999 -0.000928715 0.000445492 0.000928286 1 0.0256657 0.0274559 0.0483916
FixedParameters: 0 0 0

#Transform 136
Transform: AffineTransform_float_3_3
Parameters: 0.999999 -0.00128676 -0.000879883 0.00128623 0.999999 -0.000869133 0.000881117 0.000867867 0.999999 0.0358927 0.0173532 0.0542668
FixedParameters: 0 0 0

#Transform 137
Transform: AffineTransform_float_3_3
Parameters: 0.999999 -0.00153691 -0.000906463 0.00153609 0.999999 -0.00100139 0.000908539 0.00100061 0.999999 0.0418275 0.0146842 0.0573673
FixedParameters: 0 0 0

#Transform 138
Transform: AffineTransform_float_3_3
Parameters: 0.999999 -0.00153683 -0.000871534 0.00153617 0.999999 -0.000955341 0.000873467 0.00095366 0.999999 0.0409727 0.0375572 0.0397557
FixedParameters: 0 0 0

#Transform 139
Transform: AffineTransform_float_3_3
Parameters: 0.999999 -0.00128673 -0.000871916 0.00128626 0.999999 -0.000843123 0.000873084 0.000841878 1 0.0398749 0.0252629 0.0575808
FixedParameters: 0 0 0

#Transform 140
Transform: AffineTransform_float_3_3
Parameters: 0.999999 -0.00153714 -0.000987221 0.00153586 0.999998 -0.00115852 0.000988778 0.00115648 0.999999 0.036021 0.0144903 0.0678486
FixedParameters: 0 0 0

#Transform 141
Transform: AffineTransform_float_3_3
Parameters: 0.999999 -0.00165575 -0.00078142 0.00165525 0.999998 -0.000955295 0.00078358 0.000953705 0.999999 0.0285984 0.0279659 0.0667369
FixedParameters: 0 0 0

#Transform 142
Transform: AffineTransform_float_3_3
Parameters: 0.999999 -0.00128717 -0.000902334 0.00128583 0.999999 -0.00129516 0.000904665 0.00129384 0.999999 0.025227 0.0308261 0.103205
FixedParameters: 0 0 0

#Transform 143
Transform: AffineTransform_float_3_3
Parameters: 0.999998 -0.00153776 -0.00125885 0.00153624 0.999998 -0.00139994 0.00126115 0.00139806 0.999998 0.040153 0.0201993 0.104694
FixedParameters: 0 0 0

#Transform 144
Transform: AffineTransform_float_3_3
Parameters: 0.999999 -0.00153731 -0.00106312 0.0015357 0.999998 -0.00122663 0.00106488 0.00122536 0.999998 0.0430273 0.0273194 0.0929777
FixedParameters: 0 0 0

#Transform 145
Transform: AffineTransform_float_3_3
Parameters: 0.999999 -0.00121092 -0.000777575 0.00121008 0.999998 -0.00117794 0.000779425 0.00117706 0.999999 0.0399061 0.0291781 0.0834986
FixedParameters: 0 0 0

#Transform 146
Transform: AffineTransform_float_3_3
Parameters: 0.999998 -0.00153674 -0.000777533 0.00153626 0.999999 -0.000955196 0.000779466 0.000953804 0.999999 0.0392145 0.0143148 0.0728946
FixedParameters: 0 0 0

#Transform 147
Transform: AffineTransform_float_3_3
Parameters: 0.999998 -0.00153674 -0.000777533 0.00153626 0.999999 -0.000955196 0.000779466 0.000953804 0.999999 0.0231941 0.0275157 0.0640318
FixedParameters: 0 0 0

#Transform 148
Transform: AffineTransform_float_3_3
Parameters: 0.999998 -0.00153728 -0.00112325 0.00153572 0.999998 -0.00114173 0.00112575 0.00114027 0.999998 0.0429518 0.00221975 0.0715103
FixedParameters: 0 0 0

#Transform 149
Transform: AffineTransform_float_3_3
Parameters: 0.999998 -0.00153696 -0.000777109 0.00153604 0.999998 -0.0012312 0.00077889 0.0012298 0.999999 0.0232487 0.00758943 0.046088
FixedParameters: 0 0 0

#Transform 150
Transform: AffineTransform_float_3_3
Parameters: 0.999998 -0.00153692 -0.000777181 0.00153608 0.999998 -0.0011842 0.000779818 0.0011828 0.999999 0.0232109 0.0176208 0.0696334
FixedParameters: 0 0 0

#Transform 151
Transform: AffineTransform_float_3_3
Parameters: 0.999998 -0.0015369 -0.000777216 0.0015361 0.999998 -0.0011612 0.000779784 0.0011608 0.999999 0.0401299 0.00671956 0.0668247
FixedParameters: 0 0 0

#Transform 152
Transform: AffineTransform_float_3_3
Parameters: 0.999999 -0.00153499 -0.000954406 0.00153401 0.999999 -0.00103947 0.000956595 0.00103853 0.999999 0.0325414 0.00511487 0.0521638
FixedParameters: 0 0 0

#Transform 153
Transform: AffineTransform_float_3_3
Parameters: 0.999998 -0.00156091 -0.000707003 0.00156009 0.999998 -0.0012801 0.000708996 0.0012789 0.999999 0.0398348 0.00826357 0.0667796
FixedParameters: 0 0 0

#Transform 154
Transform: AffineTransform_float_3_3
Parameters: 0.999998 -0.00168693 -0.000860186 0.00168607 0.999998 -0.00107645 0.000861814 0.00107455 0.999999 0.0416414 0.0231058 0.0669652
FixedParameters: 0 0 0

#Transform 155
Transform: AffineTransform_float_3_3
Parameters: 0.999998 -0.00173979 -0.000900473 0.00173921 0.999998 -0.000878568 0.000902526 0.000876432 0.999999 0.0295742 0.0300532 0.0668761
FixedParameters: 0 0 0

#Transform 156
Transform: AffineTransform_float_3_3
Parameters: 0.999999 -0.00150293 -0.000938521 0.00150208 0.999999 -0.000985412 0.000939481 0.00098459 0.999999 0.0429237 0.0304942 0.0670924
FixedParameters: 0 0 0

#Transform 157
Transform: AffineTransform_float_3_3
Parameters: 0.999998 -0.00162976 -0.000702233 0.00162924 0.999998 -0.00108515 0.000703767 0.00108386 0.999999 0.0396447 0.0289818 0.066442
FixedParameters: 0 0 0

#Transform 158
Transform: AffineTransform_float_3_3
Parameters: 0.999998 -0.00153654 -0.000736872 0.00153546 0.999998 -0.000735133 0.000738129 0.000734867 1 0.0445215 0.0275565 0.0833289
FixedParameters: 0 0 0

#Transform 159
Transform: AffineTransform_float_3_3
Parameters: 0.999998 -0.00159087 -0.00100162 0.00159013 0.999999 -0.000868595 0.00100238 0.000866407 0.999999 0.0530921 0.0293449 0.0917178
FixedParameters: 0 0 0

#Transform 160
Transform: AffineTransform_float_3_3
Parameters: 0.999998 -0.00160689 -0.00100659 0.00160612 0.999999 -0.000879619 0.00100841 0.000877382 0.999999 0.0513577 0.0295937 0.0746699
FixedParameters: 0 0 0

#Transform 161
Transform: AffineTransform_float_3_3
Parameters: 0.999998 -0.00168682 -0.000969574 0.00168618 0.999998 -0.000846637 0.000971427 0.000845363 0.999999 0.0430517 0.0295464 0.0754175
FixedParameters: 0 0 0

#Transform 162
Transform: AffineTransform_float_3_3
Parameters: 0.999998 -0.00156722 -0.00105018 0.00156578 0.999998 -0.00116065 0.00105182 0.00115835 0.999999 0.0442689 0.0248002 0.114489
FixedParameters: 0 0 0

#Transform 163
Transform: AffineTransform_float_3_3
Parameters: 0.999998 -0.00163704 -0.00107441 0.00163596 0.999998 -0.00097176 0.00107659 0.00096924 0.999999 0.0395592 0.0308528 0.114293
FixedParameters: 0 0 0

#Transform 164
Transform: AffineTransform_float_3_3
Parameters: 0.999999 -0.00135384 -0.00114701 0.00135316 0.999999 -0.000735553 0.001148 0.000734447 0.999999 0.0337435 0.050696 0.107717
FixedParameters: 0 0 0

#Transform 165
Transform: AffineTransform_float_3_3
Parameters: 0.999998 -0.00141297 -0.00148407 0.00141203 0.999999 -0.000657097 0.00148493 0.000654903 0.999998 0.0424885 0.00528845 0.190059
FixedParameters: 0 0 0

#Transform 166
Transform: AffineTransform_float_3_3
Parameters: 0.999999 -0.00159562 -0.000841829 0.00159438 0.999999 -0.000735344 0.000843173 0.000734656 1 0.0283215 0.0276324 0.138702
FixedParameters: 0 0 0

#Transform 167
Transform: AffineTransform_float_3_3
Parameters: 0.999998 -0.00192939 -0.0012424 0.00192961 0.999998 -0.000312398 0.0012436 0.000309602 0.999999 0.041919 0.0577287 0.138468
FixedParameters: 0 0 0

#Transform 168
Transform: AffineTransform_float_3_3
Parameters: 0.999998 -0.0017248 -0.00146706 0.0017242 0.999999 -0.000545531 0.00146794 0.00054247 0.999999 0.0492375 0.0441045 0.116188
FixedParameters: 0 0 0

#Transform 169
Transform: AffineTransform_float_3_3
Parameters: 0.999998 -0.00145362 -0.00123227 0.00145338 0.999999 -0.000506792 0.00123274 0.000505209 0.999999 0.0375272 0.049843 0.114485
FixedParameters: 0 0 0

#Transform 170
Transform: AffineTransform_float_3_3
Parameters: 0.999998 -0.00178572 -0.0014121 0.00178529 0.999999 -0.000506522 0.0014129 0.000504478 0.999999 0.0248223 0.0220124 0.120253
FixedParameters: 0 0 0

#Transform 171
Transform: AffineTransform_float_3_3
Parameters: 0.999997 -0.00189893 -0.00115047 0.00189807 0.999998 -0.000809186 0.00115253 0.000806813 0.999999 0.0198214 0.0119641 0.134707
FixedParameters: 0 0 0

#Transform 172
Transform: AffineTransform_float_3_3
Parameters: 0.999997 -0.00206001 -0.00124434 0.002059 0.999998 -0.000809565 0.00124566 0.000806437 0.999999 0.0121734 0.0573007 0.144864
FixedParameters: 0 0 0

#Transform 173
Transform: AffineTransform_float_3_3
Parameters: 0.999997 -0.00216604 -0.00128525 0.00216496 0.999998 -0.000809785 0.00128675 0.000806216 0.999999 0.0461494 0.0208484 0.157146
FixedParameters: 0 0 0

#Transform 174
Transform: AffineTransform_float_3_3
Parameters: 0.999997 -0.0020925 -0.00110917 0.0020915 0.999997 -0.00135232 0.00111183 0.00134968 0.999998 0.0294482 0.00984974 0.180037
FixedParameters: 0 0 0

#Transform 175
Transform: AffineTransform_float_3_3
Parameters: 0.999998 -0.00183103 -0.00127352 0.00182997 0.999998 -0.000809332 0.00127448 0.000806668 0.999999 0.0327774 0.000699952 0.154779
FixedParameters: 0 0 0

#Transform 176
Transform: AffineTransform_float_3_3
Parameters: 0.999997 -0.00185989 -0.0011896 0.0018591 0.999998 -0.000752213 0.0011914 0.000749786 0.999999 0.0242447 0.0149865 0.118233
FixedParameters: 0 0 0

#Transform 177
Transform: AffineTransform_float_3_3
Parameters: 0.999998 -0.00183406 -0.00131052 0.00183294 0.999998 -0.000809404 0.00131248 0.000806595 0.999999 0.0359963 0.0182344 0.0876411
FixedParameters: 0 0 0

#Transform 178
Transform: AffineTransform_float_3_3
Parameters: 0.999999 -0.00123302 -0.001266 0.00123198 0.999999 -0.000808561 0.001267 0.000806439 0.999999 0.0318152 -0.00632063 0.108871
FixedParameters: 0 0 0

#Transform 179
Transform: AffineTransform_float_3_3
Parameters: 0.999998 -0.00181075 -0.00138402 0.00181025 0.999998 -0.000542507 0.00138498 0.000540494 0.999999 0.0223684 0.0138442 0.112775
FixedParameters: 0 0 0
