# transform file /out/sourcedata/freesurfer/sub-v1s15x0050191_ses-1/mri/transforms/cc_up.lta
# created by oesteban on Sun Mar  8 22:11:14 2026

type      = 0 # LINEAR_VOX_TO_VOX
nxforms   = 1
mean      = 130.0000 100.0000 119.0000
sigma     = 10000.0000
1 4 4
9.968085885047913e-01 7.078983634710312e-02 -3.689801320433617e-02 -5.679989814758301e+00 
-7.074138522148132e-02 9.974913001060486e-01 2.618573373183608e-03 5.220223236083984e+01 
3.699081018567085e-02 2.328306436538696e-10 9.993155598640442e-01 1.422498512268066e+01 
0.000000000000000e+00 0.000000000000000e+00 0.000000000000000e+00 1.000000000000000e+00 
src volume info
valid = 1  # volume info valid
filename = /out/sourcedata/freesurfer/sub-v1s15x0050191_ses-1/mri/norm.mgz
volume = 256 256 256
voxelsize = 1.000000000000000e+00 1.000000000000000e+00 1.000000000000000e+00
xras   = -1.000000000000000e+00 0.000000000000000e+00 0.000000000000000e+00
yras   = 0.000000000000000e+00 0.000000000000000e+00 -1.000000000000000e+00
zras   = 0.000000000000000e+00 1.000000000000000e+00 0.000000000000000e+00
cras   = 2.374702453613281e+00 9.875000000000000e+00 -2.668800354003906e+01
dst volume info
valid = 1  # volume info valid
filename = /out/sourcedata/freesurfer/sub-v1s15x0050191_ses-1/mri/norm.mgz
volume = 256 256 256
voxelsize = 1.000000000000000e+00 1.000000000000000e+00 1.000000000000000e+00
xras   = -1.000000000000000e+00 0.000000000000000e+00 0.000000000000000e+00
yras   = 0.000000000000000e+00 0.000000000000000e+00 -1.000000000000000e+00
zras   = 0.000000000000000e+00 1.000000000000000e+00 0.000000000000000e+00
cras   = 2.374702453613281e+00 9.875000000000000e+00 -2.668800354003906e+01
