#Insight Transform File V1.0
#Transform 0
Transform: AffineTransform_float_3_3
Parameters: 0.999996 0.00190721 -0.00204087 -0.00192279 0.999968 -0.0077621 0.00202613 0.00776589 0.999968 0.0224046 -0.115924 0.0335396
FixedParameters: 0 0 0

#Transform 1
Transform: AffineTransform_float_3_3
Parameters: 0.999996 0.00186469 -0.00209553 -0.00188231 0.999964 -0.00828608 0.00208047 0.00829091 0.999963 0.0287393 -0.162106 0.115216
FixedParameters: 0 0 0

#Transform 2
Transform: AffineTransform_float_3_3
Parameters: 0.999998 0.00150581 -0.00146856 -0.00151719 0.999969 -0.00764578 0.00145744 0.00764821 0.999969 -0.0149071 -0.135485 -0.091857
FixedParameters: 0 0 0

#Transform 3
Transform: AffineTransform_float_3_3
Parameters: 0.999996 0.00254895 -0.00171406 -0.00256105 0.999972 -0.00706564 0.00169594 0.00707035 0.999973 -0.0315989 -0.114306 -0.244226
FixedParameters: 0 0 0

#Transform 4
Transform: AffineTransform_float_3_3
Parameters: 0.999996 0.00254828 -0.00129134 -0.00255671 0.999973 -0.00679172 0.00127366 0.00679527 0.999976 -0.0228418 -0.0883132 -0.323391
FixedParameters: 0 0 0

#Transform 5
Transform: AffineTransform_float_3_3
Parameters: 0.999997 0.00208278 -0.00061448 -0.00208621 0.999973 -0.00694473 0.000599526 0.00694526 0.999975 -0.0129716 -0.0818565 -0.367095
FixedParameters: 0 0 0

#Transform 6
Transform: AffineTransform_float_3_3
Parameters: 0.999999 0.00146683 0.000337132 -0.00146517 0.999984 -0.0053675 -0.000344868 0.0053665 0.999985 -0.0037394 -0.0431456 -0.154101
FixedParameters: 0 0 0

#Transform 7
Transform: AffineTransform_float_3_3
Parameters: 0.999997 0.00264899 0.000308372 -0.00264701 0.999977 -0.00627984 -0.000325629 0.00627916 0.99998 0.0733066 -0.0617385 0.215464
FixedParameters: 0 0 0

#Transform 8
Transform: AffineTransform_float_3_3
Parameters: 0.999998 0.0023009 0.000295558 -0.0022991 0.999977 -0.0062797 -0.000310442 0.0062783 0.99998 0.0443415 -0.0779544 -0.0479748
FixedParameters: 0 0 0

#Transform 9
Transform: AffineTransform_float_3_3
Parameters: 0.999998 0.00198972 0.000413793 -0.00198728 0.999989 -0.00412683 -0.000421204 0.00412617 0.999991 0.0241981 -0.0643506 -0.191703
FixedParameters: 0 0 0

#Transform 10
Transform: AffineTransform_float_3_3
Parameters: 0.999998 0.00155615 0.000490219 -0.00155385 0.99999 -0.00436077 -0.000496779 0.00435924 0.999991 0.0436714 -0.0719615 -0.15478
FixedParameters: 0 0 0

#Transform 11
Transform: AffineTransform_float_3_3
Parameters: 0.999999 0.000901177 4.88461e-05 -0.000900823 0.999994 -0.00350005 -5.21532e-05 0.00349996 0.999994 0.0492467 -0.0134859 -0.0708551
FixedParameters: 0 0 0

#Transform 12
Transform: AffineTransform_float_3_3
Parameters: 1 0.000395874 -5.59035e-05 -0.000396127 0.999998 -0.00228198 5.50962e-05 0.00228202 0.999998 0.082643 -0.0200965 0.257107
FixedParameters: 0 0 0

#Transform 13
Transform: AffineTransform_float_3_3
Parameters: 0.999999 0.000865804 -5.79934e-05 -0.000866195 0.999993 -0.00345695 5.50059e-05 0.00345705 0.999994 0.0722316 -0.0310197 0.481469
FixedParameters: 0 0 0

#Transform 14
Transform: AffineTransform_float_3_3
Parameters: 1 0.000438914 -5.56804e-05 -0.000439085 0.999998 -0.00154997 5.43195e-05 0.00155002 0.999999 0.0177651 -0.0307143 0.0806142
FixedParameters: 0 0 0

#Transform 15
Transform: AffineTransform_float_3_3
Parameters: 1 0.00027829 -0.000506841 -0.00027871 1 0.000571141 0.000507159 -0.000571859 0.999999 -0.0180045 -0.0161104 -0.140543
FixedParameters: 0 0 0

#Transform 16
Transform: AffineTransform_float_3_3
Parameters: 0.999999 0.00124725 -0.000464342 -0.00124676 0.999999 0.000527579 0.000464658 -0.000527421 1 0.0182545 -0.00363098 -0.223117
FixedParameters: 0 0 0

#Transform 17
Transform: AffineTransform_float_3_3
Parameters: 0.999999 0.00129274 0.000471709 -0.00129326 0.999999 0.00054839 -0.000470291 -0.000548608 0.999999 0.0294887 0.0263663 -0.0710111
FixedParameters: 0 0 0

#Transform 18
Transform: AffineTransform_float_3_3
Parameters: 1 0.000349939 0.000207103 -0.000350061 1 0.000293927 -0.000207897 -0.000294073 1 0.0504559 0.0579198 0.175796
FixedParameters: 0 0 0

#Transform 19
Transform: AffineTransform_float_3_3
Parameters: 1 0.000241019 -8.49462e-05 -0.000240981 1 0.00022302 8.50537e-05 -0.000222979 1 0.0223203 0.0248705 0.0351404
FixedParameters: 0 0 0

#Transform 20
Transform: AffineTransform_float_3_3
Parameters: 1 -2.10497e-05 0.000222995 2.09503e-05 1 0.000223005 -0.000223005 -0.000222995 1 0.0111555 0.00504422 -0.00771675
FixedParameters: 0 0 0

#Transform 21
Transform: AffineTransform_float_3_3
Parameters: 1 0.000312055 -0.00056497 -0.000311946 1 9.61762e-05 0.00056503 -9.68237e-05 1 -0.000777027 0.0240272 -0.106708
FixedParameters: 0 0 0

#Transform 22
Transform: AffineTransform_float_3_3
Parameters: 1 0.000397079 0.000143782 -0.000396921 1 -0.000549057 -0.000143218 0.000548943 1 0.00977343 0.0134709 0.00291914
FixedParameters: 0 0 0

#Transform 23
Transform: AffineTransform_float_3_3
Parameters: 0.999998 0.00140178 0.00134098 -0.00139622 0.99999 -0.00430088 -0.00134702 0.00429912 0.99999 0.0793414 -0.0447226 0.478018
FixedParameters: 0 0 0

#Transform 24
Transform: AffineTransform_float_3_3
Parameters: 0.999998 0.00064378 0.00185438 -0.00064222 1 -0.000960193 -0.00185562 0.000958807 0.999998 0.154242 -0.00670296 0.681117
FixedParameters: 0 0 0

#Transform 25
Transform: AffineTransform_float_3_3
Parameters: 0.999998 0.000645526 0.0015095 -0.000642473 0.999997 -0.00233497 -0.0015115 0.00233403 0.999996 0.0445358 -0.0371165 0.409451
FixedParameters: 0 0 0

#Transform 26
Transform: AffineTransform_float_3_3
Parameters: 1 0.000228065 -9.28392e-05 -0.000227934 0.999999 0.000705021 9.31607e-05 -0.000704978 0.999999 0.00167907 -0.00427894 -0.0103655
FixedParameters: 0 0 0

#Transform 27
Transform: AffineTransform_float_3_3
Parameters: 1 0.000215691 0.000508131 -0.000216309 1 0.00060789 -0.000507868 -0.000608109 0.999999 0.00785891 0.0191998 -0.0710194
FixedParameters: 0 0 0

#Transform 28
Transform: AffineTransform_float_3_3
Parameters: 1 0.000216196 0.000667936 -0.000216803 1 -0.000294145 -0.000668063 0.000293856 0.999999 0.0262631 0.0426309 0.0912647
FixedParameters: 0 0 0

#Transform 29
Transform: AffineTransform_float_3_3
Parameters: 1 -7.27998e-05 0.000260056 7.22002e-05 0.999999 -0.000769981 -0.000259944 0.000770018 0.999999 0.0467659 0.015265 0.258848
FixedParameters: 0 0 0

#Transform 30
Transform: AffineTransform_float_3_3
Parameters: 1 0.000216862 0.000536652 -0.000216137 0.999998 -0.00160612 -0.000537347 0.00160588 0.999998 0.018787 -0.00468743 0.190362
FixedParameters: 0 0 0

#Transform 31
Transform: AffineTransform_float_3_3
Parameters: 1 0.000216077 8.17977e-05 -0.000216923 0.999999 -0.000936017 -8.2203e-05 0.000935981 0.999999 0.0123127 -0.00454437 0.0362781
FixedParameters: 0 0 0

#Transform 32
Transform: AffineTransform_float_3_3
Parameters: 1 0.000602246 0.000209294 -0.000601755 0.999999 -0.00117213 -0.000209705 0.00117187 1 0.0220659 0.00548471 0.0278803
FixedParameters: 0 0 0

#Transform 33
Transform: AffineTransform_float_3_3
Parameters: 1 0.000913027 0.000645551 -0.000911973 0.999999 -0.00158859 -0.000647449 0.00158741 0.999998 0.0339163 -0.0011521 0.0561488
FixedParameters: 0 0 0

#Transform 34
Transform: AffineTransform_float_3_3
Parameters: 0.999999 0.00144791 -9.43494e-05 -0.00144809 0.999998 -0.000931863 9.36503e-05 0.000932136 0.999999 0.0526247 -0.00745462 0.20891
FixedParameters: 0 0 0

#Transform 35
Transform: AffineTransform_float_3_3
Parameters: 0.999999 0.00154998 -9.3268e-05 -0.00155002 0.999999 -0.000172856 9.37333e-05 0.000172145 1 0.0578374 -0.0187328 0.105015
FixedParameters: 0 0 0

#Transform 36
Transform: AffineTransform_float_3_3
Parameters: 0.999999 0.00126613 0.000366567 -0.00126587 0.999999 -0.000342464 -0.000367434 0.000342535 1 0.0364344 -0.0455551 0.0803973
FixedParameters: 0 0 0

#Transform 37
Transform: AffineTransform_float_3_3
Parameters: 1 0.000423087 -9.26048e-05 -0.000422913 1 0.000934039 9.3395e-05 -0.000933961 0.999999 0.0142799 -0.0437404 -0.0880821
FixedParameters: 0 0 0

#Transform 38
Transform: AffineTransform_float_3_3
Parameters: 0.999999 0.00036992 -0.00133447 -0.000368081 0.999999 0.00143849 0.00133453 -0.00143851 0.999998 -0.0653907 -0.0680405 -0.357132
FixedParameters: 0 0 0

#Transform 39
Transform: AffineTransform_float_3_3
Parameters: 0.999993 0.00136354 -0.0033263 -0.00137345 0.999994 -0.00314245 0.0033217 0.00314755 0.99999 -0.152223 -0.152236 -0.418294
FixedParameters: 0 0 0

#Transform 40
Transform: AffineTransform_float_3_3
Parameters: 0.999995 0.00173003 -0.00236039 -0.00173597 0.999996 -0.00252991 0.00235661 0.00253409 0.999994 -0.0998286 -0.0191347 -0.365388
FixedParameters: 0 0 0

#Transform 41
Transform: AffineTransform_float_3_3
Parameters: 1 0.000312078 0.000300859 -0.000309928 0.999977 -0.0068821 -0.00030214 0.00688191 0.999977 -0.0335697 -0.0470262 0.0665643
FixedParameters: 0 0 0

#Transform 42
Transform: AffineTransform_float_3_3
Parameters: 0.999999 0.000369182 0.00117978 -0.000361817 0.999981 -0.00608143 -0.00118222 0.00608156 0.999981 -0.00646008 -0.0136035 0.184083
FixedParameters: 0 0 0

#Transform 43
Transform: AffineTransform_float_3_3
Parameters: 0.999999 0.000934849 0.00161635 -0.000924149 0.999981 -0.00608251 -0.00162265 0.0060815 0.99998 0.00118692 0.0245839 0.291896
FixedParameters: 0 0 0

#Transform 44
Transform: AffineTransform_float_3_3
Parameters: 0.999999 0.000960957 0.00118821 -0.000955044 0.999987 -0.00500414 -0.00119279 0.00500286 0.999987 -0.000186395 0.0392005 0.340668
FixedParameters: 0 0 0

#Transform 45
Transform: AffineTransform_float_3_3
Parameters: 0.999999 0.00125991 0.000420333 -0.0012581 0.999989 -0.00450153 -0.000425668 0.00450147 0.99999 0.0254697 0.0203935 0.452715
FixedParameters: 0 0 0

#Transform 46
Transform: AffineTransform_float_3_3
Parameters: 0.999999 0.00126399 0.00121078 -0.00125802 0.999987 -0.00493153 -0.00121622 0.00493047 0.999987 0.0311536 -0.0100902 0.291019
FixedParameters: 0 0 0

#Transform 47
Transform: AffineTransform_float_3_3
Parameters: 1 0.000969366 0.000582079 -0.000967635 0.999992 -0.00405057 -0.000585924 0.00405043 0.999991 0.0146829 -0.0255245 0.319875
FixedParameters: 0 0 0

#Transform 48
Transform: AffineTransform_float_3_3
Parameters: 1 0.000269762 0.000236132 -0.000268238 0.999995 -0.00322106 -0.000236865 0.00322093 0.999995 -0.00735235 -0.0098082 0.138598
FixedParameters: 0 0 0

#Transform 49
Transform: AffineTransform_float_3_3
Parameters: 1 0.000150649 -0.000136388 -0.000151352 0.999996 -0.00257398 0.000136611 0.00257402 0.999996 -0.0257604 -0.0132552 0.0103534
FixedParameters: 0 0 0

#Transform 50
Transform: AffineTransform_float_3_3
Parameters: 1 -0.000255813 -0.000311334 0.000255188 0.999996 -0.00260708 0.000311666 0.00260792 0.999996 -0.0379119 -0.0348962 -0.018392
FixedParameters: 0 0 0

#Transform 51
Transform: AffineTransform_float_3_3
Parameters: 0.999998 -0.000811935 -0.00136485 0.000810064 0.999998 -0.00141811 0.00136615 0.00141689 0.999998 -0.0498995 -0.0307249 -0.0311703
FixedParameters: 0 0 0

#Transform 52
Transform: AffineTransform_float_3_3
Parameters: 0.999999 -0.000359902 -0.000645498 0.000358097 0.999999 -0.00139723 0.000646501 0.00139677 0.999999 -0.0302212 0.0323829 0.0457096
FixedParameters: 0 0 0

#Transform 53
Transform: AffineTransform_float_3_3
Parameters: 1 -5.75316e-05 0.000383071 5.74684e-05 1 -0.00122298 -0.00038293 0.00122302 0.999999 0.0149955 0.0515288 0.268279
FixedParameters: 0 0 0

#Transform 54
Transform: AffineTransform_float_3_3
Parameters: 1 0.000224971 -1.34927e-05 -0.00022503 0.999997 -0.00219 1.35072e-05 0.00219 0.999997 0.0134228 0.0329658 0.313882
FixedParameters: 0 0 0

#Transform 55
Transform: AffineTransform_float_3_3
Parameters: 0.999998 0.000414978 -0.00156507 -0.00041902 0.999996 -0.00256935 0.00156393 0.00257065 0.999996 0.0216364 0.0102545 0.223148
FixedParameters: 0 0 0

#Transform 56
Transform: AffineTransform_float_3_3
Parameters: 0.999998 0.000269847 -0.00156437 -0.000272153 0.999999 -0.00137558 0.00156463 0.00137642 0.999998 0.002958 0.0261834 0.164013
FixedParameters: 0 0 0

#Transform 57
Transform: AffineTransform_float_3_3
Parameters: 1 0.000145129 -0.00111898 -0.000144871 1 0.000115162 0.00111902 -0.000114838 1 -0.0165352 0.0207392 0.0246462
FixedParameters: 0 0 0

#Transform 58
Transform: AffineTransform_float_3_3
Parameters: 0.999999 -7.2344e-05 -0.000890053 7.26558e-05 0.999999 0.000736936 0.000889947 -0.000737065 1 -0.0247109 0.0403318 -0.0135634
FixedParameters: 0 0 0

#Transform 59
Transform: AffineTransform_float_3_3
Parameters: 0.999999 -0.000526509 -0.000523494 0.00052649 1 0.000937725 0.000522506 -0.000938276 1 0.00596333 0.050619 0.0696263
FixedParameters: 0 0 0

#Transform 60
Transform: AffineTransform_float_3_3
Parameters: 1 -0.000185096 -0.000264933 0.000184903 1 -0.000364049 0.000265067 0.000363951 1 0.0112433 0.0549713 0.309264
FixedParameters: 0 0 0

#Transform 61
Transform: AffineTransform_float_3_3
Parameters: 0.999999 0.000745175 0.000100714 -0.000745826 0.999998 -0.00172608 -0.000101287 0.00172592 0.999998 0.0214165 0.0375244 0.460545
FixedParameters: 0 0 0

#Transform 62
Transform: AffineTransform_float_3_3
Parameters: 1 9.21544e-05 0.000186924 -9.18455e-05 0.999999 -0.000826017 -0.000187076 0.000825982 0.999999 0.00833708 0.0417349 0.374742
FixedParameters: 0 0 0

#Transform 63
Transform: AffineTransform_float_3_3
Parameters: 1 -0.000233057 -0.000543976 0.000232943 1 -0.000104127 0.000544024 0.000104873 1 -0.0133591 0.0337484 0.201889
FixedParameters: 0 0 0

#Transform 64
Transform: AffineTransform_float_3_3
Parameters: 1 -0.000155008 -0.000264995 0.000154992 1 -2.90411e-05 0.000265004 2.89589e-05 1 -0.0126313 0.040302 0.143576
FixedParameters: 0 0 0

#Transform 65
Transform: AffineTransform_float_3_3
Parameters: 0.999999 0.00020128 0.000682917 -0.00020072 1 -0.000410137 -0.000683082 0.000409862 0.999999 -0.0103582 0.0439815 0.0844586
FixedParameters: 0 0 0

#Transform 66
Transform: AffineTransform_float_3_3
Parameters: 0.999999 0.000201821 0.00127287 -0.00020018 1 -0.000644255 -0.00127313 0.000644743 0.999999 0.0235104 0.0301621 0.202601
FixedParameters: 0 0 0

#Transform 67
Transform: AffineTransform_float_3_3
Parameters: 1 0.000539149 0.000300733 -0.000538851 0.999999 -0.000495162 -0.000301267 0.000494837 1 0.0247804 0.0121148 0.124843
FixedParameters: 0 0 0

#Transform 68
Transform: AffineTransform_float_3_3
Parameters: 1 8.9025e-05 6.09635e-05 -8.8975e-05 1 -0.000410005 -6.10365e-05 0.000409994 1 0.0106218 0.0143069 0.101554
FixedParameters: 0 0 0

#Transform 69
Transform: AffineTransform_float_3_3
Parameters: 1 0.000119037 0.000173975 -0.000118963 1 -0.000213021 -0.000174025 0.000212979 1 0.0102222 0.0238893 0.069012
FixedParameters: 0 0 0

#Transform 70
Transform: AffineTransform_float_3_3
Parameters: 1 0.000118905 0.000291039 -0.000119095 1 0.000325965 -0.000290961 -0.000326035 1 0.0205806 0.0641581 0.0698141
FixedParameters: 0 0 0

#Transform 71
Transform: AffineTransform_float_3_3
Parameters: 0.999999 0.000717933 -0.000313153 -0.000718066 0.999999 -0.000212775 0.000312847 0.000213225 1 0.0172048 0.0601179 0.165191
FixedParameters: 0 0 0

#Transform 72
Transform: AffineTransform_float_3_3
Parameters: 0.999999 0.000761178 -0.000312565 -0.000761821 0.999999 0.000571238 0.000313435 -0.000570761 1 0.0172022 0.0624676 0.0303993
FixedParameters: 0 0 0

#Transform 73
Transform: AffineTransform_float_3_3
Parameters: 1 0.0011607 0.000137565 -0.0011603 0.999997 0.00220984 -0.000134437 -0.00220916 0.999997 0.0178209 0.066418 -0.130716
FixedParameters: 0 0 0

#Transform 74
Transform: AffineTransform_float_3_3
Parameters: 0.999999 0.00122738 0.000707819 -0.00122862 0.999996 0.00229513 -0.000705182 -0.00229587 0.999997 0.0195683 0.0898207 -0.0394204
FixedParameters: 0 0 0

#Transform 75
Transform: AffineTransform_float_3_3
Parameters: 1 0.000920155 0.000707407 -0.000921847 0.999996 0.00261235 -0.000705594 -0.00261365 0.999997 0.02587 0.0926408 -0.0176958
FixedParameters: 0 0 0

#Transform 76
Transform: AffineTransform_float_3_3
Parameters: 0.999999 0.00117803 0.000543111 -0.00117897 0.999997 0.00179036 -0.00054189 -0.00179064 0.999998 0.0191183 0.0725279 0.0221937
FixedParameters: 0 0 0

#Transform 77
Transform: AffineTransform_float_3_3
Parameters: 0.999999 0.000855351 0.00027304 -0.000855648 0.999997 0.00238377 -0.000270962 -0.00238323 0.999997 0.00321941 0.0693719 -0.109465
FixedParameters: 0 0 0

#Transform 78
Transform: AffineTransform_float_3_3
Parameters: 1 0.000410649 0.000271531 -0.00041135 0.999999 0.00129189 -0.000270469 -0.00129211 0.999999 0.00171767 0.00830962 0.0087824
FixedParameters: 0 0 0

#Transform 79
Transform: AffineTransform_float_3_3
Parameters: 0.999998 0.000700702 0.00156324 -0.000698298 0.999999 -0.00108809 -0.00156476 0.00108791 0.999998 0.00615265 -0.0228212 0.16892
FixedParameters: 0 0 0

#Transform 80
Transform: AffineTransform_float_3_3
Parameters: 0.999994 0.000223383 0.00343297 -0.000206617 0.999988 -0.00477173 -0.00343402 0.00477126 0.999982 0.119966 -0.135366 0.468873
FixedParameters: 0 0 0

#Transform 81
Transform: AffineTransform_float_3_3
Parameters: 0.999997 0.000748935 0.00242887 -0.000742064 0.999995 -0.00285481 -0.00243113 0.00285319 0.999993 0.106762 -0.0372431 0.320393
FixedParameters: 0 0 0

#Transform 82
Transform: AffineTransform_float_3_3
Parameters: 0.999996 0.00128059 0.00242596 -0.00127141 0.999992 -0.0039521 -0.00243104 0.0039489 0.999989 0.108939 -0.0905024 0.481916
FixedParameters: 0 0 0

#Transform 83
Transform: AffineTransform_float_3_3
Parameters: 0.999998 0.00151005 0.000677443 -0.00150795 0.999995 -0.00302003 -0.000682556 0.00301897 0.999995 0.0108826 -0.0896554 -0.0151156
FixedParameters: 0 0 0

#Transform 84
Transform: AffineTransform_float_3_3
Parameters: 0.999996 0.00166499 0.00197196 -0.00165901 0.999994 -0.00303628 -0.00197705 0.00303372 0.999994 0.0480971 -0.0611274 -0.0681828
FixedParameters: 0 0 0

#Transform 85
Transform: AffineTransform_float_3_3
Parameters: 0.999997 0.00151492 0.00227741 -0.00150808 0.999995 -0.00303645 -0.00228159 0.00303356 0.999993 0.0689078 -0.0204183 0.0630364
FixedParameters: 0 0 0

#Transform 86
Transform: AffineTransform_float_3_3
Parameters: 0.999997 0.00163787 0.00175748 -0.00163313 0.999995 -0.00276788 -0.00176152 0.00276512 0.999994 0.0668812 -0.0104788 0.0505987
FixedParameters: 0 0 0

#Transform 87
Transform: AffineTransform_float_3_3
Parameters: 0.999997 0.00151185 0.00159536 -0.00150715 0.999996 -0.00240941 -0.00159963 0.00240759 0.999996 0.0292443 -0.0513561 -0.303299
FixedParameters: 0 0 0

#Transform 88
Transform: AffineTransform_float_3_3
Parameters: 0.999996 0.00182512 0.00187503 -0.00181988 0.999994 -0.00272942 -0.00187997 0.00272558 0.999994 0.0639761 -0.0367885 -0.068227
FixedParameters: 0 0 0

#Transform 89
Transform: AffineTransform_float_3_3
Parameters: 0.999995 0.00217488 0.0023996 -0.00216012 0.999979 -0.00618622 -0.0024134 0.00618079 0.999978 0.0825259 -0.120583 0.469913
FixedParameters: 0 0 0

#Transform 90
Transform: AffineTransform_float_3_3
Parameters: 1 0.00106454 0.000338198 -0.00106246 0.999989 -0.00451436 -0.000342799 0.00451364 0.99999 -4.87817e-05 -0.12406 0.166173
FixedParameters: 0 0 0

#Transform 91
Transform: AffineTransform_float_3_3
Parameters: 0.999999 0.00122672 0.000465495 -0.00122428 0.999993 -0.00367558 -0.000469502 0.00367443 0.999993 0.00704754 -0.0678209 -0.0426754
FixedParameters: 0 0 0

#Transform 92
Transform: AffineTransform_float_3_3
Parameters: 0.999996 0.00211899 0.0019956 -0.00211201 0.999991 -0.00349823 -0.00200339 0.00349377 0.999992 0.0275772 -0.0317943 -0.0658951
FixedParameters: 0 0 0

#Transform 93
Transform: AffineTransform_float_3_3
Parameters: 0.999994 0.00281613 0.00207227 -0.00280286 0.999976 -0.00631385 -0.00209073 0.00630815 0.999978 0.0447907 -0.0741118 -0.045195
FixedParameters: 0 0 0

#Transform 94
Transform: AffineTransform_float_3_3
Parameters: 0.999993 0.00281455 0.00243601 -0.00279745 0.999973 -0.00677086 -0.00245499 0.00676414 0.999974 0.0572517 -0.0755197 -0.0558605
FixedParameters: 0 0 0

#Transform 95
Transform: AffineTransform_float_3_3
Parameters: 0.999991 0.00324382 0.00254822 -0.00322518 0.999967 -0.00735628 -0.00257178 0.00734872 0.999969 0.0661464 -0.0938483 0.0904272
FixedParameters: 0 0 0

#Transform 96
Transform: AffineTransform_float_3_3
Parameters: 0.999994 0.00279242 0.00233788 -0.00277758 0.999977 -0.00615054 -0.00235512 0.00614347 0.999979 0.0580547 -0.0740386 0.0452993
FixedParameters: 0 0 0

#Transform 97
Transform: AffineTransform_float_3_3
Parameters: 0.999992 0.00304209 0.00230553 -0.00302791 0.999977 -0.00608902 -0.00232447 0.00608197 0.999979 0.0560852 -0.0738817 -0.109045
FixedParameters: 0 0 0

#Transform 98
Transform: AffineTransform_float_3_3
Parameters: 0.999993 0.0031487 0.00232524 -0.00313431 0.999976 -0.00629534 -0.00234577 0.00628867 0.999978 0.0598281 -0.0535157 -0.109569
FixedParameters: 0 0 0

#Transform 99
Transform: AffineTransform_float_3_3
Parameters: 0.999992 0.00324 0.00240895 -0.003225 0.999975 -0.00620582 -0.00242905 0.00619818 0.999978 0.0769496 -0.0753048 -0.0791715
FixedParameters: 0 0 0

#Transform 100
Transform: AffineTransform_float_3_3
Parameters: 0.999993 0.00295204 0.00207011 -0.00293795 0.999973 -0.00675513 -0.00208989 0.00674987 0.999975 0.0554922 -0.100826 -0.167716
FixedParameters: 0 0 0

#Transform 101
Transform: AffineTransform_float_3_3
Parameters: 0.999996 0.00270822 0.00145092 -0.00269878 0.999977 -0.00631995 -0.00146808 0.00631606 0.999979 0.0325068 -0.095064 -0.226969
FixedParameters: 0 0 0

#Transform 102
Transform: AffineTransform_float_3_3
Parameters: 0.999995 0.00280561 0.00150928 -0.00279539 0.999976 -0.00633025 -0.00152672 0.00632575 0.999979 0.0338272 -0.0956493 -0.194564
FixedParameters: 0 0 0

#Transform 103
Transform: AffineTransform_float_3_3
Parameters: 0.999994 0.00304875 0.00195379 -0.00303726 0.999978 -0.00598698 -0.00197121 0.00598103 0.99998 0.0635941 -0.0669077 -0.157244
FixedParameters: 0 0 0

#Transform 104
Transform: AffineTransform_float_3_3
Parameters: 0.999992 0.00323885 0.00206846 -0.00322514 0.999972 -0.00666672 -0.00209054 0.00666027 0.999975 0.0634658 -0.0749515 -0.095625
FixedParameters: 0 0 0

#Transform 105
Transform: AffineTransform_float_3_3
Parameters: 0.999992 0.00323914 0.00206801 -0.00322485 0.999971 -0.00680671 -0.00208998 0.00679928 0.999974 0.0634305 -0.0780758 -0.109595
FixedParameters: 0 0 0

#Transform 106
Transform: AffineTransform_float_3_3
Parameters: 0.999992 0.003239 0.00200859 -0.00322499 0.99997 -0.00693653 -0.00203141 0.00693047 0.999974 0.0797275 -0.0867944 -0.108169
FixedParameters: 0 0 0

#Transform 107
Transform: AffineTransform_float_3_3
Parameters: 0.999992 0.00323961 0.00206728 -0.00322439 0.99997 -0.00703072 -0.00209071 0.00702328 0.999973 0.0799513 -0.086559 -0.0760893
FixedParameters: 0 0 0

#Transform 108
Transform: AffineTransform_float_3_3
Parameters: 0.999992 0.00323941 0.00206759 -0.00322458 0.99997 -0.00693672 -0.00209041 0.00693028 0.999974 0.0834315 -0.0862394 -0.0726784
FixedParameters: 0 0 0

#Transform 109
Transform: AffineTransform_float_3_3
Parameters: 0.999993 0.00323918 0.00193345 -0.00322483 0.999968 -0.00728929 -0.00195655 0.00728371 0.999971 0.0796079 -0.0874254 -0.0733736
FixedParameters: 0 0 0

#Transform 110
Transform: AffineTransform_float_3_3
Parameters: 0.999994 0.00310663 0.00189787 -0.00309337 0.999969 -0.00714191 -0.00192013 0.00713608 0.999972 0.0798418 -0.0864686 -0.0731634
FixedParameters: 0 0 0

#Transform 111
Transform: AffineTransform_float_3_3
Parameters: 0.999992 0.00323955 0.00201478 -0.00322444 0.999969 -0.00718655 -0.00203821 0.00717945 0.999972 0.0797768 -0.086991 -0.0883448
FixedParameters: 0 0 0

#Transform 112
Transform: AffineTransform_float_3_3
Parameters: 0.999992 0.00324021 0.00206634 -0.00322478 0.999968 -0.00732172 -0.00209066 0.00731528 0.999971 0.0798927 -0.0970638 -0.0912651
FixedParameters: 0 0 0

#Transform 113
Transform: AffineTransform_float_3_3
Parameters: 0.999993 0.00317828 0.00206669 -0.00316272 0.999968 -0.00735359 -0.0020903 0.00734741 0.999971 0.0800928 -0.0872631 -0.0890305
FixedParameters: 0 0 0

#Transform 114
Transform: AffineTransform_float_3_3
Parameters: 0.999992 0.0032403 0.00206619 -0.00322469 0.999967 -0.00736971 -0.00208981 0.00736228 0.99997 0.0799881 -0.0877857 -0.0613658
FixedParameters: 0 0 0

#Transform 115
Transform: AffineTransform_float_3_3
Parameters: 0.999992 0.00324093 0.00206521 -0.00322507 0.999966 -0.00767172 -0.00208979 0.00766429 0.999969 0.080057 -0.0764635 -0.0429816
FixedParameters: 0 0 0

#Transform 116
Transform: AffineTransform_float_3_3
Parameters: 0.999993 0.0032415 0.00206432 -0.0032245 0.999963 -0.00794572 -0.00209068 0.00793929 0.999967 0.080278 -0.0904516 0.0359879
FixedParameters: 0 0 0

#Transform 117
Transform: AffineTransform_float_3_3
Parameters: 0.999994 0.00282442 0.00226748 -0.00280659 0.999967 -0.00764641 -0.00228852 0.00764059 0.999968 0.106969 -0.0880827 0.0754072
FixedParameters: 0 0 0

#Transform 118
Transform: AffineTransform_float_3_3
Parameters: 0.999993 0.00205616 0.00329088 -0.00203484 0.999978 -0.00641975 -0.00330413 0.00641326 0.999974 0.146567 -0.038672 0.226293
FixedParameters: 0 0 0

#Transform 119
Transform: AffineTransform_float_3_3
Parameters: 0.999994 0.00241611 0.00276341 -0.00239689 0.999974 -0.00689867 -0.0027796 0.00689234 0.999973 0.130879 -0.0628815 0.197163
FixedParameters: 0 0 0

#Transform 120
Transform: AffineTransform_float_3_3
Parameters: 0.999993 0.00241395 0.00264664 -0.00239705 0.999976 -0.00638838 -0.00266136 0.00638162 0.999976 0.135614 -0.0533554 0.20207
FixedParameters: 0 0 0

#Transform 121
Transform: AffineTransform_float_3_3
Parameters: 0.999994 0.00241168 0.00244259 -0.00239732 0.999979 -0.00599689 -0.00245641 0.00599111 0.999979 0.118133 -0.0533358 0.19402
FixedParameters: 0 0 0

#Transform 122
Transform: AffineTransform_float_3_3
Parameters: 0.999993 0.00289399 0.00207197 -0.00288101 0.999977 -0.00624701 -0.00209003 0.006241 0.999979 0.106542 -0.0630413 0.211064
FixedParameters: 0 0 0

#Transform 123
Transform: AffineTransform_float_3_3
Parameters: 0.999993 0.00272101 0.0025933 -0.00270499 0.999978 -0.00615706 -0.00260969 0.00614994 0.999977 0.115221 -0.0474941 0.192986
FixedParameters: 0 0 0

#Transform 124
Transform: AffineTransform_float_3_3
Parameters: 0.999994 0.00290267 0.00221158 -0.00288633 0.999971 -0.00705543 -0.00223241 0.00704956 0.999972 0.111286 -0.0592069 0.17262
FixedParameters: 0 0 0

#Transform 125
Transform: AffineTransform_float_3_3
Parameters: 0.999993 0.00304208 0.00221003 -0.00302592 0.999969 -0.00724474 -0.00223197 0.00723826 0.999972 0.101214 -0.0663141 0.141846
FixedParameters: 0 0 0

#Transform 126
Transform: AffineTransform_float_3_3
Parameters: 0.999994 0.00295125 0.00206841 -0.00293675 0.999969 -0.00733812 -0.0020906 0.00733188 0.999971 0.113681 -0.074702 0.126633
FixedParameters: 0 0 0

#Transform 127
Transform: AffineTransform_float_3_3
Parameters: 0.999994 0.00287052 0.00203568 -0.00285648 0.99997 -0.00709885 -0.00205632 0.00709314 0.999972 0.11794 -0.0612092 0.127349
FixedParameters: 0 0 0

#Transform 128
Transform: AffineTransform_float_3_3
Parameters: 0.999994 0.00280464 0.00192384 -0.00279037 0.999968 -0.00756842 -0.00194517 0.0075636 0.99997 0.103048 -0.0833416 0.134556
FixedParameters: 0 0 0

#Transform 129
Transform: AffineTransform_float_3_3
Parameters: 0.999994 0.0027807 0.00195526 -0.00276531 0.999968 -0.00747945 -0.00197573 0.00747355 0.99997 0.100069 -0.083175 0.170503
FixedParameters: 0 0 0

#Transform 130
Transform: AffineTransform_float_3_3
Parameters: 0.999997 0.00186583 0.00167199 -0.00185417 0.999978 -0.00645512 -0.001684 0.00645188 0.999978 0.0861036 -0.0662857 0.233591
FixedParameters: 0 0 0

#Transform 131
Transform: AffineTransform_float_3_3
Parameters: 0.999998 0.00181877 0.000729665 -0.00181523 0.999985 -0.00513833 -0.000739335 0.00513666 0.999986 0.0579286 -0.070993 0.105729
FixedParameters: 0 0 0

#Transform 132
Transform: AffineTransform_float_3_3
Parameters: 0.999997 0.00244911 0.000402327 -0.00244689 0.999983 -0.005177 -0.000414672 0.005176 0.999986 0.0553143 -0.0736884 0.123139
FixedParameters: 0 0 0

#Transform 133
Transform: AffineTransform_float_3_3
Parameters: 0.999997 0.00267233 -0.000206806 -0.00267267 0.999991 -0.00329446 0.000198197 0.00329454 0.999994 -0.0211446 -0.0940588 -0.127801
FixedParameters: 0 0 0

#Transform 134
Transform: AffineTransform_float_3_3
Parameters: 0.999995 0.00319852 0.000150397 -0.00319848 0.99999 -0.0033155 -0.000161606 0.0033155 0.999994 -0.000293951 -0.0711737 -0.118568
FixedParameters: 0 0 0

#Transform 135
Transform: AffineTransform_float_3_3
Parameters: 0.999997 0.00253109 0.000819532 -0.00252892 0.99999 -0.00374408 -0.000828472 0.00374191 0.999992 0.0154226 -0.057795 -0.122184
FixedParameters: 0 0 0

#Transform 136
Transform: AffineTransform_float_3_3
Parameters: 0.999995 0.0029024 0.000405054 -0.00290159 0.99999 -0.00342819 -0.00041495 0.00342781 0.999994 0.0203757 -0.0295392 -0.0972509
FixedParameters: 0 0 0

#Transform 137
Transform: AffineTransform_float_3_3
Parameters: 0.999995 0.00311992 0.000400298 -0.00311808 0.999984 -0.00471427 -0.000414701 0.00471273 0.999989 0.0560852 -0.035608 0.0972878
FixedParameters: 0 0 0

#Transform 138
Transform: AffineTransform_float_3_3
Parameters: 0.999995 0.00311987 0.00040066 -0.00311812 0.999984 -0.00459827 -0.000415343 0.00459773 0.99999 0.0561023 -0.03529 0.126518
FixedParameters: 0 0 0

#Transform 139
Transform: AffineTransform_float_3_3
Parameters: 0.999995 0.00311987 0.00040066 -0.00311812 0.999984 -0.00459827 -0.000415343 0.00459773 0.99999 0.0480913 -0.0395916 0.132288
FixedParameters: 0 0 0

#Transform 140
Transform: AffineTransform_float_3_3
Parameters: 0.999995 0.00311744 -0.000148308 -0.00311757 0.999988 -0.00394756 0.000136692 0.00394845 0.999992 0.00352007 -0.0484236 -0.0278194
FixedParameters: 0 0 0

#Transform 141
Transform: AffineTransform_float_3_3
Parameters: 0.999994 0.00311351 -0.00107903 -0.00311749 0.999987 -0.00418066 0.00106597 0.00418334 0.99999 -0.035604 -0.0642239 -0.158481
FixedParameters: 0 0 0

#Transform 142
Transform: AffineTransform_float_3_3
Parameters: 0.999997 0.00210395 -0.000405785 -0.00210605 0.999984 -0.00512315 0.000395215 0.00512384 0.999987 -0.030725 -0.0632388 -0.166784
FixedParameters: 0 0 0

#Transform 143
Transform: AffineTransform_float_3_3
Parameters: 0.999997 0.00202665 0.000680216 -0.00202235 0.999984 -0.00532638 -0.000690781 0.00532561 0.999985 -0.0169572 -0.0242644 -0.232537
FixedParameters: 0 0 0

#Transform 144
Transform: AffineTransform_float_3_3
Parameters: 0.999997 0.00162122 0.00147794 -0.00161178 0.99998 -0.0062204 -0.00148805 0.0062176 0.999979 -0.000841073 -0.0260815 -0.164632
FixedParameters: 0 0 0

#Transform 145
Transform: AffineTransform_float_3_3
Parameters: 0.999995 0.00273087 0.00146981 -0.00272114 0.999974 -0.00667303 -0.00148719 0.00666897 0.999976 0.0533934 -0.0334659 0.0378161
FixedParameters: 0 0 0

#Transform 146
Transform: AffineTransform_float_3_3
Parameters: 0.999992 0.00375949 0.00146129 -0.00374951 0.999967 -0.00711653 -0.00148771 0.00711046 0.999973 0.0561984 -0.0396581 0.125702
FixedParameters: 0 0 0

#Transform 147
Transform: AffineTransform_float_3_3
Parameters: 0.999993 0.00357096 0.00161278 -0.00355904 0.999966 -0.00735679 -0.00163921 0.0073502 0.999971 0.0470444 -0.0648195 0.195195
FixedParameters: 0 0 0

#Transform 148
Transform: AffineTransform_float_3_3
Parameters: 0.999993 0.0034681 0.00122633 -0.0034599 0.999972 -0.00654528 -0.00124867 0.00654171 0.999978 0.0169066 -0.0610756 0.00232093
FixedParameters: 0 0 0

#Transform 149
Transform: AffineTransform_float_3_3
Parameters: 0.999993 0.00363213 0.00138326 -0.00362287 0.999972 -0.00654606 -0.00140674 0.00654094 0.999977 0.0225259 -0.0344897 0.00898271
FixedParameters: 0 0 0

#Transform 150
Transform: AffineTransform_float_3_3
Parameters: 0.999992 0.00373775 0.00132457 -0.00372925 0.999971 -0.00654599 -0.00134943 0.006541 0.999977 0.0391628 -0.0254246 -0.0393296
FixedParameters: 0 0 0

#Transform 151
Transform: AffineTransform_float_3_3
Parameters: 0.999992 0.00368852 0.00148863 -0.00367849 0.999973 -0.00634553 -0.00151136 0.00633947 0.999979 0.0271661 -0.0245173 -0.0534483
FixedParameters: 0 0 0

#Transform 152
Transform: AffineTransform_float_3_3
Parameters: 0.999992 0.00366063 0.00123765 -0.00365337 0.999974 -0.00611356 -0.00125935 0.00610843 0.99998 0.0389619 -0.0234704 -0.0853152
FixedParameters: 0 0 0

#Transform 153
Transform: AffineTransform_float_3_3
Parameters: 0.999992 0.00376268 0.00146335 -0.00375232 0.999972 -0.00656355 -0.00148765 0.00655846 0.999978 0.0463903 -0.0473692 -0.0758121
FixedParameters: 0 0 0

#Transform 154
Transform: AffineTransform_float_3_3
Parameters: 0.999992 0.00398313 0.00118985 -0.00397487 0.999964 -0.00757979 -0.00122016 0.0075752 0.99997 0.0400678 -0.0640271 -0.093754
FixedParameters: 0 0 0

#Transform 155
Transform: AffineTransform_float_3_3
Parameters: 0.99999 0.00398724 0.00161775 -0.00397476 0.99996 -0.00810551 -0.00165026 0.0080985 0.999966 0.0564255 -0.088498 0.0687499
FixedParameters: 0 0 0

#Transform 156
Transform: AffineTransform_float_3_3
Parameters: 0.999992 0.00368114 0.00146022 -0.00366986 0.999964 -0.00756042 -0.00148778 0.00755558 0.999971 0.0564535 -0.0796095 -0.0844247
FixedParameters: 0 0 0

#Transform 157
Transform: AffineTransform_float_3_3
Parameters: 0.999993 0.00369342 0.0012587 -0.00368359 0.999966 -0.00740269 -0.0012853 0.00739831 0.999972 0.0558844 -0.0687983 -0.0670432
FixedParameters: 0 0 0

#Transform 158
Transform: AffineTransform_float_3_3
Parameters: 0.999992 0.00370324 0.00145981 -0.00369277 0.999964 -0.00762645 -0.0014872 0.00762155 0.99997 0.0504186 -0.0610105 -0.057941
FixedParameters: 0 0 0

#Transform 159
Transform: AffineTransform_float_3_3
Parameters: 0.999992 0.0035635 0.00146023 -0.0035525 0.999963 -0.00780725 -0.00148777 0.00780176 0.999969 0.0395408 -0.0642088 -0.0150675
FixedParameters: 0 0 0

#Transform 160
Transform: AffineTransform_float_3_3
Parameters: 0.999992 0.00374675 0.00130126 -0.00373726 0.999966 -0.00741492 -0.00132874 0.00741008 0.999971 0.0560168 -0.0671365 0.00586172
FixedParameters: 0 0 0

#Transform 161
Transform: AffineTransform_float_3_3
Parameters: 0.999993 0.00353237 0.00159267 -0.00351863 0.999959 -0.00832267 -0.00162133 0.00831634 0.999964 0.0576808 -0.0868146 0.18374
FixedParameters: 0 0 0

#Transform 162
Transform: AffineTransform_float_3_3
Parameters: 0.999992 0.00375574 0.00145298 -0.00374226 0.99995 -0.00934352 -0.00148802 0.00933849 0.999956 0.047174 -0.106021 0.0448795
FixedParameters: 0 0 0

#Transform 163
Transform: AffineTransform_float_3_3
Parameters: 0.999992 0.00374019 0.00179371 -0.00372582 0.999962 -0.00784975 -0.00182229 0.00784325 0.999967 0.0856544 -0.0695769 0.0134482
FixedParameters: 0 0 0

#Transform 164
Transform: AffineTransform_float_3_3
Parameters: 0.999993 0.0032509 0.00146403 -0.0032401 0.999968 -0.00738879 -0.00148797 0.00738321 0.999971 0.117385 -0.0662312 0.0515673
FixedParameters: 0 0 0

#Transform 165
Transform: AffineTransform_float_3_3
Parameters: 0.999994 0.00331528 0.00157846 -0.00330272 0.999964 -0.00772126 -0.00160354 0.00771573 0.999969 0.100993 -0.067587 0.0739806
FixedParameters: 0 0 0

#Transform 166
Transform: AffineTransform_float_3_3
Parameters: 0.999994 0.00315144 0.00178631 -0.00313556 0.999954 -0.00913066 -0.00181569 0.00912434 0.999956 0.0994572 -0.113137 0.047601
FixedParameters: 0 0 0

#Transform 167
Transform: AffineTransform_float_3_3
Parameters: 0.999994 0.0029686 0.00137217 -0.00295739 0.999961 -0.00838211 -0.00139783 0.0083779 0.999964 0.0695418 -0.109514 0.0255199
FixedParameters: 0 0 0

#Transform 168
Transform: AffineTransform_float_3_3
Parameters: 0.999996 0.00274771 0.000783829 -0.00274128 0.99996 -0.00844418 -0.000807173 0.00844181 0.999964 0.0321789 -0.127873 -0.132789
FixedParameters: 0 0 0

#Transform 169
Transform: AffineTransform_float_3_3
Parameters: 0.999996 0.00275083 0.000914701 -0.00274316 0.999969 -0.00738954 -0.000935291 0.00738646 0.999973 0.0356666 -0.124526 -0.111225
FixedParameters: 0 0 0

#Transform 170
Transform: AffineTransform_float_3_3
Parameters: 0.999994 0.00314838 0.000936815 -0.00314162 0.999973 -0.00673698 -0.000957182 0.00673402 0.999977 0.0228494 -0.0869458 -0.125055
FixedParameters: 0 0 0

#Transform 171
Transform: AffineTransform_float_3_3
Parameters: 0.999994 0.00315311 0.00146431 -0.00314189 0.999966 -0.00752764 -0.00148769 0.00752335 0.99997 0.029972 -0.0772593 -0.160499
FixedParameters: 0 0 0

#Transform 172
Transform: AffineTransform_float_3_3
Parameters: 0.999992 0.00348376 0.00197087 -0.00347024 0.99997 -0.00694289 -0.00199513 0.0069361 0.999974 0.0392893 -0.0515857 -0.146973
FixedParameters: 0 0 0

#Transform 173
Transform: AffineTransform_float_3_3
Parameters: 0.999993 0.0031578 0.00209436 -0.00314219 0.999967 -0.00750663 -0.00211864 0.00750036 0.999969 0.0572848 -0.076538 -0.182655
FixedParameters: 0 0 0

#Transform 174
Transform: AffineTransform_float_3_3
Parameters: 0.999991 0.00370301 0.00170096 -0.00368999 0.999965 -0.00758834 -0.00172904 0.00758166 0.99997 0.0466941 -0.0706256 -0.180979
FixedParameters: 0 0 0

#Transform 175
Transform: AffineTransform_float_3_3
Parameters: 0.999988 0.0046239 0.00153877 -0.0046111 0.999955 -0.00828219 -0.00157723 0.0082758 0.999964 0.0600485 -0.0545576 0.0459714
FixedParameters: 0 0 0

#Transform 176
Transform: AffineTransform_float_3_3
Parameters: 0.999988 0.0046219 0.00120494 -0.0046111 0.99995 -0.00889565 -0.00124606 0.00889034 0.999959 0.0677162 -0.0713488 -0.076321
FixedParameters: 0 0 0

#Transform 177
Transform: AffineTransform_float_3_3
Parameters: 0.999991 0.0041133 0.00109977 -0.00410369 0.999957 -0.00833358 -0.00113423 0.00832841 0.999964 0.0685487 -0.0726617 -0.112888
FixedParameters: 0 0 0

#Transform 178
Transform: AffineTransform_float_3_3
Parameters: 0.999991 0.00419051 0.000925647 -0.00418349 0.99996 -0.00796795 -0.000959356 0.00796406 0.999968 0.048177 -0.0693917 -0.132357
FixedParameters: 0 0 0

#Transform 179
Transform: AffineTransform_float_3_3
Parameters: 0.999991 0.00416766 0.000840619 -0.00416133 0.999961 -0.00777757 -0.000873382 0.00777343 0.99997 0.0410343 -0.0819165 -0.196743
FixedParameters: 0 0 0
