#Insight Transform File V1.0
#Transform 0
Transform: AffineTransform_float_3_3
Parameters: 1 0.000643884 -0.000143521 -0.000644115 0.999999 -0.000808907 0.000142479 0.000809091 0.999999 0.00126642 0.00489835 0.0162068
FixedParameters: 0 0 0

#Transform 1
Transform: AffineTransform_float_3_3
Parameters: 1 0.000571588 -0.00041357 -0.000571411 1 -0.000995765 0.000412431 0.000996237 1 0.00586132 0.0123065 0.0730578
FixedParameters: 0 0 0

#Transform 2
Transform: AffineTransform_float_3_3
Parameters: 1 0.000571557 -0.000413612 -0.000571442 1 -0.00107076 0.000412388 0.00107124 1 0.00345479 0.0228762 0.08898
FixedParameters: 0 0 0

#Transform 3
Transform: AffineTransform_float_3_3
Parameters: 1 0.000609692 -0.000320587 -0.000610308 1 -0.000961805 0.000319414 0.000961196 1 0.0109713 0.0271946 0.115099
FixedParameters: 0 0 0

#Transform 4
Transform: AffineTransform_float_3_3
Parameters: 1 0.000973645 -0.000413836 -0.000973355 0.999999 -0.000858597 0.000412164 0.000859402 0.999999 0.0061898 0.0178255 0.119313
FixedParameters: 0 0 0

#Transform 5
Transform: AffineTransform_float_3_3
Parameters: 0.999999 0.00083397 -4.8522e-05 -0.00083403 1 -0.00062596 4.74779e-05 0.00062604 1 -0.00464633 0.00748922 0.106119
FixedParameters: 0 0 0

#Transform 6
Transform: AffineTransform_float_3_3
Parameters: 1 0.00069592 -0.000119461 -0.000696079 0.999999 -0.000662917 0.000119538 0.000663083 1 -0.00533567 0.0186995 0.114077
FixedParameters: 0 0 0

#Transform 7
Transform: AffineTransform_float_3_3
Parameters: 1 0.000594057 0.00024086 -0.000593943 1 -0.000236143 -0.00024114 0.000235857 1 -0.0150651 0.00647263 0.00502628
FixedParameters: 0 0 0

#Transform 8
Transform: AffineTransform_float_3_3
Parameters: 1 0.000412991 -9.10392e-05 -0.000413009 1 -9.49624e-05 9.09607e-05 9.50376e-05 1 -0.0083974 -0.0157637 -0.0157112
FixedParameters: 0 0 0

#Transform 9
Transform: AffineTransform_float_3_3
Parameters: 1 0.000443986 0.000316019 -0.000444014 1 4.38597e-05 -0.00031598 -4.41403e-05 1 -0.0166168 -0.0112107 0.0221915
FixedParameters: 0 0 0

#Transform 10
Transform: AffineTransform_float_3_3
Parameters: 0.999999 0.000804035 0.000144805 -0.000803964 0.999999 -0.000242116 -0.000145195 0.000242883 1 -0.00196414 0.00655161 0.0230177
FixedParameters: 0 0 0

#Transform 11
Transform: AffineTransform_float_3_3
Parameters: 0.999999 0.000804017 0.000143903 -0.000803982 0.999999 -0.000120116 -0.000144096 0.000119884 1 -0.00195086 -0.0112864 0.0182814
FixedParameters: 0 0 0

#Transform 12
Transform: AffineTransform_float_3_3
Parameters: 0.999999 0.000804047 0.000399903 -0.000803951 0.999999 -0.000120322 -0.000400096 0.000119678 1 -0.00932928 0.00298778 0.0411716
FixedParameters: 0 0 0

#Transform 13
Transform: AffineTransform_float_3_3
Parameters: 1 0.000389182 0.000344795 -0.000389818 1 -0.000527134 -0.000345205 0.000526866 1 -0.00582928 0.0149989 0.0551285
FixedParameters: 0 0 0

#Transform 14
Transform: AffineTransform_float_3_3
Parameters: 1 0.000389118 0.000239809 -0.000388882 1 -0.000492093 -0.000240191 0.000491906 1 -0.00583544 0.0140627 0.0310971
FixedParameters: 0 0 0

#Transform 15
Transform: AffineTransform_float_3_3
Parameters: 1 0.000388995 3.00677e-05 -0.000389005 1 0.000173988 -2.99323e-05 -0.000174012 1 0.000226017 -0.00521631 -0.00288222
FixedParameters: 0 0 0

#Transform 16
Transform: AffineTransform_float_3_3
Parameters: 1 0.000388937 0.000182135 -0.000389063 1 0.000345929 -0.000181865 -0.000346071 1 0.00587052 -0.0145415 0.0184551
FixedParameters: 0 0 0

#Transform 17
Transform: AffineTransform_float_3_3
Parameters: 1 0.000389002 0.000181995 -0.000388997 1 -1.40708e-05 -0.000182005 1.39292e-05 1 0.0119511 0.000222614 0.0175795
FixedParameters: 0 0 0

#Transform 18
Transform: AffineTransform_float_3_3
Parameters: 1 1.20037e-05 4.89991e-05 -1.19963e-05 1 -7.60006e-05 -4.90009e-05 7.59994e-05 1 0.0143256 0.00215585 0.0215256
FixedParameters: 0 0 0

#Transform 19
Transform: AffineTransform_float_3_3
Parameters: 1 -0.000147998 0.000112002 0.000148002 1 -1.39834e-05 -0.000111998 1.40166e-05 1 0.0068332 0.00053307 0.00538762
FixedParameters: 0 0 0

#Transform 20
Transform: AffineTransform_float_3_3
Parameters: 1 -2.80098e-05 0.000181998 2.79902e-05 1 5.40051e-05 -0.000182002 -5.39949e-05 1 0.00125403 -0.00150164 -0.00562177
FixedParameters: 0 0 0

#Transform 21
Transform: AffineTransform_float_3_3
Parameters: 1 -0.000345047 0.000523969 0.000344953 1 9.01807e-05 -0.000524031 -8.98192e-05 1 0.00357062 0.0003767 0.0181525
FixedParameters: 0 0 0

#Transform 22
Transform: AffineTransform_float_3_3
Parameters: 1 -2.79939e-05 0.000433 2.80061e-05 1 -1.39879e-05 -0.000433 1.40121e-05 1 0.00394947 0.000462291 -0.00333495
FixedParameters: 0 0 0

#Transform 23
Transform: AffineTransform_float_3_3
Parameters: 1 -0.00022501 0.000181987 0.00022499 1 5.60409e-05 -0.000182013 -5.5959e-05 1 0.00785419 -0.00595248 -0.00602335
FixedParameters: 0 0 0

#Transform 24
Transform: AffineTransform_float_3_3
Parameters: 0.999999 -0.00044703 0.000755982 0.00044697 1 3.93379e-05 -0.000756017 -3.9662e-05 0.999999 -0.00667 -0.000855997 0.0132841
FixedParameters: 0 0 0

#Transform 25
Transform: AffineTransform_float_3_3
Parameters: 0.999999 -0.000447044 0.00068797 0.000446955 1 6.53075e-05 -0.000688029 -6.46924e-05 1 -0.00475872 -0.00157209 0.0181576
FixedParameters: 0 0 0

#Transform 26
Transform: AffineTransform_float_3_3
Parameters: 1 -0.000499052 0.000462943 0.000498947 1 0.000113231 -0.000463056 -0.000112769 1 0.00162603 -0.0120898 0.00797043
FixedParameters: 0 0 0

#Transform 27
Transform: AffineTransform_float_3_3
Parameters: 1 -0.000447264 0.000947877 0.000447736 1 0.000278425 -0.000948126 -0.000278576 1 -0.0121534 -0.0233886 0.0174015
FixedParameters: 0 0 0

#Transform 28
Transform: AffineTransform_float_3_3
Parameters: 1 -0.000620117 0.000338785 0.000619882 0.999999 0.00034621 -0.000339214 -0.00034579 1 0.0049277 -0.0188889 0.0175339
FixedParameters: 0 0 0

#Transform 29
Transform: AffineTransform_float_3_3
Parameters: 1 -0.000666116 0.000756899 0.000665885 1 0.000152504 -0.000757102 -0.000152496 0.999999 -0.00721019 -0.0039146 0.00829962
FixedParameters: 0 0 0

#Transform 30
Transform: AffineTransform_float_3_3
Parameters: 1 -0.000447048 0.000181881 0.000446952 1 0.000265081 -0.000182118 -0.000264919 1 -0.0110683 -0.0189016 -0.012507
FixedParameters: 0 0 0

#Transform 31
Transform: AffineTransform_float_3_3
Parameters: 1 -0.00060895 -0.000249121 0.000609049 1 0.000198848 0.000248879 -0.000199152 1 0.000142678 -0.00527365 0.012611
FixedParameters: 0 0 0

#Transform 32
Transform: AffineTransform_float_3_3
Parameters: 0.999999 -0.000902965 0.000240127 0.000903033 0.999999 -0.000140783 -0.000240872 0.000141217 1 -0.00819548 0.012851 0.0260677
FixedParameters: 0 0 0

#Transform 33
Transform: AffineTransform_float_3_3
Parameters: 0.999999 -0.000902944 0.000182273 0.000903054 0.999999 -0.000301835 -0.000181727 0.000302164 1 -0.00534557 0.00941973 -0.000716557
FixedParameters: 0 0 0

#Transform 34
Transform: AffineTransform_float_3_3
Parameters: 0.999999 -0.000903283 -0.000422394 0.000903717 1 -0.000670382 0.000422605 0.000669619 0.999999 0.0189511 0.0200635 -0.0234674
FixedParameters: 0 0 0

#Transform 35
Transform: AffineTransform_float_3_3
Parameters: 1 -0.000903299 -0.000512473 0.000903701 0.999999 -0.000583463 0.000513528 0.000583536 0.999999 0.0288337 0.0358253 -0.0278182
FixedParameters: 0 0 0

#Transform 36
Transform: AffineTransform_float_3_3
Parameters: 0.999999 -0.000766234 -0.000244266 0.000766766 0.999999 -0.000958188 0.000244735 0.000957814 1 0.0213496 0.0464925 -0.0102157
FixedParameters: 0 0 0

#Transform 37
Transform: AffineTransform_float_3_3
Parameters: 0.999999 -0.000716689 -0.000646237 0.000716311 0.999999 -0.00106546 0.000646764 0.00106554 0.999999 0.0289612 0.0495278 0.0614871
FixedParameters: 0 0 0

#Transform 38
Transform: AffineTransform_float_3_3
Parameters: 0.999999 -0.000716519 -0.000707474 0.00071648 1 -0.000734508 0.000708526 0.000733493 1 0.0273323 0.027656 0.0374482
FixedParameters: 0 0 0

#Transform 39
Transform: AffineTransform_float_3_3
Parameters: 1 -0.00103315 -0.000429646 0.00103285 1 -0.000343444 0.000430354 0.000342556 1 0.0261667 0.0128012 -0.0355769
FixedParameters: 0 0 0

#Transform 40
Transform: AffineTransform_float_3_3
Parameters: 1 -0.00115613 -0.000252401 0.00115587 0.999999 -0.000518292 0.000252599 0.000517708 1 0.0205631 0.0219061 0.0106209
FixedParameters: 0 0 0

#Transform 41
Transform: AffineTransform_float_3_3
Parameters: 1 -0.00115616 -0.000271326 0.00115584 0.999999 -0.000583314 0.000271675 0.000583686 1 0.0211683 0.0121012 -0.0179283
FixedParameters: 0 0 0

#Transform 42
Transform: AffineTransform_float_3_3
Parameters: 1 -0.000718453 -0.000646498 0.000717548 0.999999 -0.000699464 0.000646502 0.000699535 0.999999 0.0333245 0.0155251 -0.0173121
FixedParameters: 0 0 0

#Transform 43
Transform: AffineTransform_float_3_3
Parameters: 1 -0.000718443 -0.000646509 0.000717558 0.999999 -0.000684464 0.000646492 0.000684535 0.999999 0.0332994 0.0188671 0.0130957
FixedParameters: 0 0 0

#Transform 44
Transform: AffineTransform_float_3_3
Parameters: 0.999999 -0.000879237 -0.000406487 0.000878762 0.999999 -0.000583357 0.000406513 0.000583642 0.999999 0.025818 0.0214258 0.00896024
FixedParameters: 0 0 0

#Transform 45
Transform: AffineTransform_float_3_3
Parameters: 0.999999 -0.00109164 -0.000645922 0.00109136 0.999999 -0.000988706 0.00064608 0.000988296 1 0.0320889 0.0314936 0.0140182
FixedParameters: 0 0 0

#Transform 46
Transform: AffineTransform_float_3_3
Parameters: 1 -0.000874546 -0.000834428 0.000874455 1 -0.000654731 0.000834572 0.000653271 1 0.0361352 0.0130642 0.00391298
FixedParameters: 0 0 0

#Transform 47
Transform: AffineTransform_float_3_3
Parameters: 0.999999 -0.00114144 -0.000534069 0.00114156 0.999999 -0.00081561 0.000534931 0.00081539 0.999999 0.0287738 0.022818 -0.00589627
FixedParameters: 0 0 0

#Transform 48
Transform: AffineTransform_float_3_3
Parameters: 1 -0.00114119 -0.000331335 0.00114181 0.999999 -0.000583379 0.000331667 0.000583622 1 0.0229068 0.0105219 -0.0191769
FixedParameters: 0 0 0

#Transform 49
Transform: AffineTransform_float_3_3
Parameters: 1 -0.00105126 -0.000441387 0.00105174 1 -0.000583465 0.000441614 0.000583536 0.999999 0.0263551 0.0134419 -0.0049234
FixedParameters: 0 0 0

#Transform 50
Transform: AffineTransform_float_3_3
Parameters: 0.999999 -0.000827988 1.4698e-05 0.000828012 1 -0.000842988 -1.43028e-05 0.000842012 0.999999 0.0137314 0.0186576 0.0132013
FixedParameters: 0 0 0

#Transform 51
Transform: AffineTransform_float_3_3
Parameters: 1 -0.0010433 -0.000383192 0.0010427 0.999999 -0.0007744 0.000384807 0.000773599 0.999999 0.0247792 0.0192095 0.0132783
FixedParameters: 0 0 0

#Transform 52
Transform: AffineTransform_float_3_3
Parameters: 0.999999 -0.000775115 -0.000576844 0.000774884 0.999999 -0.000200447 0.000577154 0.000199553 1 0.0310446 -0.00128875 -0.0231002
FixedParameters: 0 0 0

#Transform 53
Transform: AffineTransform_float_3_3
Parameters: 1 -0.00098901 -0.000398975 0.00098899 0.999999 -2.53946e-05 0.000399026 2.56054e-05 1 0.0185993 0.00679692 -0.0448399
FixedParameters: 0 0 0

#Transform 54
Transform: AffineTransform_float_3_3
Parameters: 0.999998 -0.001983 1.33357e-05 0.001983 0.999998 0.000335027 -1.46643e-05 -0.000334972 1 0.0104433 0.00987621 -0.0406924
FixedParameters: 0 0 0

#Transform 55
Transform: AffineTransform_float_3_3
Parameters: 0.999999 -0.00175714 -0.000330239 0.00175686 0.999999 -0.000433581 0.00033076 0.00043242 1 0.0177707 0.031897 -0.0315633
FixedParameters: 0 0 0

#Transform 56
Transform: AffineTransform_float_3_3
Parameters: 0.999999 -0.00184099 1.50714e-05 0.00184101 0.999998 -0.000581973 -1.39285e-05 0.000582027 1 0.0109022 0.0203447 -0.0836898
FixedParameters: 0 0 0

#Transform 57
Transform: AffineTransform_float_3_3
Parameters: 0.999999 -0.00181172 0.000441137 0.00181228 0.999998 -0.000627202 -0.000439861 0.000628798 0.999999 -0.00141468 0.0301917 -0.0416578
FixedParameters: 0 0 0

#Transform 58
Transform: AffineTransform_float_3_3
Parameters: 0.999999 -0.00175371 0.000498009 0.00175429 0.999999 -0.000575127 -0.000496991 0.000575873 0.999999 0.00920922 0.0360847 -0.0102999
FixedParameters: 0 0 0

#Transform 59
Transform: AffineTransform_float_3_3
Parameters: 0.999999 -0.00175367 0.000488192 0.00175433 0.999998 -0.000679145 -0.000486808 0.000679855 0.999999 0.0148759 0.0216928 0.0122332
FixedParameters: 0 0 0

#Transform 60
Transform: AffineTransform_float_3_3
Parameters: 0.999999 -0.00175373 0.000626758 0.00175427 0.999999 -0.000431901 -0.000626243 0.000432099 0.999999 0.0108043 0.0101555 -0.0284991
FixedParameters: 0 0 0

#Transform 61
Transform: AffineTransform_float_3_3
Parameters: 1 -0.00122299 1.45295e-05 0.00122301 0.999999 -0.000432983 -1.44704e-05 0.000433018 1 0.0300526 0.016101 -0.00166204
FixedParameters: 0 0 0

#Transform 62
Transform: AffineTransform_float_3_3
Parameters: 1 -0.00122399 1.453e-05 0.00122401 0.999999 -0.000432983 -1.447e-05 0.000433018 1 0.0300381 0.0315252 0.0133436
FixedParameters: 0 0 0

#Transform 63
Transform: AffineTransform_float_3_3
Parameters: 0.999999 -0.00139099 1.49153e-05 0.00139101 0.999999 -0.00065798 -1.40847e-05 0.00065802 1 0.0296063 0.0131263 -0.0184786
FixedParameters: 0 0 0

#Transform 64
Transform: AffineTransform_float_3_3
Parameters: 1 -0.00116123 -0.000276038 0.00116077 0.999999 -0.000828321 0.000276961 0.000827679 0.999999 0.036601 0.0191635 -0.0186438
FixedParameters: 0 0 0

#Transform 65
Transform: AffineTransform_float_3_3
Parameters: 0.999999 -0.000547405 -0.000477536 0.000546595 1 -0.000848262 0.000478464 0.000847739 1 0.0462929 0.0306504 -0.0290695
FixedParameters: 0 0 0

#Transform 66
Transform: AffineTransform_float_3_3
Parameters: 0.999999 -0.000806524 -0.000477114 0.000805475 0.999999 -0.00109939 0.000477885 0.00109862 1 0.0454835 0.0506082 0.00437005
FixedParameters: 0 0 0

#Transform 67
Transform: AffineTransform_float_3_3
Parameters: 0.999999 -0.000708829 -0.000544922 0.00070817 0.999998 -0.00152139 0.000546077 0.00152061 0.999998 0.0476907 0.0546417 0.0220772
FixedParameters: 0 0 0

#Transform 68
Transform: AffineTransform_float_3_3
Parameters: 0.999999 -0.000870725 -0.000476676 0.000870272 0.999998 -0.00152141 0.000478324 0.00152058 0.999998 0.040559 0.0315165 0.0187489
FixedParameters: 0 0 0

#Transform 69
Transform: AffineTransform_float_3_3
Parameters: 0.999999 -0.000777341 -0.00102599 0.000776659 0.999999 -0.0013068 0.00102702 0.0013062 0.999998 0.0493301 0.0367129 0.0443325
FixedParameters: 0 0 0

#Transform 70
Transform: AffineTransform_float_3_3
Parameters: 0.999999 -0.000361857 -0.00140452 0.000360145 0.999999 -0.00132151 0.00140448 0.00132149 0.999998 0.0417049 0.043564 0.0374322
FixedParameters: 0 0 0

#Transform 71
Transform: AffineTransform_float_3_3
Parameters: 0.999999 -0.000752238 -0.00163497 0.000749762 0.999999 -0.00136923 0.00163603 0.00136777 0.999997 0.0572935 0.0583401 0.0246161
FixedParameters: 0 0 0

#Transform 72
Transform: AffineTransform_float_3_3
Parameters: 0.999998 -0.000856848 -0.00140387 0.000855152 0.999999 -0.0013162 0.00140513 0.0013158 0.999998 0.0548062 0.0364305 -0.0272362
FixedParameters: 0 0 0

#Transform 73
Transform: AffineTransform_float_3_3
Parameters: 0.999999 -0.000915521 -0.00124989 0.000914478 0.999999 -0.00121714 0.00125111 0.00121586 0.999998 0.0541147 0.0364583 -0.0294863
FixedParameters: 0 0 0

#Transform 74
Transform: AffineTransform_float_3_3
Parameters: 1 -0.00117522 -0.000330774 0.00117578 0.999997 0.00235961 0.000327227 -0.00235939 0.999997 -0.0185441 -0.049897 0.0989355
FixedParameters: 0 0 0

#Transform 75
Transform: AffineTransform_float_3_3
Parameters: 0.999999 -0.000915364 -0.00159022 0.000914636 0.999999 -0.000858456 0.00159079 0.000856546 0.999999 0.0393851 0.0608414 0.103474
FixedParameters: 0 0 0

#Transform 76
Transform: AffineTransform_float_3_3
Parameters: 1 -0.000195916 -0.00119085 0.000201085 0.999991 0.00427076 0.00119015 -0.00427124 0.99999 0.015133 -0.0845957 0.335522
FixedParameters: 0 0 0

#Transform 77
Transform: AffineTransform_float_3_3
Parameters: 0.999999 0.000842262 -0.000930262 -0.000836739 0.999983 0.00564278 0.000934735 -0.00564121 0.999983 -0.00739171 -0.0789203 0.36131
FixedParameters: 0 0 0

#Transform 78
Transform: AffineTransform_float_3_3
Parameters: 0.999998 0.000243965 -0.00167328 -0.000239033 0.999995 0.0029664 0.00167472 -0.00296659 0.999994 -0.000280878 -0.00598441 0.319807
FixedParameters: 0 0 0

#Transform 79
Transform: AffineTransform_float_3_3
Parameters: 0.999998 0.000242466 -0.0016735 -0.000238532 0.999998 0.0020714 0.0016745 -0.0020706 0.999997 0.0243497 0.00939901 0.283445
FixedParameters: 0 0 0

#Transform 80
Transform: AffineTransform_float_3_3
Parameters: 0.999999 0.000241712 -0.00142354 -0.000238287 0.999998 0.00190534 0.00142446 -0.00190466 0.999997 0.0466938 -0.0150683 0.219686
FixedParameters: 0 0 0

#Transform 81
Transform: AffineTransform_float_3_3
Parameters: 0.999998 0.000243313 -0.0020825 -0.000238685 0.999998 0.0020715 0.0020835 -0.0020705 0.999995 0.0568783 -0.01813 0.230613
FixedParameters: 0 0 0

#Transform 82
Transform: AffineTransform_float_3_3
Parameters: 0.999998 0.000332507 -0.00187521 -0.000327495 0.999997 0.00240262 0.00187579 -0.00240238 0.999996 0.0599888 -0.0303661 0.218589
FixedParameters: 0 0 0

#Transform 83
Transform: AffineTransform_float_3_3
Parameters: 0.999998 -6.98158e-05 -0.00194615 7.41857e-05 0.999997 0.00214986 0.00194684 -0.00215014 0.999996 0.0609514 -0.031044 0.214445
FixedParameters: 0 0 0

#Transform 84
Transform: AffineTransform_float_3_3
Parameters: 0.999999 -0.000189806 -0.0015424 0.000193193 0.999998 0.0020707 0.0015416 -0.00207129 0.999996 0.0430044 -0.0480479 0.219282
FixedParameters: 0 0 0

#Transform 85
Transform: AffineTransform_float_3_3
Parameters: 0.999999 -8.65932e-05 -0.00155919 8.94076e-05 0.999997 0.00218586 0.00155881 -0.00218514 0.999997 0.0496697 -0.0503873 0.218977
FixedParameters: 0 0 0

#Transform 86
Transform: AffineTransform_float_3_3
Parameters: 0.999999 -0.000189773 -0.00127049 0.000193225 0.999997 0.00253976 0.00126951 -0.00254024 0.999996 0.0409768 -0.0313529 0.23897
FixedParameters: 0 0 0

#Transform 87
Transform: AffineTransform_float_3_3
Parameters: 0.999998 8.99733e-06 -0.00170098 -5.00261e-06 0.999997 0.00235001 0.00170102 -0.00234999 0.999996 0.0540206 -0.0364641 0.238088
FixedParameters: 0 0 0

#Transform 88
Transform: AffineTransform_float_3_3
Parameters: 0.999999 -0.000190344 -0.0012704 0.000193655 0.999998 0.00209076 0.0012696 -0.00209124 0.999997 0.040987 -0.0400425 0.225186
FixedParameters: 0 0 0

#Transform 89
Transform: AffineTransform_float_3_3
Parameters: 0.999999 0.000100801 -0.00181074 -9.61986e-05 0.999997 0.00265118 0.00181126 -0.00265082 0.999995 0.05759 -0.0348759 0.217818
FixedParameters: 0 0 0

#Transform 90
Transform: AffineTransform_float_3_3
Parameters: 0.999999 0.000469262 -0.00167681 -0.000464738 0.999996 0.00254078 0.00167819 -0.00254022 0.999996 0.0454133 -0.0318845 0.205243
FixedParameters: 0 0 0

#Transform 91
Transform: AffineTransform_float_3_3
Parameters: 0.999999 0.00044026 -0.00167689 -0.000435738 0.999996 0.00254073 0.00167811 -0.00253927 0.999996 0.038589 -0.0319185 0.184224
FixedParameters: 0 0 0

#Transform 92
Transform: AffineTransform_float_3_3
Parameters: 0.999998 0.000441204 -0.00192782 -0.000435796 0.999997 0.00269884 0.00192918 -0.00269815 0.999994 0.0142351 -0.0517966 0.17541
FixedParameters: 0 0 0

#Transform 93
Transform: AffineTransform_float_3_3
Parameters: 0.999999 0.000440909 -0.00167672 -0.000436091 0.999995 0.00292674 0.00167828 -0.00292626 0.999995 0.018352 -0.0526155 0.226474
FixedParameters: 0 0 0

#Transform 94
Transform: AffineTransform_float_3_3
Parameters: 0.999999 0.000440439 -0.00151672 -0.000435559 0.999995 0.00292666 0.00151828 -0.00292533 0.999994 0.0403891 -0.0593719 0.212373
FixedParameters: 0 0 0

#Transform 95
Transform: AffineTransform_float_3_3
Parameters: 0.999998 3.03979e-05 -0.00167791 -2.46017e-05 0.999995 0.00321705 0.00167809 -0.00321695 0.999994 0.0534387 -0.0647508 0.197905
FixedParameters: 0 0 0

#Transform 96
Transform: AffineTransform_float_3_3
Parameters: 0.999999 3.01161e-05 -0.00167792 -2.48836e-05 0.999996 0.00304905 0.00167808 -0.00304895 0.999994 0.0535405 -0.0687019 0.198402
FixedParameters: 0 0 0

#Transform 97
Transform: AffineTransform_float_3_3
Parameters: 0.999999 3.00748e-05 -0.00173792 -2.49249e-05 0.999995 0.00292005 0.00173808 -0.00291995 0.999994 0.0553873 -0.074571 0.114382
FixedParameters: 0 0 0

#Transform 98
Transform: AffineTransform_float_3_3
Parameters: 0.999999 2.9054e-05 -0.000847871 -2.49453e-05 0.999988 0.00478102 0.000848129 -0.00478098 0.999988 0.0363418 -0.0964788 0.194305
FixedParameters: 0 0 0

#Transform 99
Transform: AffineTransform_float_3_3
Parameters: 0.999999 3.0156e-05 -0.0013819 -2.48435e-05 0.999993 0.00373104 0.0013821 -0.00373096 0.999992 0.0449238 -0.066179 0.197499
FixedParameters: 0 0 0

#Transform 100
Transform: AffineTransform_float_3_3
Parameters: 1 -3.52819e-05 -0.0010371 3.77178e-05 0.999996 0.00262096 0.00103691 -0.00262104 0.999996 0.034991 -0.0527808 0.0772072
FixedParameters: 0 0 0

#Transform 101
Transform: AffineTransform_float_3_3
Parameters: 0.999999 2.92062e-05 -0.00141192 -2.47935e-05 0.999995 0.00297904 0.00141208 -0.00297896 0.999994 0.0395601 -0.0648878 0.10524
FixedParameters: 0 0 0

#Transform 102
Transform: AffineTransform_float_3_3
Parameters: 0.999999 2.91547e-05 -0.00141892 -2.4845e-05 0.999995 0.00292804 0.00141908 -0.00292796 0.999994 0.0461502 -0.0542823 0.17906
FixedParameters: 0 0 0

#Transform 103
Transform: AffineTransform_float_3_3
Parameters: 0.999998 -0.000191394 -0.00160343 0.000194604 0.999998 0.00224869 0.00160257 -0.00224931 0.999996 0.048037 -0.0281692 0.18111
FixedParameters: 0 0 0

#Transform 104
Transform: AffineTransform_float_3_3
Parameters: 0.999999 -0.000134237 -0.00141926 0.000136766 0.999998 0.00194781 0.00141974 -0.00194719 0.999997 0.0457456 -0.0147386 0.144088
FixedParameters: 0 0 0

#Transform 105
Transform: AffineTransform_float_3_3
Parameters: 0.999999 2.8211e-05 -0.00155194 -2.47904e-05 0.999998 0.00206804 0.00155205 -0.00206896 0.999996 0.0499753 -0.0398032 0.143928
FixedParameters: 0 0 0

#Transform 106
Transform: AffineTransform_float_3_3
Parameters: 0.999998 0.00011922 -0.00175172 -0.000114779 0.999997 0.0024092 0.00175228 -0.00240879 0.999995 0.0560561 -0.0468486 0.143013
FixedParameters: 0 0 0

#Transform 107
Transform: AffineTransform_float_3_3
Parameters: 0.999998 2.81971e-05 -0.00170695 -2.48027e-05 0.999998 0.00187305 0.00170705 -0.00187295 0.999997 0.0655385 -0.032099 0.144545
FixedParameters: 0 0 0

#Transform 108
Transform: AffineTransform_float_3_3
Parameters: 0.999998 2.85008e-05 -0.00194595 -2.54991e-05 0.999999 0.00179905 0.00194605 -0.00179895 0.999997 0.0729924 -0.0150451 0.217375
FixedParameters: 0 0 0

#Transform 109
Transform: AffineTransform_float_3_3
Parameters: 0.999998 2.86428e-05 -0.00194595 -2.5357e-05 0.999998 0.00187205 0.00194605 -0.00187195 0.999997 0.0614444 -0.0126382 0.167052
FixedParameters: 0 0 0

#Transform 110
Transform: AffineTransform_float_3_3
Parameters: 0.999999 -0.000225458 -0.00182944 0.000228542 0.999998 0.00193658 0.00182856 -0.00193641 0.999996 0.0574246 -0.0246322 0.166639
FixedParameters: 0 0 0

#Transform 111
Transform: AffineTransform_float_3_3
Parameters: 0.999998 -0.000363126 -0.00155168 0.000365875 0.999998 0.00185244 0.00155132 -0.00185257 0.999997 0.0489574 -0.0295624 0.144481
FixedParameters: 0 0 0

#Transform 112
Transform: AffineTransform_float_3_3
Parameters: 0.999998 -0.000428455 -0.00171989 0.000432545 0.999998 0.00206126 0.00171911 -0.00206174 0.999997 0.0535119 -0.0247171 0.17883
FixedParameters: 0 0 0

#Transform 113
Transform: AffineTransform_float_3_3
Parameters: 0.999998 -0.000195175 -0.00194649 0.000199823 0.999997 0.00247862 0.00194551 -0.00247938 0.999995 0.0579492 -0.0525297 0.182072
FixedParameters: 0 0 0

#Transform 114
Transform: AffineTransform_float_3_3
Parameters: 0.999998 -0.000428569 -0.00153696 0.000432432 0.999998 0.00223334 0.00153604 -0.00223366 0.999997 0.0292201 -0.0456449 0.171704
FixedParameters: 0 0 0

#Transform 115
Transform: AffineTransform_float_3_3
Parameters: 0.999999 -0.000429503 -0.00151771 0.000432497 0.999998 0.00164535 0.00151729 -0.00164565 0.999998 0.0476623 -0.0264842 0.167429
FixedParameters: 0 0 0

#Transform 116
Transform: AffineTransform_float_3_3
Parameters: 0.999999 -0.000325389 -0.00153056 0.000327612 0.999998 0.0017065 0.00153044 -0.0017065 0.999998 0.0151346 -0.00739016 0.229646
FixedParameters: 0 0 0

#Transform 117
Transform: AffineTransform_float_3_3
Parameters: 0.999993 -3.61884e-05 -0.00358211 4.58107e-05 0.999996 0.00273885 0.00358189 -0.00273915 0.99999 0.002123 -0.0376311 0.190889
FixedParameters: 0 0 0

#Transform 118
Transform: AffineTransform_float_3_3
Parameters: 0.999992 0.000196685 -0.00399149 -0.000185314 0.999997 0.00267776 0.00399151 -0.00267624 0.999989 0.0273242 -0.0530059 0.16625
FixedParameters: 0 0 0

#Transform 119
Transform: AffineTransform_float_3_3
Parameters: 0.999993 0.000443333 -0.003665 -0.000434666 0.999998 0.00227461 0.003666 -0.00227239 0.99999 0.0351179 -0.042284 0.17355
FixedParameters: 0 0 0

#Transform 120
Transform: AffineTransform_float_3_3
Parameters: 0.999994 0.000218722 -0.00339751 -0.000210277 0.999998 0.00227373 0.00339749 -0.00227227 0.999991 0.0268288 -0.0243827 0.166899
FixedParameters: 0 0 0

#Transform 121
Transform: AffineTransform_float_3_3
Parameters: 0.999994 3.4269e-05 -0.00363793 -2.57305e-05 0.999998 0.00227311 0.00363807 -0.00227289 0.999991 0.0408184 -0.0370383 0.175268
FixedParameters: 0 0 0

#Transform 122
Transform: AffineTransform_float_3_3
Parameters: 0.999995 0.000339915 -0.00319717 -0.000332085 0.999997 0.00247607 0.00319783 -0.00247493 0.999992 0.0389576 -0.0435571 0.182465
FixedParameters: 0 0 0

#Transform 123
Transform: AffineTransform_float_3_3
Parameters: 0.999995 0.000232627 -0.00335548 -0.00022537 0.999998 0.00227377 0.00335652 -0.00227223 0.999992 0.0432526 -0.0242918 0.229625
FixedParameters: 0 0 0

#Transform 124
Transform: AffineTransform_float_3_3
Parameters: 0.999995 -1.61308e-06 -0.00313801 8.38685e-06 0.999997 0.00235399 0.00313799 -0.00235402 0.999993 0.0362078 -0.0264942 0.23618
FixedParameters: 0 0 0

#Transform 125
Transform: AffineTransform_float_3_3
Parameters: 0.999995 -0.00012446 -0.00298032 0.000132538 0.999997 0.00252962 0.00297967 -0.00253038 0.999993 0.0312526 -0.0502181 0.206316
FixedParameters: 0 0 0

#Transform 126
Transform: AffineTransform_float_3_3
Parameters: 0.999996 -0.0002002 -0.00257754 0.000206799 0.999996 0.00263847 0.00257646 -0.00263852 0.999993 0.0341382 -0.0433525 0.230333
FixedParameters: 0 0 0

#Transform 127
Transform: AffineTransform_float_3_3
Parameters: 0.999996 -0.000372748 -0.00257791 0.000379252 0.999997 0.00242503 0.00257709 -0.00242597 0.999993 0.0187937 -0.0282058 0.240596
FixedParameters: 0 0 0

#Transform 128
Transform: AffineTransform_float_3_3
Parameters: 0.999995 -0.000283324 -0.00293085 0.000292676 0.999995 0.00296015 0.00293015 -0.00296084 0.999992 0.0292666 -0.0436965 0.234604
FixedParameters: 0 0 0

#Transform 129
Transform: AffineTransform_float_3_3
Parameters: 0.999996 -0.000690795 -0.00249828 0.000699205 0.999995 0.00328527 0.00249572 -0.00328674 0.999992 0.0359483 -0.0655757 0.219073
FixedParameters: 0 0 0

#Transform 130
Transform: AffineTransform_float_3_3
Parameters: 0.999997 -0.00129303 -0.00214682 0.00130096 0.999993 0.00371322 0.00214118 -0.00371578 0.999991 0.0577548 -0.0741367 0.254742
FixedParameters: 0 0 0

#Transform 131
Transform: AffineTransform_float_3_3
Parameters: 0.999997 -0.00111497 -0.00223702 0.00112303 0.999993 0.0035915 0.00223298 -0.0035935 0.999991 0.0608053 -0.0611547 0.299667
FixedParameters: 0 0 0

#Transform 132
Transform: AffineTransform_float_3_3
Parameters: 0.999998 -0.00111646 -0.00200965 0.00112254 0.999994 0.00325675 0.00200635 -0.00325925 0.999992 0.0542362 -0.0514281 0.325581
FixedParameters: 0 0 0

#Transform 133
Transform: AffineTransform_float_3_3
Parameters: 0.999997 -0.00153063 -0.00187604 0.00153838 0.999991 0.00393612 0.00186996 -0.00393887 0.99999 0.0490534 -0.070844 0.318137
FixedParameters: 0 0 0

#Transform 134
Transform: AffineTransform_float_3_3
Parameters: 0.999997 -0.00152971 -0.00194555 0.00153829 0.999989 0.00426602 0.00193845 -0.00426898 0.999989 0.060391 -0.0801459 0.363351
FixedParameters: 0 0 0

#Transform 135
Transform: AffineTransform_float_3_3
Parameters: 0.999997 -0.00130632 -0.00215229 0.00131568 0.999991 0.00403518 0.00214771 -0.00403782 0.99999 0.0495144 -0.0640789 0.347034
FixedParameters: 0 0 0

#Transform 136
Transform: AffineTransform_float_3_3
Parameters: 0.999997 -0.00147132 -0.00204527 0.00148068 0.99999 0.00424798 0.00203873 -0.00425101 0.999989 0.0541265 -0.0798746 0.318391
FixedParameters: 0 0 0

#Transform 137
Transform: AffineTransform_float_3_3
Parameters: 0.999997 -0.00147243 -0.00168962 0.00148057 0.999989 0.00448651 0.00168337 -0.00448949 0.999989 0.0439016 -0.0870131 0.262088
FixedParameters: 0 0 0

#Transform 138
Transform: AffineTransform_float_3_3
Parameters: 0.999996 -0.00147096 -0.00210933 0.00148004 0.999989 0.00429089 0.00210266 -0.0042941 0.999988 0.0560619 -0.0764649 0.265759
FixedParameters: 0 0 0

#Transform 139
Transform: AffineTransform_float_3_3
Parameters: 0.999997 -0.0014698 -0.00226366 0.0014802 0.999988 0.00451067 0.00225735 -0.00451333 0.999988 0.0583451 -0.0876747 0.265383
FixedParameters: 0 0 0

#Transform 140
Transform: AffineTransform_float_3_3
Parameters: 0.999996 -0.00147073 -0.00210251 0.00148027 0.999989 0.0044139 0.00209648 -0.0044171 0.999988 0.0558815 -0.0849366 0.265541
FixedParameters: 0 0 0

#Transform 141
Transform: AffineTransform_float_3_3
Parameters: 0.999996 -0.00146971 -0.00232554 0.0014803 0.999989 0.00443058 0.00231946 -0.00443343 0.999988 0.0624292 -0.0853784 0.265621
FixedParameters: 0 0 0

#Transform 142
Transform: AffineTransform_float_3_3
Parameters: 0.999997 -0.00156389 -0.00200514 0.00157212 0.999989 0.00455286 0.00199786 -0.00455514 0.999987 0.0695455 -0.0886303 0.322973
FixedParameters: 0 0 0

#Transform 143
Transform: AffineTransform_float_3_3
Parameters: 0.999998 -0.00147029 -0.00176115 0.00148071 0.999983 0.00552541 0.00175284 -0.00552759 0.999983 0.0627319 -0.110437 0.321375
FixedParameters: 0 0 0

#Transform 144
Transform: AffineTransform_float_3_3
Parameters: 0.999998 -0.00147208 -0.00123252 0.00147992 0.999978 0.00645019 0.00122248 -0.00645181 0.999979 0.0474003 -0.143504 0.335841
FixedParameters: 0 0 0

#Transform 145
Transform: AffineTransform_float_3_3
Parameters: 0.999998 -0.00184044 -0.000927137 0.00184756 0.999973 0.0071243 0.00091386 -0.0071257 0.999974 0.0373337 -0.143625 0.387026
FixedParameters: 0 0 0

#Transform 146
Transform: AffineTransform_float_3_3
Parameters: 0.999997 -0.00189873 -0.00101275 0.00190527 0.999972 0.00722609 0.000999257 -0.00722792 0.999974 0.0397478 -0.144742 0.386835
FixedParameters: 0 0 0

#Transform 147
Transform: AffineTransform_float_3_3
Parameters: 0.999998 -0.00156055 -0.00103433 0.00156845 0.999972 0.00724339 0.00102267 -0.00724461 0.999973 0.0415164 -0.145906 0.317055
FixedParameters: 0 0 0

#Transform 148
Transform: AffineTransform_float_3_3
Parameters: 0.999999 -0.00153935 -0.00103448 0.00154766 0.999971 0.00743641 0.00102352 -0.00743759 0.999972 0.052853 -0.145797 0.335875
FixedParameters: 0 0 0

#Transform 149
Transform: AffineTransform_float_3_3
Parameters: 0.999997 -0.00189839 -0.00103705 0.00190561 0.999971 0.00738604 0.00102295 -0.00738796 0.999972 0.0405351 -0.1386 0.375747
FixedParameters: 0 0 0

#Transform 150
Transform: AffineTransform_float_3_3
Parameters: 0.999999 -0.00143436 -0.00103963 0.00144164 0.999971 0.00738751 0.00102938 -0.00738949 0.999972 0.0421171 -0.155656 0.342767
FixedParameters: 0 0 0

#Transform 151
Transform: AffineTransform_float_3_3
Parameters: 0.999999 -0.00118436 -0.00103778 0.00119164 0.999972 0.00739177 0.00102922 -0.00739323 0.999972 0.0426613 -0.148669 0.359242
FixedParameters: 0 0 0

#Transform 152
Transform: AffineTransform_float_3_3
Parameters: 0.999998 -0.0013753 -0.00103926 0.0013827 0.999972 0.00744257 0.00102874 -0.00744443 0.999972 0.0420857 -0.129023 0.35892
FixedParameters: 0 0 0

#Transform 153
Transform: AffineTransform_float_3_3
Parameters: 0.999999 -0.00143363 -0.00104063 0.00144137 0.999967 0.00808451 0.00102938 -0.00808549 0.999967 0.0267901 -0.147839 0.319154
FixedParameters: 0 0 0

#Transform 154
Transform: AffineTransform_float_3_3
Parameters: 0.999998 -0.00160484 -0.00104168 0.00161316 0.999967 0.00788133 0.00102932 -0.00788267 0.999969 0.0416325 -0.152123 0.279114
FixedParameters: 0 0 0

#Transform 155
Transform: AffineTransform_float_3_3
Parameters: 0.999999 -0.00143407 -0.00104002 0.00144193 0.999969 0.00766151 0.00102898 -0.00766349 0.99997 0.0421229 -0.135663 0.298373
FixedParameters: 0 0 0

#Transform 156
Transform: AffineTransform_float_3_3
Parameters: 0.999999 -0.00143736 -0.000605131 0.00144163 0.999969 0.00773114 0.000593872 -0.00773186 0.99997 0.0293427 -0.108223 0.351895
FixedParameters: 0 0 0

#Transform 157
Transform: AffineTransform_float_3_3
Parameters: 0.999999 -0.00143471 -0.00103914 0.00144129 0.999974 0.00704651 0.00102887 -0.00704849 0.999974 0.0420885 -0.135159 0.331108
FixedParameters: 0 0 0

#Transform 158
Transform: AffineTransform_float_3_3
Parameters: 0.999999 -0.00179314 0.000148808 0.00179186 0.999972 0.00735928 -0.00016219 -0.00735872 0.999973 0.0260759 -0.157468 0.296748
FixedParameters: 0 0 0

#Transform 159
Transform: AffineTransform_float_3_3
Parameters: 0.999997 -0.00223315 0.00014532 0.00223285 0.999969 0.00747134 -0.000161688 -0.00747166 0.999972 -0.0114517 -0.141541 0.230048
FixedParameters: 0 0 0

#Transform 160
Transform: AffineTransform_float_3_3
Parameters: 0.999998 -0.00180251 -0.000728739 0.0018075 0.99997 0.0076097 0.000715264 -0.00761131 0.999971 0.023571 -0.167507 0.222087
FixedParameters: 0 0 0

#Transform 161
Transform: AffineTransform_float_3_3
Parameters: 0.999999 -0.00175501 -0.000480074 0.00175799 0.999978 0.00630416 0.000468926 -0.00630483 0.99998 0.0198514 -0.154379 0.190041
FixedParameters: 0 0 0

#Transform 162
Transform: AffineTransform_float_3_3
Parameters: 0.999996 -0.00222306 -0.00183091 0.00223194 0.999986 0.00489694 0.00181909 -0.00490107 0.999987 0.0410264 -0.084997 0.0538114
FixedParameters: 0 0 0

#Transform 163
Transform: AffineTransform_float_3_3
Parameters: 0.999996 -0.00277439 -0.000805051 0.00277761 0.999991 0.00325978 0.000795949 -0.00326122 0.999995 0.0100212 -0.040161 -0.0979214
FixedParameters: 0 0 0

#Transform 164
Transform: AffineTransform_float_3_3
Parameters: 0.999996 -0.00277843 0.000615573 0.00277757 0.999994 0.00231472 -0.000622429 -0.00231328 0.999997 -0.0310357 -0.0657251 -0.201634
FixedParameters: 0 0 0

#Transform 165
Transform: AffineTransform_float_3_3
Parameters: 0.999995 -0.00328138 -0.000568447 0.00328262 0.999991 0.00287715 0.000558555 -0.00287885 0.999995 -0.0203008 -0.0619957 -0.193922
FixedParameters: 0 0 0

#Transform 166
Transform: AffineTransform_float_3_3
Parameters: 0.999991 -0.00404306 0.00118314 0.00403594 0.999975 0.00590983 -0.00120686 -0.00590517 0.999982 -0.02212 -0.138742 -0.238317
FixedParameters: 0 0 0

#Transform 167
Transform: AffineTransform_float_3_3
Parameters: 0.99999 -0.00400449 0.0019587 0.00399451 0.999978 0.00533088 -0.00197931 -0.00532313 0.999984 -0.0484496 -0.132245 -0.179796
FixedParameters: 0 0 0

#Transform 168
Transform: AffineTransform_float_3_3
Parameters: 0.99999 -0.00390738 -0.0018407 0.00391861 0.999975 0.00579784 0.00181729 -0.00580515 0.999981 0.128934 -0.135672 -0.108335
FixedParameters: 0 0 0

#Transform 169
Transform: AffineTransform_float_3_3
Parameters: 0.999982 -0.0051627 -0.00324393 0.0051823 0.999969 0.0059703 0.00321308 -0.0059867 0.999977 0.172685 -0.14247 -0.0805859
FixedParameters: 0 0 0

#Transform 170
Transform: AffineTransform_float_3_3
Parameters: 0.999984 -0.00529965 -0.00231777 0.00531335 0.999969 0.00579278 0.00228723 -0.00580522 0.99998 0.10766 -0.127128 -0.109967
FixedParameters: 0 0 0

#Transform 171
Transform: AffineTransform_float_3_3
Parameters: 0.999982 -0.00580809 -0.00103667 0.00581491 0.999967 0.00579107 0.00100332 -0.00579793 0.999982 0.051782 -0.137045 -0.277749
FixedParameters: 0 0 0

#Transform 172
Transform: AffineTransform_float_3_3
Parameters: 0.999982 -0.0059734 -0.00133836 0.00598059 0.999965 0.0057451 0.00130363 -0.00575389 0.999982 0.0892724 -0.137059 -0.248459
FixedParameters: 0 0 0

#Transform 173
Transform: AffineTransform_float_3_3
Parameters: 0.99998 -0.00587447 -0.00239398 0.00588753 0.999969 0.00526101 0.00236302 -0.00527499 0.999984 0.127276 -0.122287 -0.17006
FixedParameters: 0 0 0

#Transform 174
Transform: AffineTransform_float_3_3
Parameters: 0.99998 -0.00556052 -0.002793 0.00557547 0.999971 0.00520053 0.00276399 -0.00521647 0.999982 0.129088 -0.127934 -0.275667
FixedParameters: 0 0 0

#Transform 175
Transform: AffineTransform_float_3_3
Parameters: 0.99998 -0.00579773 -0.00251218 0.00581226 0.999967 0.00570851 0.00247881 -0.00572348 0.99998 0.116484 -0.123271 -0.281071
FixedParameters: 0 0 0

#Transform 176
Transform: AffineTransform_float_3_3
Parameters: 0.999981 -0.00573082 -0.00218456 0.00574218 0.999971 0.00514656 0.00215444 -0.00515945 0.999985 0.103386 -0.0786286 -0.232663
FixedParameters: 0 0 0

#Transform 177
Transform: AffineTransform_float_3_3
Parameters: 0.999983 -0.00558502 -0.00205041 0.00559499 0.999973 0.00489762 0.00202359 -0.00490939 0.999986 0.0953957 -0.0749356 -0.133378
FixedParameters: 0 0 0

#Transform 178
Transform: AffineTransform_float_3_3
Parameters: 0.999993 -0.00379899 0.000897108 0.00378002 0.999787 0.0202905 -0.000973895 -0.0202874 0.999793 0.00181909 -0.451101 0.451287
FixedParameters: 0 0 0

#Transform 179
Transform: AffineTransform_float_3_3
Parameters: 0.99998 -0.00611798 -0.00201142 0.00612403 0.999976 0.00300274 0.00199359 -0.00301426 0.999993 0.0560206 0.0682258 0.0902368
FixedParameters: 0 0 0
