# transform file /out/sourcedata/freesurfer/sub-v1s15x0050203_ses-1/mri/transforms/cc_up.lta
# created by oesteban on Sun Mar  8 22:34:45 2026

type      = 0 # LINEAR_VOX_TO_VOX
nxforms   = 1
mean      = 127.0000 102.0000 130.0000
sigma     = 10000.0000
1 4 4
9.982488751411438e-01 -5.848051607608795e-02 8.899533189833164e-03 6.240509033203125e+00 
5.847819149494171e-02 9.982885122299194e-01 5.213415133766830e-04 3.371808624267578e+01 
-8.914791047573090e-03 0.000000000000000e+00 9.999602437019348e-01 9.128036499023438e+00 
0.000000000000000e+00 0.000000000000000e+00 0.000000000000000e+00 1.000000000000000e+00 
src volume info
valid = 1  # volume info valid
filename = /out/sourcedata/freesurfer/sub-v1s15x0050203_ses-1/mri/norm.mgz
volume = 256 256 256
voxelsize = 1.000000000000000e+00 1.000000000000000e+00 1.000000000000000e+00
xras   = -1.000000000000000e+00 0.000000000000000e+00 0.000000000000000e+00
yras   = 0.000000000000000e+00 0.000000000000000e+00 -1.000000000000000e+00
zras   = 0.000000000000000e+00 1.000000000000000e+00 0.000000000000000e+00
cras   = 1.905998229980469e+00 6.125000000000000e+00 -2.012500000000000e+01
dst volume info
valid = 1  # volume info valid
filename = /out/sourcedata/freesurfer/sub-v1s15x0050203_ses-1/mri/norm.mgz
volume = 256 256 256
voxelsize = 1.000000000000000e+00 1.000000000000000e+00 1.000000000000000e+00
xras   = -1.000000000000000e+00 0.000000000000000e+00 0.000000000000000e+00
yras   = 0.000000000000000e+00 0.000000000000000e+00 -1.000000000000000e+00
zras   = 0.000000000000000e+00 1.000000000000000e+00 0.000000000000000e+00
cras   = 1.905998229980469e+00 6.125000000000000e+00 -2.012500000000000e+01
