# transform file /out/sourcedata/freesurfer/sub-v1s15x0050182_ses-1/mri/transforms/cc_up.lta
# created by oesteban on Sun Mar  8 21:40:42 2026

type      = 0 # LINEAR_VOX_TO_VOX
nxforms   = 1
mean      = 127.0000 105.0000 122.0000
sigma     = 10000.0000
1 4 4
9.998661875724792e-01 -1.442326232790947e-02 -7.722455076873302e-03 2.214530467987061e+00 
1.442283205688000e-02 9.998960494995117e-01 -1.113945836550556e-04 3.219023132324219e+01 
7.723258342593908e-03 0.000000000000000e+00 9.999701976776123e-01 1.802239990234375e+01 
0.000000000000000e+00 0.000000000000000e+00 0.000000000000000e+00 1.000000000000000e+00 
src volume info
valid = 1  # volume info valid
filename = /out/sourcedata/freesurfer/sub-v1s15x0050182_ses-1/mri/norm.mgz
volume = 256 256 256
voxelsize = 1.000000000000000e+00 1.000000000000000e+00 1.000000000000000e+00
xras   = -1.000000000000000e+00 0.000000000000000e+00 0.000000000000000e+00
yras   = 0.000000000000000e+00 0.000000000000000e+00 -1.000000000000000e+00
zras   = 0.000000000000000e+00 1.000000000000000e+00 0.000000000000000e+00
cras   = 5.187202453613281e+00 1.456199645996094e+01 -3.512530517578125e+01
dst volume info
valid = 1  # volume info valid
filename = /out/sourcedata/freesurfer/sub-v1s15x0050182_ses-1/mri/norm.mgz
volume = 256 256 256
voxelsize = 1.000000000000000e+00 1.000000000000000e+00 1.000000000000000e+00
xras   = -1.000000000000000e+00 0.000000000000000e+00 0.000000000000000e+00
yras   = 0.000000000000000e+00 0.000000000000000e+00 -1.000000000000000e+00
zras   = 0.000000000000000e+00 1.000000000000000e+00 0.000000000000000e+00
cras   = 5.187202453613281e+00 1.456199645996094e+01 -3.512530517578125e+01
