# transform file /out/sourcedata/freesurfer/sub-v1s15x0050202_ses-1/mri/transforms/cc_up.lta
# created by oesteban on Thu Mar 12 13:08:42 2026

type      = 0 # LINEAR_VOX_TO_VOX
nxforms   = 1
mean      = 128.0000 92.0000 131.0000
sigma     = 10000.0000
1 4 4
9.985485672950745e-01 2.955434285104275e-02 4.502522200345993e-02 -8.231813430786133e+00 
-2.952434308826923e-02 9.995632171630859e-01 -1.331272302195430e-03 5.299347305297852e+01 
-4.504489898681641e-02 -1.164153218269348e-10 9.989849328994751e-01 5.910092353820801e+00 
0.000000000000000e+00 0.000000000000000e+00 0.000000000000000e+00 1.000000000000000e+00 
src volume info
valid = 1  # volume info valid
filename = /out/sourcedata/freesurfer/sub-v1s15x0050202_ses-1/mri/norm.mgz
volume = 256 256 256
voxelsize = 1.000000000000000e+00 1.000000000000000e+00 1.000000000000000e+00
xras   = -1.000000000000000e+00 0.000000000000000e+00 0.000000000000000e+00
yras   = 0.000000000000000e+00 0.000000000000000e+00 -1.000000000000000e+00
zras   = 0.000000000000000e+00 1.000000000000000e+00 0.000000000000000e+00
cras   = -4.377975463867188e-01 9.875000000000000e+00 -8.875000000000000e+00
dst volume info
valid = 1  # volume info valid
filename = /out/sourcedata/freesurfer/sub-v1s15x0050202_ses-1/mri/norm.mgz
volume = 256 256 256
voxelsize = 1.000000000000000e+00 1.000000000000000e+00 1.000000000000000e+00
xras   = -1.000000000000000e+00 0.000000000000000e+00 0.000000000000000e+00
yras   = 0.000000000000000e+00 0.000000000000000e+00 -1.000000000000000e+00
zras   = 0.000000000000000e+00 1.000000000000000e+00 0.000000000000000e+00
cras   = -4.377975463867188e-01 9.875000000000000e+00 -8.875000000000000e+00
