# transform file /out/sourcedata/freesurfer/sub-v1s15x0050206_ses-1/mri/transforms/cc_up.lta
# created by oesteban on Sun Mar  8 22:36:39 2026

type      = 0 # LINEAR_VOX_TO_VOX
nxforms   = 1
mean      = 130.0000 105.0000 122.0000
sigma     = 10000.0000
1 4 4
9.973990321159363e-01 -5.519746989011765e-02 -4.634885117411613e-02 1.029961395263672e+01 
5.513796955347061e-02 9.984753727912903e-01 -2.562245819717646e-03 3.736505126953125e+01 
4.641962051391602e-02 -2.328306158982940e-10 9.989219307899475e-01 7.182257175445557e+00 
0.000000000000000e+00 0.000000000000000e+00 0.000000000000000e+00 1.000000000000000e+00 
src volume info
valid = 1  # volume info valid
filename = /out/sourcedata/freesurfer/sub-v1s15x0050206_ses-1/mri/norm.mgz
volume = 256 256 256
voxelsize = 1.000000000000000e+00 1.000000000000000e+00 1.000000000000000e+00
xras   = -1.000000000000000e+00 0.000000000000000e+00 0.000000000000000e+00
yras   = 0.000000000000000e+00 0.000000000000000e+00 -1.000000000000000e+00
zras   = 0.000000000000000e+00 1.000000000000000e+00 0.000000000000000e+00
cras   = 4.249702453613281e+00 1.550000000000000e+01 -2.293800354003906e+01
dst volume info
valid = 1  # volume info valid
filename = /out/sourcedata/freesurfer/sub-v1s15x0050206_ses-1/mri/norm.mgz
volume = 256 256 256
voxelsize = 1.000000000000000e+00 1.000000000000000e+00 1.000000000000000e+00
xras   = -1.000000000000000e+00 0.000000000000000e+00 0.000000000000000e+00
yras   = 0.000000000000000e+00 0.000000000000000e+00 -1.000000000000000e+00
zras   = 0.000000000000000e+00 1.000000000000000e+00 0.000000000000000e+00
cras   = 4.249702453613281e+00 1.550000000000000e+01 -2.293800354003906e+01
