#Insight Transform File V1.0
#Transform 0
Transform: AffineTransform_float_3_3
Parameters: 1 0.000457 -0.000372 -0.000457 1 1.70004e-07 0.000372 1.70004e-07 1 0.00153384 -0.00218591 0.00175013
FixedParameters: 0 0 0

#Transform 1
Transform: AffineTransform_float_3_3
Parameters: 1 0.000181962 -0.000237029 -0.000182038 1 -0.000159957 0.000236971 0.000160043 1 0.00657953 0.00408515 0.000500241
FixedParameters: 0 0 0

#Transform 2
Transform: AffineTransform_float_3_3
Parameters: 1 0.000257 0 -0.000257 1 0 0 0 1 -0.026873 0.0275021 0.032977
FixedParameters: 0 0 0

#Transform 3
Transform: AffineTransform_float_3_3
Parameters: 1 0.000479 -0.000318 -0.000479 1 1.52322e-07 0.000318 1.52322e-07 1 -0.00425675 0.00632822 0.0379626
FixedParameters: 0 0 0

#Transform 4
Transform: AffineTransform_float_3_3
Parameters: 1 0.000292 -1.01616e-07 -0.000292 1 -0.000348 -1.01616e-07 0.000348 1 -0.00122848 0.00929788 0.00664327
FixedParameters: 0 0 0

#Transform 5
Transform: AffineTransform_float_3_3
Parameters: 1 -5.151e-08 -0.00017 -5.151e-08 1 -0.000303 0.00017 0.000303 1 0.00527013 0.00937131 0.0265405
FixedParameters: 0 0 0

#Transform 6
Transform: AffineTransform_float_3_3
Parameters: 1 0 0 0 1 -0.000188 0 0.000188 1 0 0.0179805 0.0103775
FixedParameters: 0 0 0

#Transform 7
Transform: AffineTransform_float_3_3
Parameters: 1 0 0 0 1 0 0 0 1 0 0.008253 0.005881
FixedParameters: 0 0 0

#Transform 8
Transform: AffineTransform_float_3_3
Parameters: 1 0 0 0 1 -0.000109 0 0.000109 1 -0.003179 0.0178034 0.00765151
FixedParameters: 0 0 0

#Transform 9
Transform: AffineTransform_float_3_3
Parameters: 1 0 5.3e-05 0 1 0 -5.3e-05 0 1 -0.00163024 0.016167 0.0186194
FixedParameters: 0 0 0

#Transform 10
Transform: AffineTransform_float_3_3
Parameters: 1 -2.1e-08 -8.4e-05 -2.1e-08 1 -0.00025 8.4e-05 0.00025 1 0.00256492 0.00774224 0.00753198
FixedParameters: 0 0 0

#Transform 11
Transform: AffineTransform_float_3_3
Parameters: 1 0 0 0 1 -0.000396 0 0.000396 1 0 0.0122058 0.00646036
FixedParameters: 0 0 0

#Transform 12
Transform: AffineTransform_float_3_3
Parameters: 1 0 0 0 1 0 0 0 1 -0.002996 0 0.034071
FixedParameters: 0 0 0

#Transform 13
Transform: AffineTransform_float_3_3
Parameters: 1 0 0 0 1 -0.000141 0 0.000141 1 0 0.0043488 0.00751117
FixedParameters: 0 0 0

#Transform 14
Transform: AffineTransform_float_3_3
Parameters: 1 0 0.000279 0 1 0 -0.000279 0 1 -0.00859048 0 -0.023536
FixedParameters: 0 0 0

#Transform 15
Transform: AffineTransform_float_3_3
Parameters: 1 0 0 0 1 0 0 0 1 -0.026795 0.019272 0.016405
FixedParameters: 0 0 0

#Transform 16
Transform: AffineTransform_float_3_3
Parameters: 1 0 0 0 1 -0.000149 0 0.000149 1 -0.012214 0.00458589 0.020891
FixedParameters: 0 0 0

#Transform 17
Transform: AffineTransform_float_3_3
Parameters: 1 0 0 0 1 0 0 0 1 0 0.016801 0.008076
FixedParameters: 0 0 0

#Transform 18
Transform: AffineTransform_float_3_3
Parameters: 1 5.2e-05 -1.0088e-08 -5.2e-05 1 -0.000194 -1.0088e-08 0.000194 1 -0.00017809 0.0297653 0.0260687
FixedParameters: 0 0 0

#Transform 19
Transform: AffineTransform_float_3_3
Parameters: 1 0 0.000426 0 1 0 -0.000426 0 1 -0.0131218 0 0.00600343
FixedParameters: 0 0 0

#Transform 20
Transform: AffineTransform_float_3_3
Parameters: 1 0 0 0 1 0 0 0 1 0 0.003758 0.008076
FixedParameters: 0 0 0

#Transform 21
Transform: AffineTransform_float_3_3
Parameters: 1 0 0 0 1 0 0 0 1 0 0.008838 0.013207
FixedParameters: 0 0 0

#Transform 22
Transform: AffineTransform_float_3_3
Parameters: 1 0 0.000327 0 1 0 -0.000327 0 1 -0.0100848 0.012102 0.0213929
FixedParameters: 0 0 0

#Transform 23
Transform: AffineTransform_float_3_3
Parameters: 1 8.631e-09 0.000137 8.631e-09 1 -6.3e-05 -0.000137 6.3e-05 1 -0.00917747 0.0165055 0.0387769
FixedParameters: 0 0 0

#Transform 24
Transform: AffineTransform_float_3_3
Parameters: 1 0 0 0 1 0 0 0 1 -0.00371 0.013397 0.037709
FixedParameters: 0 0 0

#Transform 25
Transform: AffineTransform_float_3_3
Parameters: 1 0 0 0 1 0 0 0 1 0 0.022882 0.030829
FixedParameters: 0 0 0

#Transform 26
Transform: AffineTransform_float_3_3
Parameters: 1 2.0492e-08 0.000218 2.0492e-08 1 -9.4e-05 -0.000218 9.4e-05 1 -0.0113 0.0353281 0.0438886
FixedParameters: 0 0 0

#Transform 27
Transform: AffineTransform_float_3_3
Parameters: 1 0 0 0 1 0 0 0 1 0 0.032454 0.052358
FixedParameters: 0 0 0

#Transform 28
Transform: AffineTransform_float_3_3
Parameters: 1 0 0 0 1 0 0 0 1 0.004801 0.032454 0.035091
FixedParameters: 0 0 0

#Transform 29
Transform: AffineTransform_float_3_3
Parameters: 1 -1.6815e-07 0.00015 -1.6815e-07 1 0.001121 -0.00015 -0.001121 1 0.00352254 -0.00217074 0.0787575
FixedParameters: 0 0 0

#Transform 30
Transform: AffineTransform_float_3_3
Parameters: 1 -3.04848e-07 0.000522 -3.04848e-07 1 0.000584 -0.000522 -0.000584 0.999999 -0.0160906 0.0144337 0.0642883
FixedParameters: 0 0 0

#Transform 31
Transform: AffineTransform_float_3_3
Parameters: 1 0 0 0 1 0.000584 0 -0.000584 1 -0.013901 0.0144972 0.118209
FixedParameters: 0 0 0

#Transform 32
Transform: AffineTransform_float_3_3
Parameters: 1 0 0 0 1 0.000217 0 -0.000217 1 0 0.0191572 0.0573097
FixedParameters: 0 0 0

#Transform 33
Transform: AffineTransform_float_3_3
Parameters: 1 8.3e-05 8.383e-09 -8.3e-05 1 0.000101 8.383e-09 -0.000101 1 -0.000300518 -0.0108816 0.0319703
FixedParameters: 0 0 0

#Transform 34
Transform: AffineTransform_float_3_3
Parameters: 1 -7.8884e-08 0.000533 -7.8884e-08 1 0.000148 -0.000533 -0.000148 1 -0.0164652 0.00074102 0.0524179
FixedParameters: 0 0 0

#Transform 35
Transform: AffineTransform_float_3_3
Parameters: 1 0 0 0 1 0.000148 0 -0.000148 1 0 0.00602185 0.0444898
FixedParameters: 0 0 0

#Transform 36
Transform: AffineTransform_float_3_3
Parameters: 1 0 0 0 1 0.000148 0 -0.000148 1 0 -0.000253441 0.0290337
FixedParameters: 0 0 0

#Transform 37
Transform: AffineTransform_float_3_3
Parameters: 1 0 0 0 1 -0.000234 0 0.000234 1 0 -0.000177222 0.0429546
FixedParameters: 0 0 0

#Transform 38
Transform: AffineTransform_float_3_3
Parameters: 1 0 0 0 1 0.000148 0 -0.000148 1 0.010427 -0.00345997 0.0254722
FixedParameters: 0 0 0

#Transform 39
Transform: AffineTransform_float_3_3
Parameters: 1 0 0 0 1 0.000202 0 -0.000202 1 0.021004 -0.0136597 0.00775612
FixedParameters: 0 0 0

#Transform 40
Transform: AffineTransform_float_3_3
Parameters: 1 0 0 0 1 -5.9e-05 0 5.9e-05 1 0.032508 -0.00129355 0.00670807
FixedParameters: 0 0 0

#Transform 41
Transform: AffineTransform_float_3_3
Parameters: 1 -8.72e-10 0.000109 -8.72e-10 1 8e-06 -0.000109 -8e-06 1 0.0176283 0.0147981 0.0329991
FixedParameters: 0 0 0

#Transform 42
Transform: AffineTransform_float_3_3
Parameters: 1 0 0 0 1 0.000315 0 -0.000315 1 0.012279 0.0153993 0.0313211
FixedParameters: 0 0 0

#Transform 43
Transform: AffineTransform_float_3_3
Parameters: 1 -2.744e-08 9.8e-05 -2.744e-08 1 0.00028 -9.8e-05 -0.00028 1 0.00352534 0.0235698 -0.00351895
FixedParameters: 0 0 0

#Transform 44
Transform: AffineTransform_float_3_3
Parameters: 1 -2.9008e-08 0.000196 -2.9008e-08 1 0.000148 -0.000196 -0.000148 1 -0.00577431 0.0335093 0.00669318
FixedParameters: 0 0 0

#Transform 45
Transform: AffineTransform_float_3_3
Parameters: 1 -8.918e-09 -9.8e-05 -8.918e-09 1 -9.1e-05 9.8e-05 9.1e-05 1 -0.0163593 0.0362965 0.0874867
FixedParameters: 0 0 0

#Transform 46
Transform: AffineTransform_float_3_3
Parameters: 1 0 0 0 1 2.1e-05 0 -2.1e-05 1 -0.019416 0.0347862 0.0853139
FixedParameters: 0 0 0

#Transform 47
Transform: AffineTransform_float_3_3
Parameters: 1 0.000376 5.5648e-08 -0.000376 1 0.000148 5.5648e-08 -0.000148 1 -0.0153175 0.0194466 0.0463898
FixedParameters: 0 0 0

#Transform 48
Transform: AffineTransform_float_3_3
Parameters: 1 0.000328 4.8544e-08 -0.000328 1 0.000148 4.8544e-08 -0.000148 1 0.00533592 0.016027 0.0458393
FixedParameters: 0 0 0

#Transform 49
Transform: AffineTransform_float_3_3
Parameters: 1 0 0 0 1 0.000148 0 -0.000148 1 0.010279 0.0246357 0.023014
FixedParameters: 0 0 0

#Transform 50
Transform: AffineTransform_float_3_3
Parameters: 1 0.000173 2.5604e-08 -0.000173 1 0.000148 2.5604e-08 -0.000148 1 0.0120551 0.0203867 0.00411665
FixedParameters: 0 0 0

#Transform 51
Transform: AffineTransform_float_3_3
Parameters: 1 0.000149997 7.20066e-05 -0.000150003 1 4.39892e-05 -7.19934e-05 -4.40108e-05 1 0.0146051 0.0236866 -0.0191412
FixedParameters: 0 0 0

#Transform 52
Transform: AffineTransform_float_3_3
Parameters: 1 -6.0088e-08 0.000406 -6.0088e-08 1 0.000148 -0.000406 -0.000148 1 0.00135485 0.0212074 -0.0126564
FixedParameters: 0 0 0

#Transform 53
Transform: AffineTransform_float_3_3
Parameters: 1 -6.6896e-08 0.000452 -6.6896e-08 1 0.000148 -0.000452 -0.000148 1 0.000941067 0.0212077 -0.00347442
FixedParameters: 0 0 0

#Transform 54
Transform: AffineTransform_float_3_3
Parameters: 1 0 0 0 1 0.000148 0 -0.000148 1 0.013092 0.0212123 -0.0203065
FixedParameters: 0 0 0

#Transform 55
Transform: AffineTransform_float_3_3
Parameters: 1 0.000366986 9.60543e-05 -0.000367014 1 0.000147965 -9.59457e-05 -0.000148035 1 0.00194474 0.019504 -0.0112624
FixedParameters: 0 0 0

#Transform 56
Transform: AffineTransform_float_3_3
Parameters: 1 0.00031898 0.000135047 -0.00031902 1 0.000147957 -0.000134953 -0.000148043 1 -0.00674254 0.0197538 -0.0114378
FixedParameters: 0 0 0

#Transform 57
Transform: AffineTransform_float_3_3
Parameters: 1 0.000337992 5.505e-05 -0.000338008 1 0.000147981 -5.495e-05 -0.000148019 1 -0.00440429 0.0196214 0.00903947
FixedParameters: 0 0 0

#Transform 58
Transform: AffineTransform_float_3_3
Parameters: 1 0.000290975 7.40983e-05 -0.000291025 1 0.000337978 -7.39016e-05 -0.000338021 1 -0.00477875 0.0139434 -0.010438
FixedParameters: 0 0 0

#Transform 59
Transform: AffineTransform_float_3_3
Parameters: 1 0.000517959 0.000274077 -0.00051804 1 0.000147858 -0.000273923 -0.000148142 1 0.00113471 0.0187718 -0.0369562
FixedParameters: 0 0 0

#Transform 60
Transform: AffineTransform_float_3_3
Parameters: 1 -6.9116e-08 0.000467 -6.9116e-08 1 0.000148 -0.000467 -0.000148 1 -0.0157708 0.021204 -0.0286577
FixedParameters: 0 0 0

#Transform 61
Transform: AffineTransform_float_3_3
Parameters: 1 0.000407977 0.00015606 -0.000408023 1 0.000147936 -0.00015594 -0.000148064 1 -0.00784112 0.0192493 -0.0463781
FixedParameters: 0 0 0

#Transform 62
Transform: AffineTransform_float_3_3
Parameters: 1 0.000357 5.2836e-08 -0.000357 1 0.000148 5.2836e-08 -0.000148 1 0.00430271 0.0194984 -0.0391292
FixedParameters: 0 0 0

#Transform 63
Transform: AffineTransform_float_3_3
Parameters: 1 0 0 0 1 0.000148 0 -0.000148 1 -0.001342 0.0212152 -0.000563478
FixedParameters: 0 0 0

#Transform 64
Transform: AffineTransform_float_3_3
Parameters: 1 0.000253 1.54583e-07 -0.000253 1 0.000611 1.54583e-07 -0.000611 1 0.00910044 -0.00626936 -0.00645592
FixedParameters: 0 0 0

#Transform 65
Transform: AffineTransform_float_3_3
Parameters: 1 0 0 0 0.999996 0.002565 0 -0.002565 0.999996 0.003493 -0.0364963 0.0680738
FixedParameters: 0 0 0

#Transform 66
Transform: AffineTransform_float_3_3
Parameters: 1 0.000229994 -9.70133e-05 -0.000230006 1 -5.79777e-05 9.69867e-05 5.80223e-05 1 0.00066928 0.0135335 0.0580659
FixedParameters: 0 0 0

#Transform 67
Transform: AffineTransform_float_3_3
Parameters: 1 0.000302008 -9.89761e-05 -0.000301992 1 7.90299e-05 9.90238e-05 -7.89701e-05 1 0.0158579 0.0104521 0.013308
FixedParameters: 0 0 0

#Transform 68
Transform: AffineTransform_float_3_3
Parameters: 1 0.000416 5.9904e-08 -0.000416 1 0.000144 5.9904e-08 -0.000144 1 -0.0030551 0.0192334 0.0248818
FixedParameters: 0 0 0

#Transform 69
Transform: AffineTransform_float_3_3
Parameters: 1 0.000497 5.964e-08 -0.000497 1 0.00012 5.964e-08 -0.00012 1 0.0060697 0.0228423 0.018501
FixedParameters: 0 0 0

#Transform 70
Transform: AffineTransform_float_3_3
Parameters: 1 0.000414 8.28e-08 -0.000414 1 0.0002 8.28e-08 -0.0002 1 0.00773752 0.0303311 -0.0153728
FixedParameters: 0 0 0

#Transform 71
Transform: AffineTransform_float_3_3
Parameters: 1 0.000494 1.29922e-07 -0.000494 1 0.000263 1.29922e-07 -0.000263 1 -0.00332572 0.00778255 -0.0288998
FixedParameters: 0 0 0

#Transform 72
Transform: AffineTransform_float_3_3
Parameters: 1 0.000413981 7.01089e-05 -0.000414019 1 0.000262971 -7.08911e-05 -0.000263029 1 -0.00520708 0.0298264 -0.00850272
FixedParameters: 0 0 0

#Transform 73
Transform: AffineTransform_float_3_3
Parameters: 1 0.000414 1.449e-08 -0.000414 1 3.5e-05 1.449e-08 -3.5e-05 1 -0.0030246 -0.00376412 -0.0302108
FixedParameters: 0 0 0

#Transform 74
Transform: AffineTransform_float_3_3
Parameters: 1 0.000541 1.42283e-07 -0.000541 1 0.000263 1.42283e-07 -0.000263 1 0.00666398 0.0111234 -0.0548846
FixedParameters: 0 0 0

#Transform 75
Transform: AffineTransform_float_3_3
Parameters: 1 0.000413965 0.000131109 -0.000414034 1 0.000262946 -0.000130891 -0.000263054 1 0.0016461 0.0205903 -0.0397711
FixedParameters: 0 0 0

#Transform 76
Transform: AffineTransform_float_3_3
Parameters: 1 0.00041397 0.000115109 -0.00041403 1 0.000262952 -0.000114891 -0.000263048 1 0.0097138 0.0155892 -0.0237827
FixedParameters: 0 0 0

#Transform 77
Transform: AffineTransform_float_3_3
Parameters: 1 0.000414 7.245e-08 -0.000414 1 0.000175 7.245e-08 -0.000175 1 0.00655637 0.0372177 -0.043775
FixedParameters: 0 0 0

#Transform 78
Transform: AffineTransform_float_3_3
Parameters: 1 0.000478 1.25714e-07 -0.000478 1 0.000263 1.25714e-07 -0.000263 1 0.00647744 0.0407961 -0.0200104
FixedParameters: 0 0 0

#Transform 79
Transform: AffineTransform_float_3_3
Parameters: 1 0.000414 1.08882e-07 -0.000414 1 0.000263 1.08882e-07 -0.000263 1 -0.00300019 0.0552032 -0.0246842
FixedParameters: 0 0 0

#Transform 80
Transform: AffineTransform_float_3_3
Parameters: 1 0.000577931 0.000262152 -0.000578069 1 0.000262848 -0.000261848 -0.000263151 1 -0.0118073 0.0405754 -0.0350608
FixedParameters: 0 0 0

#Transform 81
Transform: AffineTransform_float_3_3
Parameters: 1 0.000631922 0.000296166 -0.000632077 1 0.000262813 -0.000295834 -0.000263187 1 -0.013063 0.0339264 -0.0305581
FixedParameters: 0 0 0

#Transform 82
Transform: AffineTransform_float_3_3
Parameters: 1 0.000482904 0.000363127 -0.000483095 1 0.000262825 -0.000362873 -0.000263175 1 -0.0145003 0.023627 -0.0029508
FixedParameters: 0 0 0

#Transform 83
Transform: AffineTransform_float_3_3
Parameters: 0.999999 0.000413833 0.000635108 -0.000414167 1 0.000262737 -0.000634891 -0.000263263 1 -0.0226248 0.0239686 0.0296824
FixedParameters: 0 0 0

#Transform 84
Transform: AffineTransform_float_3_3
Parameters: 0.999999 0.000701951 0.000184185 -0.000701048 0.999999 0.000262871 -0.000183816 -0.000263129 1 -0.00989427 0.0226764 0.00720673
FixedParameters: 0 0 0

#Transform 85
Transform: AffineTransform_float_3_3
Parameters: 1 0.000413911 0.000339109 -0.000414089 1 0.00026286 -0.000338891 -0.00026314 1 -0.0134552 0.0239612 -0.0147771
FixedParameters: 0 0 0

#Transform 86
Transform: AffineTransform_float_3_3
Parameters: 1 0.000413874 0.000477109 -0.000414125 1 0.000262802 -0.000476891 -0.000263197 1 -0.0177198 0.0239594 -0.0243805
FixedParameters: 0 0 0

#Transform 87
Transform: AffineTransform_float_3_3
Parameters: 1 0.000498976 0.00039503 -0.000499023 1 5.98029e-05 -0.00039497 -5.91971e-05 1 -0.0155629 0.0357407 -0.0404192
FixedParameters: 0 0 0

#Transform 88
Transform: AffineTransform_float_3_3
Parameters: 1 0.000479905 0.000359126 -0.000480094 1 0.000262828 -0.000358874 -0.000263172 1 -0.0143586 0.0202844 -0.0384113
FixedParameters: 0 0 0

#Transform 89
Transform: AffineTransform_float_3_3
Parameters: 1 0.000414 1.08882e-07 -0.000414 1 0.000263 1.08882e-07 -0.000263 1 -0.00301312 0.0239585 -0.046469
FixedParameters: 0 0 0

#Transform 90
Transform: AffineTransform_float_3_3
Parameters: 1 0.000413927 0.000526057 -0.000414072 1 0.000137782 -0.000525943 -0.000138218 1 -0.0192719 0.0278556 -0.0250352
FixedParameters: 0 0 0

#Transform 91
Transform: AffineTransform_float_3_3
Parameters: 1 0.000414 1.08882e-07 -0.000414 1 0.000263 1.08882e-07 -0.000263 1 -0.00301312 0.0239689 -0.00682102
FixedParameters: 0 0 0

#Transform 92
Transform: AffineTransform_float_3_3
Parameters: 1 0.000676 1.77788e-07 -0.000676 0.999999 0.000263 1.77788e-07 -0.000263 1 -0.00407793 0.0182909 -0.0489545
FixedParameters: 0 0 0

#Transform 93
Transform: AffineTransform_float_3_3
Parameters: 1 0.000517955 0.000171136 -0.000518045 1 0.000262911 -0.000170864 -0.000263088 1 -0.00206788 0.0234916 -0.0398658
FixedParameters: 0 0 0

#Transform 94
Transform: AffineTransform_float_3_3
Parameters: 1 0.000414012 8.29412e-05 -0.000413988 1 -0.000142034 -8.30588e-05 0.000141966 1 -0.00556423 0.0489968 -0.0865868
FixedParameters: 0 0 0

#Transform 95
Transform: AffineTransform_float_3_3
Parameters: 1 0.000636007 0.000105954 -0.000635992 1 -7.30674e-05 -0.000106046 7.29326e-05 1 0.00123501 0.0364148 -0.0816661
FixedParameters: 0 0 0

#Transform 96
Transform: AffineTransform_float_3_3
Parameters: 1 0.000414 1.92096e-07 -0.000414 1 0.000464 1.92096e-07 -0.000464 1 -0.0030157 0.0177259 0.0348264
FixedParameters: 0 0 0

#Transform 97
Transform: AffineTransform_float_3_3
Parameters: 1 0.000414188 -8.307e-05 -0.000413813 0.999998 0.00224604 8.39297e-05 -0.00224597 0.999998 -0.000420918 -0.00187301 0.126843
FixedParameters: 0 0 0

#Transform 98
Transform: AffineTransform_float_3_3
Parameters: 0.999999 0.000623569 -0.000692388 -0.000624431 0.999999 -0.000622567 0.000692611 0.000622432 0.999999 -0.00596506 0.0425441 0.0661111
FixedParameters: 0 0 0

#Transform 99
Transform: AffineTransform_float_3_3
Parameters: 0.999999 0.000593059 -0.000567938 -0.000592941 1 0.000104337 0.000568062 -0.000104663 1 0.00188107 0.0244937 0.051558
FixedParameters: 0 0 0

#Transform 100
Transform: AffineTransform_float_3_3
Parameters: 0.999999 0.000682914 -0.000475122 -0.000683085 1 -0.000178675 0.000475877 0.000179325 1 0.0106114 0.0264806 -0.0153538
FixedParameters: 0 0 0

#Transform 101
Transform: AffineTransform_float_3_3
Parameters: 1 0.00100708 -0.000567855 -0.00100692 1 0.000144572 0.000568146 -0.000144428 1 0.0122348 0.0080249 -0.0245314
FixedParameters: 0 0 0

#Transform 102
Transform: AffineTransform_float_3_3
Parameters: 0.999999 0.000601992 -0.000568007 -0.000602007 1 -1.26581e-05 0.000567992 1.33419e-05 1 0.00331826 0.0191563 0.0102479
FixedParameters: 0 0 0

#Transform 103
Transform: AffineTransform_float_3_3
Parameters: 0.999999 0.000554958 -0.00056804 -0.000555041 1 -7.26847e-05 0.000567959 7.33152e-05 1 0.0107486 0.0221989 0.0100526
FixedParameters: 0 0 0

#Transform 104
Transform: AffineTransform_float_3_3
Parameters: 0.999999 0.00064491 -0.000568101 -0.000645089 1 -0.000156634 0.000567898 0.000157366 1 0.013633 0.0246468 -0.0561771
FixedParameters: 0 0 0

#Transform 105
Transform: AffineTransform_float_3_3
Parameters: 1 0.000413992 -0.000568006 -0.000414008 1 -1.37648e-05 0.000567994 1.32351e-05 1 0.0145378 0.0394993 -0.0333314
FixedParameters: 0 0 0

#Transform 106
Transform: AffineTransform_float_3_3
Parameters: 1 0.000497981 -0.000386024 -0.000498019 1 -4.88078e-05 0.000385975 4.91922e-05 1 0.00861651 0.0436842 0.000515604
FixedParameters: 0 0 0

#Transform 107
Transform: AffineTransform_float_3_3
Parameters: 0.999999 0.000517851 -0.000568135 -0.000518148 1 -0.000261706 0.000567864 0.000262294 1 0.0141164 0.0501409 0.00669012
FixedParameters: 0 0 0

#Transform 108
Transform: AffineTransform_float_3_3
Parameters: 1 0.000413902 -0.000490083 -0.000414098 1 -0.000199797 0.000489917 0.000200203 1 0.0121172 0.0487408 -0.0152905
FixedParameters: 0 0 0

#Transform 109
Transform: AffineTransform_float_3_3
Parameters: 1 0.000559947 -0.000306096 -0.000560052 1 -0.000170829 0.000305904 0.000171171 1 0.00584978 0.0592414 0.00300525
FixedParameters: 0 0 0

#Transform 110
Transform: AffineTransform_float_3_3
Parameters: 1 0.00041399 -3.91002e-05 -0.000414009 1 -0.000241984 3.88998e-05 0.000242016 1 -0.00178958 0.0667067 0.041699
FixedParameters: 0 0 0

#Transform 111
Transform: AffineTransform_float_3_3
Parameters: 0.999999 0.000563854 -0.000489168 -0.000564145 1 -0.000297724 0.000488832 0.000298276 1 0.0114597 0.0385715 0.0053749
FixedParameters: 0 0 0

#Transform 112
Transform: AffineTransform_float_3_3
Parameters: 1 0.000413881 -0.000568086 -0.000414118 1 -0.000208765 0.000567913 0.000209235 1 0.0145036 0.0365141 0.0245435
FixedParameters: 0 0 0

#Transform 113
Transform: AffineTransform_float_3_3
Parameters: 1 0.000413917 -0.000568061 -0.000414083 1 -0.000146765 0.000567939 0.000146235 1 0.0145132 0.0345546 0.0063509
FixedParameters: 0 0 0

#Transform 114
Transform: AffineTransform_float_3_3
Parameters: 1 0.000413983 -0.000112061 -0.000414016 1 -0.000146954 0.000111939 0.000147046 1 0.000496023 0.0397387 0.00409821
FixedParameters: 0 0 0

#Transform 115
Transform: AffineTransform_float_3_3
Parameters: 1 0.00102192 -0.00056815 -0.00102208 1 -0.000146419 0.000567851 0.00014658 1 0.0120744 0.0447696 0.00631601
FixedParameters: 0 0 0

#Transform 116
Transform: AffineTransform_float_3_3
Parameters: 1 0.000964917 -0.000568142 -0.000965083 0.999999 -0.000146452 0.000567859 0.000146548 1 0.0123367 0.0313574 0.0063112
FixedParameters: 0 0 0

#Transform 117
Transform: AffineTransform_float_3_3
Parameters: 0.999999 0.000889833 -0.000568259 -0.000890165 0.999999 -0.000291494 0.000567739 0.000292505 1 0.0125155 0.0361897 0.00568669
FixedParameters: 0 0 0

#Transform 118
Transform: AffineTransform_float_3_3
Parameters: 1 0.000964917 -0.000568142 -0.000965083 0.999999 -0.000146452 0.000567859 0.000146548 1 0.0168158 0.0313503 0.0256267
FixedParameters: 0 0 0

#Transform 119
Transform: AffineTransform_float_3_3
Parameters: 0.999999 0.000964911 -0.000318269 -0.000965089 1 -0.000278693 0.000317731 0.000278307 1 0.00455296 0.0442089 0.00529995
FixedParameters: 0 0 0

#Transform 120
Transform: AffineTransform_float_3_3
Parameters: 1 0.000964799 -0.000682284 -0.000965201 0.999999 -0.000294341 0.000681716 0.000294658 0.999999 0.0158174 0.0467521 0.0122303
FixedParameters: 0 0 0

#Transform 121
Transform: AffineTransform_float_3_3
Parameters: 0.999999 0.00104187 -0.000869152 -0.00104213 0.999999 -0.000146094 0.000868847 0.000146905 0.999999 0.0212114 0.0309365 -0.0100614
FixedParameters: 0 0 0

#Transform 122
Transform: AffineTransform_float_3_3
Parameters: 1 0.000964846 -0.000568263 -0.000965156 1 -0.000272452 0.000567737 0.000272548 1 0.0235056 0.0351569 -0.0275334
FixedParameters: 0 0 0

#Transform 123
Transform: AffineTransform_float_3_3
Parameters: 1 0.00081482 -0.000568258 -0.00081518 0.999999 -0.000316537 0.000567742 0.000316463 1 0.0300551 0.0372428 -0.0121649
FixedParameters: 0 0 0

#Transform 124
Transform: AffineTransform_float_3_3
Parameters: 1 0.000964917 -0.000568142 -0.000965083 0.999999 -0.000146452 0.000567859 0.000146548 1 0.0256923 0.0444414 -0.0269643
FixedParameters: 0 0 0

#Transform 125
Transform: AffineTransform_float_3_3
Parameters: 0.999999 0.000762916 -0.000568112 -0.000763083 0.999999 -0.000146566 0.000567888 0.000146433 1 0.022808 0.0322317 -0.0174707
FixedParameters: 0 0 0

#Transform 126
Transform: AffineTransform_float_3_3
Parameters: 1 0.000965003 -0.000567995 -0.000964997 0.999999 5.54811e-06 0.000568005 -4.45187e-06 1 0.0123542 0.0267234 -0.0323497
FixedParameters: 0 0 0

#Transform 127
Transform: AffineTransform_float_3_3
Parameters: 1 0.000964928 -0.000500142 -0.000965074 1 -0.000146517 0.000499859 0.000146482 1 0.0102146 0.0312758 -0.0231644
FixedParameters: 0 0 0

#Transform 128
Transform: AffineTransform_float_3_3
Parameters: 1 0.000964956 -0.00048209 -0.000965046 1 -9.25349e-05 0.00048191 9.34651e-05 1 0.00967326 0.0411155 -0.0116518
FixedParameters: 0 0 0

#Transform 129
Transform: AffineTransform_float_3_3
Parameters: 1 0.000964979 -0.000568037 -0.000965021 0.999999 -3.74518e-05 0.000567964 3.75481e-05 1 0.0123671 0.0526115 -0.011016
FixedParameters: 0 0 0

#Transform 130
Transform: AffineTransform_float_3_3
Parameters: 0.999999 0.000830924 -0.000512122 -0.000831074 0.999999 -0.000146574 0.000511878 0.000146425 1 0.0110896 0.0243483 -0.0117736
FixedParameters: 0 0 0

#Transform 131
Transform: AffineTransform_float_3_3
Parameters: 1 0.000964883 -0.000568198 -0.000965116 0.999999 -0.000204452 0.000567802 0.000205548 1 0.0123517 0.0369991 -0.0157106
FixedParameters: 0 0 0

#Transform 132
Transform: AffineTransform_float_3_3
Parameters: 1 0.000964659 -0.000568581 -0.000965343 1 -0.000601452 0.00056842 0.000601549 0.999999 0.0154307 0.0376275 -0.0164724
FixedParameters: 0 0 0

#Transform 133
Transform: AffineTransform_float_3_3
Parameters: 1 0.000964881 -0.000568202 -0.000965119 0.999999 -0.000209452 0.000567798 0.000209548 1 0.012338 0.0321761 0.00544836
FixedParameters: 0 0 0

#Transform 134
Transform: AffineTransform_float_3_3
Parameters: 1 0.000964932 -0.000568116 -0.000965068 0.999999 -0.000119452 0.000567885 0.000119548 1 0.0123517 0.0397988 -0.00566478
FixedParameters: 0 0 0

#Transform 135
Transform: AffineTransform_float_3_3
Parameters: 1 0.000964874 -0.000568214 -0.000965126 0.999999 -0.000221452 0.000567786 0.000222548 1 0.0207557 0.02607 -0.0342902
FixedParameters: 0 0 0

#Transform 136
Transform: AffineTransform_float_3_3
Parameters: 1 0.000890673 -0.000568514 -0.000891329 1 -0.000576494 0.000568487 0.000576507 0.999999 0.0126358 0.0371903 -0.0268134
FixedParameters: 0 0 0

#Transform 137
Transform: AffineTransform_float_3_3
Parameters: 1 0.000964801 -0.000568339 -0.000965201 1 -0.000351452 0.00056766 0.000352548 1 0.0177171 0.0299985 -0.0406453
FixedParameters: 0 0 0

#Transform 138
Transform: AffineTransform_float_3_3
Parameters: 0.999999 0.000965172 -0.000801794 -0.00096483 1 0.000213774 0.000802206 -0.000213226 0.999999 0.0195206 0.0245099 -0.00882938
FixedParameters: 0 0 0

#Transform 139
Transform: AffineTransform_float_3_3
Parameters: 1 0.000964756 -0.000568417 -0.000965246 1 -0.000431452 0.000568584 0.000431549 0.999999 0.0123511 0.0352652 -0.0124262
FixedParameters: 0 0 0

#Transform 140
Transform: AffineTransform_float_3_3
Parameters: 1 0.000964928 -0.000568121 -0.000965071 0.999999 -0.000125452 0.000567878 0.000126548 1 0.0123523 0.0265084 -0.0293194
FixedParameters: 0 0 0

#Transform 141
Transform: AffineTransform_float_3_3
Parameters: 0.999999 0.00114108 -0.000980907 -0.00114092 1 8.21193e-05 0.000981093 -8.08807e-05 1 0.0242583 0.0259018 -0.00846683
FixedParameters: 0 0 0

#Transform 142
Transform: AffineTransform_float_3_3
Parameters: 0.999999 0.00096521 -0.000985794 -0.000964789 0.999999 0.000213951 0.000986206 -0.000213048 0.999999 0.0251738 0.0234826 -0.00798358
FixedParameters: 0 0 0

#Transform 143
Transform: AffineTransform_float_3_3
Parameters: 0.999998 0.00118797 -0.00120703 -0.00118803 1 -2.75661e-05 0.00120697 2.84339e-05 1 0.0310414 0.022205 -0.00781511
FixedParameters: 0 0 0

#Transform 144
Transform: AffineTransform_float_3_3
Parameters: 0.999998 0.00131099 -0.00113102 -0.00131101 0.999999 -1.15172e-05 0.00113098 1.34827e-05 1 0.0281584 0.0081154 -0.018973
FixedParameters: 0 0 0

#Transform 145
Transform: AffineTransform_float_3_3
Parameters: 0.999999 0.00139808 -0.00123091 -0.00139792 0.999999 6.37208e-05 0.00123109 -6.2279e-05 0.999999 0.0310391 0.00546369 -0.053666
FixedParameters: 0 0 0

#Transform 146
Transform: AffineTransform_float_3_3
Parameters: 0.999998 0.00139821 -0.0009857 -0.00139779 0.999999 0.000214378 0.000986299 -0.000213621 0.999999 0.0234297 0.025195 -0.0474427
FixedParameters: 0 0 0

#Transform 147
Transform: AffineTransform_float_3_3
Parameters: 0.999998 0.00139821 -0.0009857 -0.00139779 0.999999 0.000214378 0.000986299 -0.000213621 0.999999 0.0165898 0.0362311 -0.0542638
FixedParameters: 0 0 0

#Transform 148
Transform: AffineTransform_float_3_3
Parameters: 0.999998 0.00139833 -0.0015167 -0.00139868 0.999999 0.000215122 0.0015173 -0.000213879 0.999999 0.0398534 0.0120042 -0.0517012
FixedParameters: 0 0 0

#Transform 149
Transform: AffineTransform_float_3_3
Parameters: 0.999998 0.0013983 -0.0013947 -0.0013977 0.999999 0.00021495 0.0013953 -0.000213049 0.999999 0.0338623 0.0384914 -0.0616475
FixedParameters: 0 0 0

#Transform 150
Transform: AffineTransform_float_3_3
Parameters: 0.999998 0.00139892 -0.00150714 -0.00139808 0.999999 0.000613108 0.00150786 -0.000610892 0.999998 0.0395864 0.029857 -0.0502876
FixedParameters: 0 0 0

#Transform 151
Transform: AffineTransform_float_3_3
Parameters: 0.999998 0.00139851 -0.00139449 -0.00139849 0.999999 0.000363951 0.00139551 -0.000362049 0.999999 0.0422399 0.0272274 -0.0812758
FixedParameters: 0 0 0

#Transform 152
Transform: AffineTransform_float_3_3
Parameters: 0.999998 0.00139846 -0.00139454 -0.00139854 0.999999 0.000328951 0.00139546 -0.000327049 0.999999 0.0361779 0.0258711 -0.0783459
FixedParameters: 0 0 0

#Transform 153
Transform: AffineTransform_float_3_3
Parameters: 0.999998 0.00139858 -0.00152747 -0.00139842 0.999999 0.000383137 0.00152854 -0.000381863 0.999999 0.0402288 0.026651 -0.0774663
FixedParameters: 0 0 0

#Transform 154
Transform: AffineTransform_float_3_3
Parameters: 0.999998 0.00154685 -0.00139406 -0.00154615 0.999998 0.000610156 0.00139594 -0.000608842 0.999999 0.0355716 0.0273761 -0.0906441
FixedParameters: 0 0 0

#Transform 155
Transform: AffineTransform_float_3_3
Parameters: 0.999998 0.00139853 -0.00139447 -0.00139847 0.999999 0.000381951 0.00139553 -0.000380049 0.999999 0.0361801 0.0219228 -0.0781141
FixedParameters: 0 0 0

#Transform 156
Transform: AffineTransform_float_3_3
Parameters: 0.999998 0.00139912 -0.0017301 -0.00139788 0.999999 0.00064842 0.00173091 -0.00064558 0.999999 0.0465181 0.0413449 -0.0754656
FixedParameters: 0 0 0

#Transform 157
Transform: AffineTransform_float_3_3
Parameters: 0.999997 0.0012287 -0.00180552 -0.0012283 0.999999 0.000389219 0.00180548 -0.000386783 0.999999 0.0559291 0.0213221 -0.0895555
FixedParameters: 0 0 0

#Transform 158
Transform: AffineTransform_float_3_3
Parameters: 0.999998 0.0013984 -0.0018607 -0.0013986 0.999999 0.000215603 0.0018613 -0.000213398 0.999998 0.0505495 0.0200043 -0.112252
FixedParameters: 0 0 0

#Transform 159
Transform: AffineTransform_float_3_3
Parameters: 0.999998 0.00139933 -0.00183299 -0.00139867 0.999999 0.000724566 0.00183401 -0.000722435 0.999998 0.0497597 0.0502818 -0.0747136
FixedParameters: 0 0 0

#Transform 160
Transform: AffineTransform_float_3_3
Parameters: 0.999997 0.00139898 -0.00159714 -0.00139802 0.999999 0.000614234 0.00159786 -0.000611766 0.999998 0.042345 0.0433752 -0.0709396
FixedParameters: 0 0 0

#Transform 161
Transform: AffineTransform_float_3_3
Parameters: 0.999997 0.00152285 -0.00186431 -0.00152215 0.999998 0.000454839 0.00186469 -0.000452162 0.999998 0.0501394 0.0396142 -0.0929634
FixedParameters: 0 0 0

#Transform 162
Transform: AffineTransform_float_3_3
Parameters: 0.999997 0.00139878 -0.0018014 -0.00139822 0.999999 0.00043252 0.0018016 -0.000430481 0.999999 0.0486313 0.047586 -0.0760015
FixedParameters: 0 0 0

#Transform 163
Transform: AffineTransform_float_3_3
Parameters: 0.999998 0.000893257 -0.00174583 -0.000889745 0.999996 0.00243756 0.00174717 -0.00243644 0.999995 0.0490445 0.0107131 0.0224883
FixedParameters: 0 0 0

#Transform 164
Transform: AffineTransform_float_3_3
Parameters: 0.999997 0.00104589 -0.00198758 -0.00104711 1 -0.00055792 0.00198641 0.000560079 0.999998 0.0556724 0.0630695 -0.0276275
FixedParameters: 0 0 0

#Transform 165
Transform: AffineTransform_float_3_3
Parameters: 0.999996 0.00153774 -0.00208419 -0.00153826 0.999999 -0.000124794 0.0020838 0.000128205 0.999998 0.0373536 0.056613 0.0218272
FixedParameters: 0 0 0

#Transform 166
Transform: AffineTransform_float_3_3
Parameters: 0.999996 0.00153741 -0.00205944 -0.00153759 0.999999 -0.000283834 0.00205956 0.000287167 0.999998 0.0474847 0.0374963 -0.0362849
FixedParameters: 0 0 0

#Transform 167
Transform: AffineTransform_float_3_3
Parameters: 0.999996 0.00153815 -0.0023029 -0.00153785 0.999999 6.75418e-05 0.0023031 -6.44577e-05 0.999998 0.0636414 0.0384439 -0.0922251
FixedParameters: 0 0 0

#Transform 168
Transform: AffineTransform_float_3_3
Parameters: 0.999997 0.00153759 -0.00187934 -0.00153841 0.999999 -0.000217109 0.00187966 0.000219891 0.999998 0.0505502 0.0384836 -0.0787536
FixedParameters: 0 0 0

#Transform 169
Transform: AffineTransform_float_3_3
Parameters: 0.999997 0.00153781 -0.00187915 -0.00153819 0.999999 -9.71098e-05 0.00187985 0.000100891 0.999998 0.0504945 0.0463927 -0.0463757
FixedParameters: 0 0 0

#Transform 170
Transform: AffineTransform_float_3_3
Parameters: 0.999996 0.00148371 -0.00231319 -0.00148429 0.999999 -0.000123567 0.00231281 0.000127432 0.999998 0.05738 0.0511651 -0.0444445
FixedParameters: 0 0 0

#Transform 171
Transform: AffineTransform_float_3_3
Parameters: 0.999996 0.00153778 -0.00226915 -0.00153822 0.999999 -9.35099e-05 0.00226885 9.74894e-05 0.999998 0.0552316 0.0330235 -0.0775835
FixedParameters: 0 0 0

#Transform 172
Transform: AffineTransform_float_3_3
Parameters: 0.999997 0.0015379 -0.00187908 -0.0015381 0.999999 -5.21099e-05 0.00187992 5.48913e-05 0.999998 0.0505185 0.0317349 -0.0711471
FixedParameters: 0 0 0

#Transform 173
Transform: AffineTransform_float_3_3
Parameters: 0.999997 0.00153736 -0.00223844 -0.00153764 0.999999 -0.000283559 0.00223856 0.000287443 0.999998 0.0581347 0.0389475 -0.0519867
FixedParameters: 0 0 0

#Transform 174
Transform: AffineTransform_float_3_3
Parameters: 0.999997 0.00153746 -0.00187944 -0.00153854 0.999999 -0.000284109 0.00187956 0.000287891 0.999998 0.0504948 0.0388544 -0.0526731
FixedParameters: 0 0 0

#Transform 175
Transform: AffineTransform_float_3_3
Parameters: 0.999996 0.00146384 -0.0024121 -0.00146416 0.999999 -6.44686e-05 0.0024119 6.75309e-05 0.999997 0.0671439 0.0323963 -0.0609279
FixedParameters: 0 0 0

#Transform 176
Transform: AffineTransform_float_3_3
Parameters: 0.999996 0.00153811 -0.00242293 -0.00153789 0.999999 4.77264e-05 0.00242307 -4.42732e-05 0.999997 0.0735442 0.0286551 -0.0429123
FixedParameters: 0 0 0

#Transform 177
Transform: AffineTransform_float_3_3
Parameters: 0.999996 0.00148631 -0.00242342 -0.00148669 0.999999 -0.000283398 0.00242258 0.000287602 0.999997 0.0673348 0.039156 -0.0222112
FixedParameters: 0 0 0

#Transform 178
Transform: AffineTransform_float_3_3
Parameters: 0.999994 0.00153808 -0.00287695 -0.00153791 0.999999 3.24247e-05 0.00287704 -2.7575e-05 0.999996 0.0859254 0.02916 -0.0435912
FixedParameters: 0 0 0

#Transform 179
Transform: AffineTransform_float_3_3
Parameters: 0.999996 0.00161147 -0.00256071 -0.00161153 0.999998 0.000185127 0.0025613 -0.000180873 0.999996 0.0813007 0.024831 -0.0436348
FixedParameters: 0 0 0
