#Insight Transform File V1.0
#Transform 0
Transform: AffineTransform_float_3_3
Parameters: 1 0.000616894 -0.000115569 -0.000617106 1 -0.000922929 0.00011443 0.000923071 0.999999 0.00339106 0.0168717 0.0119663
FixedParameters: 0 0 0

#Transform 1
Transform: AffineTransform_float_3_3
Parameters: 1 0.000490427 -0.000351799 -0.000490572 0.999998 -0.00162883 0.000351201 0.00162917 0.999998 -0.0102075 0.0480766 0.171196
FixedParameters: 0 0 0

#Transform 2
Transform: AffineTransform_float_3_3
Parameters: 1 0.000534999 -7.23855e-07 -0.000535001 0.999999 -0.001353 2.76144e-07 0.001353 0.999999 -0.0084485 0.0181775 0.00188592
FixedParameters: 0 0 0

#Transform 3
Transform: AffineTransform_float_3_3
Parameters: 1 0.000524328 0.000254325 -0.000523671 0.999999 -0.00128713 -0.000255674 0.00128687 0.999999 -0.00379672 0.0168099 0.0118533
FixedParameters: 0 0 0

#Transform 4
Transform: AffineTransform_float_3_3
Parameters: 1 0.000368009 8.64818e-06 -0.000367992 1 -0.000956003 -8.3518e-06 0.000955997 0.999999 -0.00888404 0.0103627 0.0344864
FixedParameters: 0 0 0

#Transform 5
Transform: AffineTransform_float_3_3
Parameters: 1 0.00058592 -0.000109429 -0.00058608 0.999999 -0.000732935 0.00010957 0.000733064 0.999999 0.00729485 0.00494076 0.00344171
FixedParameters: 0 0 0

#Transform 6
Transform: AffineTransform_float_3_3
Parameters: 1 0.000573111 0.000142554 -0.000572888 0.999999 -0.000778081 -0.000143446 0.000777917 0.999999 0.00393094 0.00984846 0.00315109
FixedParameters: 0 0 0

#Transform 7
Transform: AffineTransform_float_3_3
Parameters: 1 0.000496721 -0.000455304 -0.000496279 0.999999 -0.000612774 0.000455696 0.000612226 0.999999 0.0157329 0.0101619 0.000700614
FixedParameters: 0 0 0

#Transform 8
Transform: AffineTransform_float_3_3
Parameters: 1 0.000512028 0.000142898 -0.000511971 1 -0.000199073 -0.000143102 0.000198927 1 0.000753963 0.0192117 0.00865482
FixedParameters: 0 0 0

#Transform 9
Transform: AffineTransform_float_3_3
Parameters: 1 0.000495158 0.000142453 -0.000494843 1 -0.00110407 -0.000142546 0.00110393 1 -0.0115557 0.0211764 0.00569057
FixedParameters: 0 0 0

#Transform 10
Transform: AffineTransform_float_3_3
Parameters: 1 0.000417206 0.000142399 -0.000416795 0.999999 -0.00144106 -0.000142601 0.00144094 0.999999 -0.0164974 0.0205631 -0.00891073
FixedParameters: 0 0 0

#Transform 11
Transform: AffineTransform_float_3_3
Parameters: 1 0.000409859 -0.000284203 -0.000410141 1 -0.000495883 0.000283796 0.000496116 1 -0.00267971 0.0154636 -0.00878872
FixedParameters: 0 0 0

#Transform 12
Transform: AffineTransform_float_3_3
Parameters: 1 1.13828e-07 0.000143 1.13828e-07 0.999999 -0.000795999 -0.000143 0.000795999 0.999999 -0.0122922 0.00862323 0.0337128
FixedParameters: 0 0 0

#Transform 13
Transform: AffineTransform_float_3_3
Parameters: 1 0.000405051 0.000142856 -0.000404949 1 -0.000355058 -0.000143144 0.000354942 1 -0.0116078 -0.00232714 0.000304526
FixedParameters: 0 0 0

#Transform 14
Transform: AffineTransform_float_3_3
Parameters: 1 9.09415e-05 -0.000112047 -9.10584e-05 1 -0.00052199 0.000111952 0.00052201 1 0.00358259 0.00245185 0.039792
FixedParameters: 0 0 0

#Transform 15
Transform: AffineTransform_float_3_3
Parameters: 1 6.4779e-08 0.000143 6.4779e-08 1 -0.000453 -0.000143 0.000453 1 -0.00279945 -0.0167644 0.0386692
FixedParameters: 0 0 0

#Transform 16
Transform: AffineTransform_float_3_3
Parameters: 1 9.29689e-05 -0.000103028 -9.30311e-05 1 -0.00030199 0.000102972 0.00030201 1 -0.00694162 -0.0122274 0.0234736
FixedParameters: 0 0 0

#Transform 17
Transform: AffineTransform_float_3_3
Parameters: 1 1.5587e-08 0.000143 1.5587e-08 1 -0.000109 -0.000143 0.000109 1 -0.0122939 -0.00313532 0.0216766
FixedParameters: 0 0 0

#Transform 18
Transform: AffineTransform_float_3_3
Parameters: 1 2.695e-08 -7.7e-05 2.695e-08 1 0.00035 7.7e-05 -0.00035 1 -0.00767088 0.00215591 0.0173012
FixedParameters: 0 0 0

#Transform 19
Transform: AffineTransform_float_3_3
Parameters: 1 0.000102004 1.19638e-05 -0.000101996 1 -0.000355001 -1.20362e-05 0.000354999 1 -0.00932015 -0.00110934 0.00228666
FixedParameters: 0 0 0

#Transform 20
Transform: AffineTransform_float_3_3
Parameters: 1 5.0765e-08 0.000143 5.0765e-08 1 -0.000355 -0.000143 0.000355 1 -0.0122965 -0.000706113 0.0031882
FixedParameters: 0 0 0

#Transform 21
Transform: AffineTransform_float_3_3
Parameters: 1 1.2155e-08 0.000143 1.2155e-08 1 -8.5e-05 -0.000143 8.5e-05 1 0.00732713 0.015278 -0.0131708
FixedParameters: 0 0 0

#Transform 22
Transform: AffineTransform_float_3_3
Parameters: 1 4.5e-11 3e-06 4.5e-11 1 -1.5e-05 -3e-06 1.5e-05 1 0.00718838 -0.00788492 -0.0307582
FixedParameters: 0 0 0

#Transform 23
Transform: AffineTransform_float_3_3
Parameters: 1 -9.656e-08 -0.000272 -9.656e-08 1 -0.000355 0.000272 0.000355 1 -0.00356622 -0.000724865 0.0137577
FixedParameters: 0 0 0

#Transform 24
Transform: AffineTransform_float_3_3
Parameters: 1 -4.5968e-08 -0.000272 -4.5968e-08 1 -0.000169 0.000272 0.000169 1 -0.00356528 -0.00462021 0.0102793
FixedParameters: 0 0 0

#Transform 25
Transform: AffineTransform_float_3_3
Parameters: 1 1.1696e-08 -0.000272 1.1696e-08 1 4.3e-05 0.000272 -4.3e-05 1 -0.00357028 -0.00909628 0.0286896
FixedParameters: 0 0 0

#Transform 26
Transform: AffineTransform_float_3_3
Parameters: 1 0.000168945 0.000206045 -0.000169055 1 0.000266965 -0.000205955 -0.000267035 1 -0.00835759 -0.0144902 -0.000982623
FixedParameters: 0 0 0

#Transform 27
Transform: AffineTransform_float_3_3
Parameters: 1 2.58e-09 -1e-05 2.58e-09 1 0.000258 1e-05 -0.000258 1 0.00388598 -0.0136261 -0.0235286
FixedParameters: 0 0 0

#Transform 28
Transform: AffineTransform_float_3_3
Parameters: 1 8.37e-09 -6.2e-05 8.37e-09 1 0.000135 6.2e-05 -0.000135 1 -0.00295755 -0.0109949 -0.0100256
FixedParameters: 0 0 0

#Transform 29
Transform: AffineTransform_float_3_3
Parameters: 1 0.000200004 3.39768e-05 -0.000199996 1 -0.000116007 -3.40232e-05 0.000115993 1 -0.00126856 -0.00654746 -0.000167371
FixedParameters: 0 0 0

#Transform 30
Transform: AffineTransform_float_3_3
Parameters: 1 -8.8726e-08 0.000218 -8.8726e-08 1 0.000407 -0.000218 -0.000407 1 -0.0138973 -0.0167142 -0.0100015
FixedParameters: 0 0 0

#Transform 31
Transform: AffineTransform_float_3_3
Parameters: 1 -9.9626e-08 0.000218 -9.9626e-08 1 0.000457 -0.000218 -0.000457 1 -0.0139022 -0.0178047 -0.0324283
FixedParameters: 0 0 0

#Transform 32
Transform: AffineTransform_float_3_3
Parameters: 1 5.4322e-08 -0.000173 5.4322e-08 1 0.000314 0.000173 -0.000314 1 -0.00566959 -0.0147633 -0.0299595
FixedParameters: 0 0 0

#Transform 33
Transform: AffineTransform_float_3_3
Parameters: 1 0.000254029 0.000217966 -0.000253971 1 -0.000132055 -0.000218033 0.000131945 1 -0.0135077 -0.00647724 -0.0285421
FixedParameters: 0 0 0

#Transform 34
Transform: AffineTransform_float_3_3
Parameters: 1 0.000366998 8.06973e-06 -0.000367001 1 0.000189997 -7.93027e-06 -0.000190003 1 -0.00888954 -0.01375 -0.0203496
FixedParameters: 0 0 0

#Transform 35
Transform: AffineTransform_float_3_3
Parameters: 1 0.000142998 0.000218001 -0.000143002 1 6.96883e-06 -0.000217999 -7.03117e-06 1 -0.0136981 -0.00899354 -0.00398686
FixedParameters: 0 0 0

#Transform 36
Transform: AffineTransform_float_3_3
Parameters: 1 0.000366939 0.000218102 -0.000367061 1 0.00027892 -0.000217898 -0.00027908 1 -0.0132978 0.00547055 0.023861
FixedParameters: 0 0 0

#Transform 37
Transform: AffineTransform_float_3_3
Parameters: 1 -7.98321e-06 0.000218001 8.01679e-06 1 -7.69983e-05 -0.000217999 7.70017e-05 1 -0.0138794 0.0145758 0.0070151
FixedParameters: 0 0 0

#Transform 38
Transform: AffineTransform_float_3_3
Parameters: 1 2.29804e-05 4.80094e-05 -2.30196e-05 1 0.000407999 -4.79906e-05 -0.000408001 1 -0.0102417 0.00417577 -0.00720336
FixedParameters: 0 0 0

#Transform 39
Transform: AffineTransform_float_3_3
Parameters: 1 0.000366831 0.000218285 -0.00036717 0.999999 0.000775919 -0.000218715 -0.00077608 0.999999 -0.0133009 0.00254731 0.0144891
FixedParameters: 0 0 0

#Transform 40
Transform: AffineTransform_float_3_3
Parameters: 1 1.98541e-05 0.000386007 -2.01459e-05 1 0.000377992 -0.000385992 -0.000378008 1 -0.0173306 0.00482312 0.00214052
FixedParameters: 0 0 0

#Transform 41
Transform: AffineTransform_float_3_3
Parameters: 1 4.98151e-05 0.000218042 -5.01848e-05 0.999999 0.000847988 -0.000217957 -0.00084801 0.999999 -0.0137845 -0.00520529 0.00314063
FixedParameters: 0 0 0

#Transform 42
Transform: AffineTransform_float_3_3
Parameters: 1 -5.31979e-05 0.000217952 5.2802e-05 0.999999 0.000908011 -0.000218048 -0.000907988 0.999999 -0.0139449 -0.00600766 0.0142741
FixedParameters: 0 0 0

#Transform 43
Transform: AffineTransform_float_3_3
Parameters: 1 -5.31632e-05 0.00021796 5.28367e-05 0.999999 0.000749011 -0.00021804 -0.000748988 0.999999 -0.0139413 -0.00262206 0.00370922
FixedParameters: 0 0 0

#Transform 44
Transform: AffineTransform_float_3_3
Parameters: 1 -5.33026e-05 0.00040396 5.26974e-05 0.999999 0.000749021 -0.000404039 -0.000748978 0.999999 -0.00864507 -0.00263849 0.00142819
FixedParameters: 0 0 0

#Transform 45
Transform: AffineTransform_float_3_3
Parameters: 1 -5.32996e-05 0.00039996 5.27004e-05 0.999999 0.000749021 -0.000400039 -0.000748978 0.999999 -0.0132523 -0.00263114 0.011562
FixedParameters: 0 0 0

#Transform 46
Transform: AffineTransform_float_3_3
Parameters: 1 0.000280739 0.00034921 -0.000281261 0.999999 0.000748901 -0.00034879 -0.000748097 0.999999 -0.0130687 0.00617056 -0.00869474
FixedParameters: 0 0 0

#Transform 47
Transform: AffineTransform_float_3_3
Parameters: 1 0.000361885 0.000154271 -0.000362115 0.999999 0.000748944 -0.000153729 -0.000748055 0.999999 -0.0119465 0.00400524 -0.00898759
FixedParameters: 0 0 0

#Transform 48
Transform: AffineTransform_float_3_3
Parameters: 1 0.000271739 0.000349203 -0.000271261 0.999999 0.000748905 -0.000348797 -0.000748094 0.999999 -0.00797477 0.00369626 -0.00640567
FixedParameters: 0 0 0

#Transform 49
Transform: AffineTransform_float_3_3
Parameters: 1 0.000508581 0.000349609 -0.000509418 0.999999 0.00119782 -0.00034839 -0.00119818 0.999999 -0.0157506 0.0128548 0.0229527
FixedParameters: 0 0 0

#Transform 50
Transform: AffineTransform_float_3_3
Parameters: 1 0.000329042 -5.67535e-05 -0.000328957 0.999999 0.000749018 5.72464e-05 -0.000748981 0.999999 -0.0222946 0.0132919 0.0509052
FixedParameters: 0 0 0

#Transform 51
Transform: AffineTransform_float_3_3
Parameters: 1 0.000262709 0.000349219 -0.00026229 0.999999 0.000831908 -0.000348782 -0.000832091 0.999999 -0.0120073 -0.0108662 0.000657691
FixedParameters: 0 0 0

#Transform 52
Transform: AffineTransform_float_3_3
Parameters: 1 0.000257615 0.000349284 -0.000258384 1 0.00110191 -0.000348716 -0.00110209 1 -0.0167283 -0.0197098 -0.0140199
FixedParameters: 0 0 0

#Transform 53
Transform: AffineTransform_float_3_3
Parameters: 1 -5.29898e-05 -6.08913e-06 5.301e-05 0.999998 0.001682 5.91084e-06 -0.001682 0.999998 -0.00978261 -0.0304849 0.0115178
FixedParameters: 0 0 0

#Transform 54
Transform: AffineTransform_float_3_3
Parameters: 1 0.000381678 0.000349352 -0.000382321 0.999999 0.000920867 -0.000348648 -0.000921133 1 -0.016444 -0.0162717 0.0113434
FixedParameters: 0 0 0

#Transform 55
Transform: AffineTransform_float_3_3
Parameters: 1 0.000393488 0.000349577 -0.000394511 0.999999 0.00146586 -0.000348422 -0.00146614 0.999999 -0.0164148 -0.0278239 0.022462
FixedParameters: 0 0 0

#Transform 56
Transform: AffineTransform_float_3_3
Parameters: 1 0.000432527 0.000349586 -0.000433472 0.999999 0.00135385 -0.000348413 -0.00135415 0.999999 -0.0163683 -0.02041 0.0338784
FixedParameters: 0 0 0

#Transform 57
Transform: AffineTransform_float_3_3
Parameters: 1 0.000432527 0.000349586 -0.000433472 0.999999 0.00135385 -0.000348413 -0.00135415 0.999999 -0.0163714 -0.00896053 0.0105958
FixedParameters: 0 0 0

#Transform 58
Transform: AffineTransform_float_3_3
Parameters: 1 0.000432527 0.000349586 -0.000433472 0.999999 0.00135385 -0.000348413 -0.00135415 0.999999 -0.0282136 0.00106738 0.0606444
FixedParameters: 0 0 0

#Transform 59
Transform: AffineTransform_float_3_3
Parameters: 1 0.000432606 0.000349488 -0.000433393 1 0.00112785 -0.000348511 -0.00112815 1 -0.0348488 0.0024318 0.0870351
FixedParameters: 0 0 0

#Transform 60
Transform: AffineTransform_float_3_3
Parameters: 1 0.000432976 2.73905e-05 -0.000433024 1 0.000901988 -2.66094e-05 -0.000902012 0.999999 -0.0280694 0.00728871 0.0915071
FixedParameters: 0 0 0

#Transform 61
Transform: AffineTransform_float_3_3
Parameters: 1 0.000514099 -8.6414e-05 -0.000513902 0.999999 0.00114005 8.65859e-05 -0.00113996 1 -0.0256001 -0.0124796 0.0627978
FixedParameters: 0 0 0

#Transform 62
Transform: AffineTransform_float_3_3
Parameters: 1 0.000433127 -8.63634e-05 -0.000432873 0.999999 0.00147004 8.66364e-05 -0.00146996 0.999999 -0.0276938 -0.00141061 0.0820502
FixedParameters: 0 0 0

#Transform 63
Transform: AffineTransform_float_3_3
Parameters: 1 0.000433121 -8.63946e-05 -0.000432879 0.999999 0.00139804 8.66052e-05 -0.00139796 0.999999 -0.0298559 -0.0264811 0.0498086
FixedParameters: 0 0 0

#Transform 64
Transform: AffineTransform_float_3_3
Parameters: 0.999999 0.000431897 0.000605788 -0.000433104 0.999998 0.00182274 -0.000605212 -0.00182226 0.999998 -0.0204467 -0.03552 0.0142984
FixedParameters: 0 0 0

#Transform 65
Transform: AffineTransform_float_3_3
Parameters: 1 0.000432176 0.000502709 -0.000432824 0.999999 0.00163978 -0.00050229 -0.00164022 0.999998 -0.0307074 -0.0179016 0.0384161
FixedParameters: 0 0 0

#Transform 66
Transform: AffineTransform_float_3_3
Parameters: 0.999999 0.000431516 0.000790811 -0.000433484 0.999998 0.00187666 -0.000790187 -0.00187734 0.999998 -0.0368095 -0.0148654 0.0217987
FixedParameters: 0 0 0

#Transform 67
Transform: AffineTransform_float_3_3
Parameters: 1 0.00043245 0.000309769 -0.000433551 0.999999 0.00177787 -0.00030923 -0.00177814 0.999999 -0.02663 -0.0128214 0.0156385
FixedParameters: 0 0 0

#Transform 68
Transform: AffineTransform_float_3_3
Parameters: 0.999999 0.00043195 0.000582779 -0.00043305 0.999999 0.00180175 -0.000582221 -0.00180225 0.999998 -0.0324263 -0.013286 0.0144993
FixedParameters: 0 0 0

#Transform 69
Transform: AffineTransform_float_3_3
Parameters: 1 0.000432302 0.000475634 -0.000433698 0.999999 0.00146679 -0.000475364 -0.00146721 0.999999 -0.0175663 -0.00626004 0.00140246
FixedParameters: 0 0 0

#Transform 70
Transform: AffineTransform_float_3_3
Parameters: 1 0.000432464 0.000383605 -0.000433536 0.999999 0.00139783 -0.000383394 -0.00139817 0.999999 -0.0180369 -0.00480334 -0.0146708
FixedParameters: 0 0 0

#Transform 71
Transform: AffineTransform_float_3_3
Parameters: 1 0.000432487 0.000349636 -0.000433512 0.999999 0.00146885 -0.000348363 -0.00146915 0.999999 -0.0232413 -0.00630791 -0.00947816
FixedParameters: 0 0 0

#Transform 72
Transform: AffineTransform_float_3_3
Parameters: 0.999999 0.000432211 0.000564605 -0.000432789 0.999999 0.00139776 -0.000564395 -0.00139824 0.999999 -0.0221973 -0.00468509 0.015178
FixedParameters: 0 0 0

#Transform 73
Transform: AffineTransform_float_3_3
Parameters: 1 0.000150488 0.000471164 -0.000151512 1 0.00108693 -0.000470836 -0.00108707 1 -0.0305039 0.00292125 0.0703255
FixedParameters: 0 0 0

#Transform 74
Transform: AffineTransform_float_3_3
Parameters: 0.999999 2.47765e-06 0.00103 -3.52234e-06 0.999999 0.001478 -0.00103 -0.001478 0.999999 -0.0426062 -0.00450569 0.141135
FixedParameters: 0 0 0

#Transform 75
Transform: AffineTransform_float_3_3
Parameters: 0.999999 0.000615434 0.00057161 -0.000615566 1 0.000990649 -0.00057139 -0.000991353 1 -0.0319142 0.00323783 0.143525
FixedParameters: 0 0 0

#Transform 76
Transform: AffineTransform_float_3_3
Parameters: 0.999999 0.000431373 0.000821855 -0.000433627 0.999998 0.00198064 -0.000821142 -0.00198035 0.999997 -0.0439513 -0.0044258 0.156296
FixedParameters: 0 0 0

#Transform 77
Transform: AffineTransform_float_3_3
Parameters: 0.999999 0.000195837 0.000821278 -0.000197163 0.999999 0.00141684 -0.000820721 -0.00141616 0.999998 -0.0437846 0.00231195 0.118966
FixedParameters: 0 0 0

#Transform 78
Transform: AffineTransform_float_3_3
Parameters: 0.999999 2.47704e-06 0.000821006 -3.52295e-06 0.999999 0.001855 -0.000820995 -0.001855 0.999998 -0.0362561 0.0155456 0.120427
FixedParameters: 0 0 0

#Transform 79
Transform: AffineTransform_float_3_3
Parameters: 0.999999 2.94994e-06 0.000821004 -3.05006e-06 0.999999 0.001279 -0.000820996 -0.001279 0.999999 -0.0393665 0.00894652 0.15405
FixedParameters: 0 0 0

#Transform 80
Transform: AffineTransform_float_3_3
Parameters: 0.999999 2.83664e-06 0.000821004 -3.16335e-06 0.999999 0.001417 -0.000820996 -0.001417 0.999998 -0.0331528 0.00265073 0.12094
FixedParameters: 0 0 0

#Transform 81
Transform: AffineTransform_float_3_3
Parameters: 0.999999 2.88779e-06 0.000752005 -3.1122e-06 0.999999 0.001479 -0.000751996 -0.001479 0.999998 -0.0316747 -0.00449833 0.136004
FixedParameters: 0 0 0

#Transform 82
Transform: AffineTransform_float_3_3
Parameters: 0.999999 2.83664e-06 0.000821004 -3.16335e-06 0.999999 0.001417 -0.000820996 -0.001417 0.999998 -0.0269474 0.00682177 0.137204
FixedParameters: 0 0 0

#Transform 83
Transform: AffineTransform_float_3_3
Parameters: 1 3.35748e-06 0.000649004 -3.64251e-06 0.999999 0.000989998 -0.000648997 -0.000990002 1 -0.0295385 0.00577706 0.122396
FixedParameters: 0 0 0

#Transform 84
Transform: AffineTransform_float_3_3
Parameters: 1 0.000121217 0.000553172 -0.000121783 0.999999 0.00141693 -0.000552828 -0.00141607 0.999999 -0.0272701 -0.0037783 0.0905912
FixedParameters: 0 0 0

#Transform 85
Transform: AffineTransform_float_3_3
Parameters: 1 3.50546e-06 0.000349005 -3.49453e-06 0.999999 0.001417 -0.000348995 -0.001417 0.999999 -0.0264537 -0.00324439 0.117145
FixedParameters: 0 0 0

#Transform 86
Transform: AffineTransform_float_3_3
Parameters: 1 0.000173064 0.000661246 -0.000173938 0.999999 0.00141688 -0.000661754 -0.00141611 0.999999 -0.0229774 0.0112119 0.118499
FixedParameters: 0 0 0

#Transform 87
Transform: AffineTransform_float_3_3
Parameters: 0.999999 3.20269e-06 0.000717004 -3.7973e-06 1 0.001112 -0.000716996 -0.001112 0.999999 -0.0309696 0.00707411 0.116178
FixedParameters: 0 0 0

#Transform 88
Transform: AffineTransform_float_3_3
Parameters: 1 3.5278e-06 0.000349005 -3.47219e-06 0.999999 0.001353 -0.000348996 -0.001353 0.999999 -0.0397946 -0.000867348 0.117378
FixedParameters: 0 0 0

#Transform 89
Transform: AffineTransform_float_3_3
Parameters: 1 0.000122111 0.000657166 -0.00012289 0.999999 0.00135292 -0.000657834 -0.00135308 0.999999 -0.0275766 0.0136089 0.116064
FixedParameters: 0 0 0

#Transform 90
Transform: AffineTransform_float_3_3
Parameters: 1 3.5278e-06 0.000349005 -3.47219e-06 0.999999 0.001353 -0.000348996 -0.001353 0.999999 -0.0298217 0.0123674 0.140097
FixedParameters: 0 0 0

#Transform 91
Transform: AffineTransform_float_3_3
Parameters: 0.999999 0.000605408 0.000437819 -0.000605592 0.999999 0.00135274 -0.000437181 -0.00135326 0.999999 -0.040693 0.0195965 0.158656
FixedParameters: 0 0 0

#Transform 92
Transform: AffineTransform_float_3_3
Parameters: 1 3.15708e-06 0.000623005 -3.84292e-06 0.999999 0.001353 -0.000622995 -0.001353 0.999999 -0.028751 0.0219934 0.15788
FixedParameters: 0 0 0

#Transform 93
Transform: AffineTransform_float_3_3
Parameters: 0.999999 0.000174174 0.00102731 -0.000176827 0.999999 0.00177782 -0.00102769 -0.00177818 0.999998 -0.0353255 0.00984455 0.155531
FixedParameters: 0 0 0

#Transform 94
Transform: AffineTransform_float_3_3
Parameters: 1 0.000224664 0.00102729 -0.000226337 0.999999 0.00130077 -0.00102771 -0.00130123 0.999998 -0.0363432 -0.00231797 0.131858
FixedParameters: 0 0 0

#Transform 95
Transform: AffineTransform_float_3_3
Parameters: 1 0.000126175 0.000610171 -0.000126825 0.999999 0.00135292 -0.000609829 -0.00135308 0.999999 -0.0450802 0.0182239 0.158
FixedParameters: 0 0 0

#Transform 96
Transform: AffineTransform_float_3_3
Parameters: 1 0.000246929 0.000610434 -0.00024807 0.999999 0.00175485 -0.000609566 -0.00175515 0.999999 -0.0314677 0.0108979 0.157393
FixedParameters: 0 0 0

#Transform 97
Transform: AffineTransform_float_3_3
Parameters: 1 0.000226073 0.000559376 -0.000226926 0.999998 0.00165687 -0.000558625 -0.00165713 0.999999 -0.0438314 0.013172 0.152526
FixedParameters: 0 0 0

#Transform 98
Transform: AffineTransform_float_3_3
Parameters: 0.999999 0.000566015 0.000610913 -0.000566984 0.999998 0.00161165 -0.000610086 -0.00161234 0.999998 -0.0444737 0.0125695 0.109839
FixedParameters: 0 0 0

#Transform 99
Transform: AffineTransform_float_3_3
Parameters: 0.999999 0.000544099 0.000610804 -0.000544901 0.999999 0.00147667 -0.000610196 -0.00147633 0.999998 -0.0444741 0.0155731 0.132434
FixedParameters: 0 0 0

#Transform 100
Transform: AffineTransform_float_3_3
Parameters: 1 3.22896e-06 0.000610004 -3.77104e-06 0.999999 0.001264 -0.000609996 -0.001264 0.999999 -0.0453557 0.0222091 0.131854
FixedParameters: 0 0 0

#Transform 101
Transform: AffineTransform_float_3_3
Parameters: 1 3.42163e-06 0.000448005 -3.57837e-06 0.999999 0.001291 -0.000447996 -0.001291 0.999999 -0.0266696 0.0100092 0.152239
FixedParameters: 0 0 0

#Transform 102
Transform: AffineTransform_float_3_3
Parameters: 1 2.43217e-06 0.00106801 -3.56782e-06 0.999999 0.001468 -0.001068 -0.001468 0.999999 -0.0383411 0.017971 0.1679
FixedParameters: 0 0 0

#Transform 103
Transform: AffineTransform_float_3_3
Parameters: 1 3.21249e-06 0.000610005 -3.78751e-06 0.999999 0.001291 -0.000609995 -0.001291 0.999999 -0.0453324 0.0216362 0.170045
FixedParameters: 0 0 0

#Transform 104
Transform: AffineTransform_float_3_3
Parameters: 0.999999 0.000175032 0.000750226 -0.000175968 0.999999 0.00129087 -0.000749773 -0.00129113 0.999999 -0.0480085 0.0209147 0.12991
FixedParameters: 0 0 0

#Transform 105
Transform: AffineTransform_float_3_3
Parameters: 1 2.37607e-06 0.00114201 -3.62392e-06 0.999999 0.001422 -0.001142 -0.001422 0.999999 -0.037663 0.0189058 0.153505
FixedParameters: 0 0 0

#Transform 106
Transform: AffineTransform_float_3_3
Parameters: 1 0.000249039 0.00105423 -0.000249961 1 0.000911738 -0.00105377 -0.000912263 0.999999 -0.0423743 0.0103706 0.160936
FixedParameters: 0 0 0

#Transform 107
Transform: AffineTransform_float_3_3
Parameters: 1 0.000355547 0.0010415 -0.000356453 0.999999 0.00139463 -0.0010415 -0.00139537 0.999998 -0.0472511 0.0104186 0.160148
FixedParameters: 0 0 0

#Transform 108
Transform: AffineTransform_float_3_3
Parameters: 0.999999 0.000356251 0.000663403 -0.000356749 1 0.00112976 -0.000662597 -0.00113024 0.999999 -0.0457844 0.0195354 0.23202
FixedParameters: 0 0 0

#Transform 109
Transform: AffineTransform_float_3_3
Parameters: 0.999999 0.000356004 0.000881402 -0.000356996 1 0.00112969 -0.000881597 -0.00113031 0.999999 -0.0504531 0.0194782 0.209139
FixedParameters: 0 0 0

#Transform 110
Transform: AffineTransform_float_3_3
Parameters: 1 0.000356084 0.000610534 -0.000356916 0.999999 0.00149978 -0.000610465 -0.00150022 0.999998 -0.0447397 0.0116929 0.177133
FixedParameters: 0 0 0

#Transform 111
Transform: AffineTransform_float_3_3
Parameters: 1 0.000102518 0.00103915 -0.000103482 0.999999 0.00142589 -0.00103885 -0.00142611 0.999999 -0.0484479 0.0142961 0.167182
FixedParameters: 0 0 0

#Transform 112
Transform: AffineTransform_float_3_3
Parameters: 1 0.000355153 0.00117056 -0.000356848 0.999998 0.00157858 -0.00117044 -0.00157842 0.999998 -0.0473293 0.0100454 0.144594
FixedParameters: 0 0 0

#Transform 113
Transform: AffineTransform_float_3_3
Parameters: 0.999999 0.000150288 0.00134719 -0.000152713 0.999999 0.0012708 -0.00134781 -0.0012712 0.999999 -0.0605082 0.0173065 0.160761
FixedParameters: 0 0 0

#Transform 114
Transform: AffineTransform_float_3_3
Parameters: 0.999999 0.000242713 0.00154736 -0.000245287 0.999999 0.00147762 -0.00154764 -0.00147838 0.999997 -0.0658226 0.012613 0.167869
FixedParameters: 0 0 0

#Transform 115
Transform: AffineTransform_float_3_3
Parameters: 0.999999 0.000300027 0.00150239 -0.000301973 0.999999 0.00131255 -0.0015026 -0.00131345 0.999998 -0.062199 0.0158454 0.165888
FixedParameters: 0 0 0

#Transform 116
Transform: AffineTransform_float_3_3
Parameters: 0.999999 0.000355252 0.00136546 -0.000356748 0.999999 0.00128051 -0.00136454 -0.00128049 0.999998 -0.0580835 0.0163031 0.174224
FixedParameters: 0 0 0

#Transform 117
Transform: AffineTransform_float_3_3
Parameters: 0.999999 0.000354786 0.00152352 -0.000356213 0.999999 0.00145246 -0.00152348 -0.00145354 0.999998 -0.0618059 0.0127313 0.17028
FixedParameters: 0 0 0

#Transform 118
Transform: AffineTransform_float_3_3
Parameters: 0.999998 0.000354715 0.0016215 -0.000356285 0.999999 0.00140942 -0.0016205 -0.00140958 0.999997 -0.0645163 0.00705836 0.165961
FixedParameters: 0 0 0

#Transform 119
Transform: AffineTransform_float_3_3
Parameters: 0.999999 0.000144701 0.00143423 -0.000147298 0.999998 0.00160279 -0.00143377 -0.00160321 0.999997 -0.0555393 0.0104766 0.168425
FixedParameters: 0 0 0

#Transform 120
Transform: AffineTransform_float_3_3
Parameters: 0.999999 0.000354622 0.00145858 -0.000356377 0.999998 0.00162948 -0.00145842 -0.00163052 0.999997 -0.0586107 0.00337069 0.211569
FixedParameters: 0 0 0

#Transform 121
Transform: AffineTransform_float_3_3
Parameters: 0.999999 -5.93989e-05 0.00123793 5.8601e-05 1 0.00113007 -0.00123807 -0.00112993 0.999998 -0.0557728 0.0212577 0.23018
FixedParameters: 0 0 0

#Transform 122
Transform: AffineTransform_float_3_3
Parameters: 0.999999 0.000128192 0.0017932 -0.000130807 0.999999 0.00156577 -0.0017928 -0.00156623 0.999997 -0.0707084 0.0241893 0.237185
FixedParameters: 0 0 0

#Transform 123
Transform: AffineTransform_float_3_3
Parameters: 0.999999 0.000209676 0.00136636 -0.000211323 0.999999 0.00170071 -0.00136564 -0.00170129 0.999997 -0.0616583 0.0256791 0.235988
FixedParameters: 0 0 0

#Transform 124
Transform: AffineTransform_float_3_3
Parameters: 0.999999 0.000214112 0.00126532 -0.000215888 0.999999 0.00149173 -0.00126568 -0.00149227 0.999998 -0.0595423 0.0102371 0.187787
FixedParameters: 0 0 0

#Transform 125
Transform: AffineTransform_float_3_3
Parameters: 0.999999 0.000503136 0.00130711 -0.000505865 0.999998 0.00219234 -0.00130589 -0.00219266 0.999996 -0.0599948 0.0213931 0.192961
FixedParameters: 0 0 0

#Transform 126
Transform: AffineTransform_float_3_3
Parameters: 0.999999 0.000438402 0.00133885 -0.000441596 0.999998 0.00194041 -0.00133715 -0.00194159 0.999997 -0.0606218 0.0270747 0.220358
FixedParameters: 0 0 0

#Transform 127
Transform: AffineTransform_float_3_3
Parameters: 0.999999 0.000438896 0.00138167 -0.000441104 0.999998 0.00152339 -0.00138033 -0.00152361 0.999998 -0.0615637 0.0103691 0.205544
FixedParameters: 0 0 0

#Transform 128
Transform: AffineTransform_float_3_3
Parameters: 0.999999 0.000243189 0.00144847 -0.000245812 0.999998 0.00194065 -0.00144853 -0.00194135 0.999997 -0.0633446 0.0279275 0.219823
FixedParameters: 0 0 0

#Transform 129
Transform: AffineTransform_float_3_3
Parameters: 0.999999 0.000437996 0.00135398 -0.000441004 0.999997 0.0022194 -0.00135302 -0.00221959 0.999996 -0.0515655 0.0213477 0.21968
FixedParameters: 0 0 0

#Transform 130
Transform: AffineTransform_float_3_3
Parameters: 1 0.000438303 0.00103415 -0.000441698 0.999997 0.00261055 -0.00103285 -0.00261046 0.999996 -0.0541715 -0.00760688 0.247946
FixedParameters: 0 0 0

#Transform 131
Transform: AffineTransform_float_3_3
Parameters: 0.999999 3.30281e-05 0.000889075 -3.49717e-05 0.999998 0.00221797 -0.000888924 -0.00221803 0.999997 -0.0518561 0.00524278 0.271082
FixedParameters: 0 0 0

#Transform 132
Transform: AffineTransform_float_3_3
Parameters: 0.999999 3.22984e-05 0.00123307 -3.47014e-05 0.999997 0.00219096 -0.00123293 -0.00219104 0.999997 -0.0677583 0.0236321 0.247804
FixedParameters: 0 0 0

#Transform 133
Transform: AffineTransform_float_3_3
Parameters: 0.999999 0.000274863 0.00103757 -0.000277137 0.999998 0.00205971 -0.00103743 -0.00206029 0.999998 -0.0660487 0.0253756 0.263509
FixedParameters: 0 0 0

#Transform 134
Transform: AffineTransform_float_3_3
Parameters: 0.999999 0.000259285 0.00134753 -0.000261715 0.999998 0.00201465 -0.00134748 -0.00201535 0.999997 -0.0824069 0.0262903 0.241919
FixedParameters: 0 0 0

#Transform 135
Transform: AffineTransform_float_3_3
Parameters: 0.999999 0.000287811 0.000838754 -0.000290189 0.999996 0.00261076 -0.000838245 -0.00261024 0.999996 -0.0614713 0.036272 0.273193
FixedParameters: 0 0 0

#Transform 136
Transform: AffineTransform_float_3_3
Parameters: 0.999999 0.000301767 0.000909743 -0.000304234 0.999997 0.00245572 -0.000909255 -0.00245527 0.999996 -0.0654893 0.0474969 0.266897
FixedParameters: 0 0 0

#Transform 137
Transform: AffineTransform_float_3_3
Parameters: 0.999999 0.000185827 0.000909446 -0.000188174 0.999997 0.00238983 -0.000909552 -0.00239017 0.999996 -0.0732492 0.0492588 0.235142
FixedParameters: 0 0 0

#Transform 138
Transform: AffineTransform_float_3_3
Parameters: 0.999999 0.000466406 0.00061122 -0.000467594 0.999997 0.00261072 -0.000609782 -0.00261029 0.999997 -0.0597555 0.0434162 0.236086
FixedParameters: 0 0 0

#Transform 139
Transform: AffineTransform_float_3_3
Parameters: 0.999999 0.000557261 0.00133415 -0.000559738 0.999997 0.00205325 -0.00133285 -0.00205374 0.999997 -0.0815745 0.0419255 0.257991
FixedParameters: 0 0 0

#Transform 140
Transform: AffineTransform_float_3_3
Parameters: 1 0.000393242 0.00101147 -0.00039676 0.999993 0.0037176 -0.00101053 -0.0037184 0.999992 -0.0749842 0.0206568 0.316854
FixedParameters: 0 0 0

#Transform 141
Transform: AffineTransform_float_3_3
Parameters: 1 3.30606e-05 0.000610108 -3.4939e-05 0.999995 0.00317898 -0.000609892 -0.00317902 0.999995 -0.0491707 0.0206711 0.270762
FixedParameters: 0 0 0

#Transform 142
Transform: AffineTransform_float_3_3
Parameters: 1 0.000272802 0.00110005 -0.000277198 0.999992 0.0038177 -0.00109895 -0.0038183 0.999992 -0.0590269 0.0188815 0.284859
FixedParameters: 0 0 0

#Transform 143
Transform: AffineTransform_float_3_3
Parameters: 1 0.000678095 0.00100564 -0.000681907 0.999992 0.00388832 -0.00100336 -0.00388868 0.999992 -0.0564144 0.0155966 0.255426
FixedParameters: 0 0 0

#Transform 144
Transform: AffineTransform_float_3_3
Parameters: 1 0.000572144 0.00101119 -0.000575856 0.999993 0.00381742 -0.00100881 -0.00381858 0.999992 -0.0567103 -0.0176324 0.227486
FixedParameters: 0 0 0

#Transform 145
Transform: AffineTransform_float_3_3
Parameters: 0.999999 0.000397057 0.00132649 -0.000401945 0.999993 0.00372847 -0.00132551 -0.00372853 0.999992 -0.0647332 0.0202493 0.267433
FixedParameters: 0 0 0

#Transform 146
Transform: AffineTransform_float_3_3
Parameters: 0.999999 0.000770806 0.00123163 -0.000775195 0.999994 0.00340805 -0.00122937 -0.00340895 0.999994 -0.0657335 0.00558906 0.301876
FixedParameters: 0 0 0

#Transform 147
Transform: AffineTransform_float_3_3
Parameters: 0.999999 0.000393831 0.00135451 -0.00039917 0.999992 0.00381746 -0.00135349 -0.00381853 0.999992 -0.0760076 0.00123623 0.304187
FixedParameters: 0 0 0

#Transform 148
Transform: AffineTransform_float_3_3
Parameters: 0.999999 0.00034994 0.00130237 -0.000355062 0.999993 0.00388654 -0.00130163 -0.00388746 0.999991 -0.0727913 0.00719733 0.304247
FixedParameters: 0 0 0

#Transform 149
Transform: AffineTransform_float_3_3
Parameters: 0.999999 0.000521954 0.00133798 -0.000527047 0.999992 0.0037743 -0.00133602 -0.0037747 0.999992 -0.0751737 0.0188528 0.28822
FixedParameters: 0 0 0

#Transform 150
Transform: AffineTransform_float_3_3
Parameters: 0.999999 0.000414024 0.00121436 -0.000417976 0.999995 0.0032765 -0.00121264 -0.00327651 0.999994 -0.0668885 0.0296982 0.284184
FixedParameters: 0 0 0

#Transform 151
Transform: AffineTransform_float_3_3
Parameters: 0.999998 0.000556102 0.00156511 -0.000561897 0.999992 0.00377012 -0.00156289 -0.00377087 0.999991 -0.0828587 0.0189084 0.303271
FixedParameters: 0 0 0

#Transform 152
Transform: AffineTransform_float_3_3
Parameters: 0.999999 0.000579887 0.00139414 -0.000585113 0.999993 0.00367019 -0.00139186 -0.00367081 0.999993 -0.0738541 0.0208044 0.304092
FixedParameters: 0 0 0

#Transform 153
Transform: AffineTransform_float_3_3
Parameters: 0.999999 0.000323214 0.00135015 -0.000327785 0.999993 0.00354556 -0.00134885 -0.00354644 0.999993 -0.0657931 0.0246232 0.311465
FixedParameters: 0 0 0

#Transform 154
Transform: AffineTransform_float_3_3
Parameters: 0.999999 0.000450068 0.00145622 -0.000453931 0.999997 0.00270034 -0.00145478 -0.00270166 0.999996 -0.0695758 0.0304155 0.329158
FixedParameters: 0 0 0

#Transform 155
Transform: AffineTransform_float_3_3
Parameters: 0.999999 0.000282393 0.00089183 -0.000284608 0.999995 0.00292475 -0.000891171 -0.00292425 0.999996 -0.0590909 0.037823 0.286265
FixedParameters: 0 0 0

#Transform 156
Transform: AffineTransform_float_3_3
Parameters: 1 0.000710997 0.000861658 -0.000713005 0.999997 0.00232739 -0.000860343 -0.00232761 0.999997 -0.0770505 0.0486377 0.308709
FixedParameters: 0 0 0

#Transform 157
Transform: AffineTransform_float_3_3
Parameters: 1 0.000475626 0.000169056 -0.000475374 0.999998 0.00221992 -0.000167945 -0.00222008 0.999997 -0.067452 0.0276121 0.301796
FixedParameters: 0 0 0

#Transform 158
Transform: AffineTransform_float_3_3
Parameters: 1 0.000789049 0.000729206 -0.000791951 0.999992 0.00405542 -0.000725794 -0.00405657 0.999991 -0.0749365 0.025695 0.322705
FixedParameters: 0 0 0

#Transform 159
Transform: AffineTransform_float_3_3
Parameters: 1 0.000789962 0.00060766 -0.00079204 0.999994 0.00336152 -0.000605341 -0.00336248 0.999994 -0.0793552 0.0265551 0.32185
FixedParameters: 0 0 0

#Transform 160
Transform: AffineTransform_float_3_3
Parameters: 1 0.000788595 0.000870099 -0.000791405 0.999992 0.00392031 -0.000866904 -0.00392069 0.999992 -0.0718657 0.0315205 0.297607
FixedParameters: 0 0 0

#Transform 161
Transform: AffineTransform_float_3_3
Parameters: 0.999999 0.000787135 0.00122614 -0.000791864 0.999992 0.00397203 -0.00122286 -0.00397297 0.999992 -0.0890825 0.0363737 0.302253
FixedParameters: 0 0 0

#Transform 162
Transform: AffineTransform_float_3_3
Parameters: 1 0.00078903 0.000907591 -0.000791972 0.999995 0.00327729 -0.00090541 -0.00327772 0.999994 -0.0846904 0.0323196 0.285536
FixedParameters: 0 0 0

#Transform 163
Transform: AffineTransform_float_3_3
Parameters: 0.999999 0.000731621 0.00119208 -0.000734378 0.999995 0.00283613 -0.00118992 -0.00283687 0.999996 -0.0875431 0.0355112 0.274451
FixedParameters: 0 0 0

#Transform 164
Transform: AffineTransform_float_3_3
Parameters: 0.999999 0.000787839 0.00119276 -0.000792161 0.999993 0.00349206 -0.00119024 -0.00349294 0.999993 -0.0839637 0.0334045 0.294954
FixedParameters: 0 0 0

#Transform 165
Transform: AffineTransform_float_3_3
Parameters: 0.999999 0.000787998 0.00112681 -0.000792004 0.999994 0.00355611 -0.00112419 -0.00355689 0.999993 -0.077595 0.0319032 0.290378
FixedParameters: 0 0 0

#Transform 166
Transform: AffineTransform_float_3_3
Parameters: 0.999999 0.000787805 0.00119278 -0.000792195 0.999993 0.00352006 -0.00119022 -0.00352094 0.999993 -0.0900732 0.0385173 0.315566
FixedParameters: 0 0 0

#Transform 167
Transform: AffineTransform_float_3_3
Parameters: 0.999999 0.00078809 0.00111976 -0.000791912 0.999994 0.00349612 -0.00111724 -0.00349689 0.999994 -0.0955159 0.0463795 0.315827
FixedParameters: 0 0 0

#Transform 168
Transform: AffineTransform_float_3_3
Parameters: 0.999999 0.000788696 0.00119219 -0.000792303 0.999996 0.00277306 -0.00118981 -0.00277394 0.999996 -0.0922475 0.0330458 0.293743
FixedParameters: 0 0 0

#Transform 169
Transform: AffineTransform_float_3_3
Parameters: 0.999999 0.000788421 0.00106366 -0.000791581 0.999994 0.00336916 -0.00106134 -0.00336984 0.999994 -0.0825699 0.0352401 0.310823
FixedParameters: 0 0 0

#Transform 170
Transform: AffineTransform_float_3_3
Parameters: 0.999999 0.000787934 0.0011927 -0.000792066 0.999994 0.00341206 -0.0011903 -0.00341294 0.999994 -0.0861213 0.0365287 0.331906
FixedParameters: 0 0 0

#Transform 171
Transform: AffineTransform_float_3_3
Parameters: 0.999999 0.000788821 0.00111625 -0.000792181 0.999995 0.00285012 -0.00111475 -0.00285088 0.999996 -0.0784726 0.0370851 0.299727
FixedParameters: 0 0 0

#Transform 172
Transform: AffineTransform_float_3_3
Parameters: 0.999999 0.000787728 0.00119283 -0.000792273 0.999994 0.00358506 -0.00119017 -0.00358594 0.999993 -0.0764351 0.0271939 0.305497
FixedParameters: 0 0 0

#Transform 173
Transform: AffineTransform_float_3_3
Parameters: 0.999999 0.000788048 0.00119262 -0.000791954 0.999994 0.00331706 -0.00119038 -0.00331794 0.999994 -0.0809465 0.0370917 0.300268
FixedParameters: 0 0 0

#Transform 174
Transform: AffineTransform_float_3_3
Parameters: 0.999999 0.000788487 0.00119233 -0.000791513 0.999996 0.00294906 -0.00118967 -0.00294994 0.999995 -0.082405 0.0191117 0.316036
FixedParameters: 0 0 0

#Transform 175
Transform: AffineTransform_float_3_3
Parameters: 0.999999 0.000787855 0.00122068 -0.000792143 0.999994 0.00339903 -0.00121731 -0.00339996 0.999993 -0.0746538 0.0445565 0.344814
FixedParameters: 0 0 0

#Transform 176
Transform: AffineTransform_float_3_3
Parameters: 1 0.000789672 0.000751454 -0.000792327 0.999995 0.00310241 -0.000748545 -0.00310359 0.999995 -0.0916746 0.0576845 0.393699
FixedParameters: 0 0 0

#Transform 177
Transform: AffineTransform_float_3_3
Parameters: 0.999999 0.000789731 0.000978835 -0.00079227 0.999997 0.00232023 -0.000977164 -0.00232077 0.999997 -0.0847814 0.0740533 0.352008
FixedParameters: 0 0 0

#Transform 178
Transform: AffineTransform_float_3_3
Parameters: 0.999999 0.000789771 0.000978803 -0.00079223 0.999997 0.00227923 -0.000977197 -0.00227977 0.999997 -0.0965491 0.0691105 0.348148
FixedParameters: 0 0 0

#Transform 179
Transform: AffineTransform_float_3_3
Parameters: 0.999999 0.000712851 0.00105945 -0.000715148 0.999997 0.00202924 -0.00105755 -0.00202976 0.999998 -0.091166 0.0708965 0.333553
FixedParameters: 0 0 0
