#Insight Transform File V1.0
#Transform 0
Transform: AffineTransform_float_3_3
Parameters: 1 -2.21214e-06 0.000457995 -2.12164e-07 0.999989 0.00483 -0.000458004 -0.00483 0.999988 -0.00371898 0.0508077 0.235255
FixedParameters: 0 0 0

#Transform 1
Transform: AffineTransform_float_3_3
Parameters: 1 -1.41226e-06 0.000312997 -4.12266e-07 0.99999 0.004512 -0.000313001 -0.004512 0.99999 -0.00976752 0.0561446 0.236082
FixedParameters: 0 0 0

#Transform 2
Transform: AffineTransform_float_3_3
Parameters: 1 -0.000134635 0.000631444 0.000132363 0.999992 0.00417109 -0.000632558 -0.00417092 0.999991 -0.00536637 0.0547532 0.178619
FixedParameters: 0 0 0

#Transform 3
Transform: AffineTransform_float_3_3
Parameters: 1 -1.69614e-06 0.000404996 3.03842e-07 0.999991 0.004188 -0.000405005 -0.004188 0.999991 0.00969804 0.0461354 0.1794
FixedParameters: 0 0 0

#Transform 4
Transform: AffineTransform_float_3_3
Parameters: 1 -0.000200295 0.000305154 0.000198705 0.999991 0.00423906 -0.000305845 -0.00423894 0.999991 -0.00270479 0.0712176 0.179401
FixedParameters: 0 0 0

#Transform 5
Transform: AffineTransform_float_3_3
Parameters: 1 -0.000128629 0.000681324 0.000125367 0.999986 0.00532408 -0.000682677 -0.00532391 0.999985 0.00584894 0.0554494 0.167777
FixedParameters: 0 0 0

#Transform 6
Transform: AffineTransform_float_3_3
Parameters: 1 -1.47204e-06 0.000375997 -4.72048e-07 0.999993 0.003915 -0.000376001 -0.003915 0.999993 -0.00306136 0.042215 0.179772
FixedParameters: 0 0 0

#Transform 7
Transform: AffineTransform_float_3_3
Parameters: 1 -1.26341e-06 0.000317997 -2.63422e-07 0.999992 0.003973 -0.000318001 -0.003973 0.999992 -0.00257808 0.056845 0.206143
FixedParameters: 0 0 0

#Transform 8
Transform: AffineTransform_float_3_3
Parameters: 1 -2.41019e-06 0.000681995 -4.102e-07 0.999994 0.003534 -0.000682002 -0.003534 0.999993 0.0030657 0.0130487 0.141589
FixedParameters: 0 0 0

#Transform 9
Transform: AffineTransform_float_3_3
Parameters: 1 0 0 0 0.999994 0.003316 0 -0.003316 0.999994 -3e-06 0.0415379 0.163459
FixedParameters: 0 0 0

#Transform 10
Transform: AffineTransform_float_3_3
Parameters: 1 0 0 0 0.999992 0.003979 0 -0.003979 0.999992 -0.004134 0.060311 0.173474
FixedParameters: 0 0 0

#Transform 11
Transform: AffineTransform_float_3_3
Parameters: 1 -5.5578e-07 0.000156999 4.44214e-07 0.999993 0.00354 -0.000157003 -0.00354 0.999993 -0.00127516 0.0398607 0.190254
FixedParameters: 0 0 0

#Transform 12
Transform: AffineTransform_float_3_3
Parameters: 0.999999 -0.000423358 0.000669514 0.000421639 0.999993 0.00351928 -0.000671487 -0.00351871 0.999993 -0.0227339 0.0412099 0.138062
FixedParameters: 0 0 0

#Transform 13
Transform: AffineTransform_float_3_3
Parameters: 1 -0.000421929 0.000302709 0.00042107 0.999995 0.00306213 -0.000304291 -0.00306187 0.999996 -0.0197327 0.0563598 0.167914
FixedParameters: 0 0 0

#Transform 14
Transform: AffineTransform_float_3_3
Parameters: 1 -0.000422521 0.00051676 0.000421478 0.999995 0.00294022 -0.000518241 -0.00294078 0.999995 -0.00767964 0.0459173 0.15132
FixedParameters: 0 0 0

#Transform 15
Transform: AffineTransform_float_3_3
Parameters: 1 -0.00042133 0.000120856 0.00042167 0.999996 0.00271705 -0.000122146 -0.00271695 0.999997 -0.00606803 0.0244253 0.132193
FixedParameters: 0 0 0

#Transform 16
Transform: AffineTransform_float_3_3
Parameters: 1 -0.000312933 0.000361194 0.000312067 0.999996 0.00258011 -0.000361806 -0.00257989 0.999996 -0.00486638 0.0191123 0.104138
FixedParameters: 0 0 0

#Transform 17
Transform: AffineTransform_float_3_3
Parameters: 1 -0.000421975 0.00048916 0.000421025 0.999998 0.00199221 -0.000489839 -0.00199179 0.999998 -0.00234611 0.0456042 0.130133
FixedParameters: 0 0 0

#Transform 18
Transform: AffineTransform_float_3_3
Parameters: 1 -0.000421489 0.000338391 0.000421511 0.999999 0.00144514 -0.000338609 -0.00144486 0.999999 -0.00484499 0.034468 0.0118933
FixedParameters: 0 0 0

#Transform 19
Transform: AffineTransform_float_3_3
Parameters: 1 -0.000421 -1.8103e-07 0.000421 1 0.00043 -1.8103e-07 -0.00043 1 -0.00676546 -0.0140305 -0.197967
FixedParameters: 0 0 0

#Transform 20
Transform: AffineTransform_float_3_3
Parameters: 1 0.000205 5.617e-08 -0.000205 1 0.000274 5.617e-08 -0.000274 1 -0.00596678 0.0100274 -0.00935537
FixedParameters: 0 0 0

#Transform 21
Transform: AffineTransform_float_3_3
Parameters: 1 -0.000115 8.395e-09 0.000115 1 -7.3e-05 8.395e-09 7.3e-05 1 -0.00920735 0.0138878 0.0131968
FixedParameters: 0 0 0

#Transform 22
Transform: AffineTransform_float_3_3
Parameters: 1 -0.000158 -1.896e-09 0.000158 1 1.2e-05 -1.896e-09 -1.2e-05 1 -0.00636891 -0.00548699 0.00999194
FixedParameters: 0 0 0

#Transform 23
Transform: AffineTransform_float_3_3
Parameters: 1 2.5994e-05 0.000497 -2.6006e-05 1 1.19871e-05 -0.000497 -1.20129e-05 1 -0.0101936 -0.0053454 0.0160252
FixedParameters: 0 0 0

#Transform 24
Transform: AffineTransform_float_3_3
Parameters: 1 0.000180732 0.000469103 -0.000181268 1 0.000571915 -0.000468896 -0.000572085 0.999999 -0.0097849 0.00766189 0.0311088
FixedParameters: 0 0 0

#Transform 25
Transform: AffineTransform_float_3_3
Parameters: 1 2.2956e-05 0.000229004 -2.3044e-05 1 0.000191995 -0.000228996 -0.000192005 1 -0.00803355 0.0112329 0.0323344
FixedParameters: 0 0 0

#Transform 26
Transform: AffineTransform_float_3_3
Parameters: 1 0.000205714 0.000402146 -0.000205286 0.999999 0.000709917 -0.000402854 -0.000710083 0.999999 0.00146027 0.00132944 0.0134839
FixedParameters: 0 0 0

#Transform 27
Transform: AffineTransform_float_3_3
Parameters: 1 0.00028 1.988e-07 -0.00028 0.999999 0.00071 1.988e-07 -0.00071 0.999999 -0.00588754 0.0188623 0.0193612
FixedParameters: 0 0 0

#Transform 28
Transform: AffineTransform_float_3_3
Parameters: 1 0.000264 -1.58664e-07 -0.000264 1 -0.000601 -1.58664e-07 0.000601 1 0.00728416 0.0169466 0.0170754
FixedParameters: 0 0 0

#Transform 29
Transform: AffineTransform_float_3_3
Parameters: 1 0.000363 -2.92215e-07 -0.000363 0.999999 -0.000804999 -2.92215e-07 0.000804999 0.999999 0.00797999 0.0111482 -0.0318858
FixedParameters: 0 0 0

#Transform 30
Transform: AffineTransform_float_3_3
Parameters: 0.999999 0.00023967 0.000816511 -0.000238331 0.999998 -0.00204519 -0.000816488 0.0020448 0.999997 0.000193825 -0.0303687 -0.0727777
FixedParameters: 0 0 0

#Transform 31
Transform: AffineTransform_float_3_3
Parameters: 1 0.000660552 0.000853802 -0.000658448 0.999998 -0.00181656 -0.000855197 0.00181544 0.999998 0.0276287 -0.0389401 0.00174614
FixedParameters: 0 0 0

#Transform 32
Transform: AffineTransform_float_3_3
Parameters: 1 0.000142839 0.000514045 -0.000143161 1 0.000313926 -0.000513955 -0.000314073 1 0.00193963 -0.00415985 0.0517855
FixedParameters: 0 0 0

#Transform 33
Transform: AffineTransform_float_3_3
Parameters: 1 0.000473999 9.23352e-07 -0.000474001 0.999998 0.001948 -7.6646e-08 -0.001948 0.999998 -0.0119397 0.0188972 0.0881586
FixedParameters: 0 0 0

#Transform 34
Transform: AffineTransform_float_3_3
Parameters: 1 0.00117607 -0.000102201 -0.00117593 0.999999 0.000679121 0.000103798 -0.000678878 1 -0.0397629 -0.0339975 0.0533827
FixedParameters: 0 0 0

#Transform 35
Transform: AffineTransform_float_3_3
Parameters: 1 0.000540129 -0.00041183 -0.00053987 1 0.000314222 0.000412169 -0.000313777 1 -0.0380939 -0.00542289 0.0547843
FixedParameters: 0 0 0

#Transform 36
Transform: AffineTransform_float_3_3
Parameters: 0.999999 0.000792821 -0.000165858 -0.000792178 0.999999 -0.00108187 0.000164143 0.00108213 1 -0.0146685 -3.55225e-05 0.0107414
FixedParameters: 0 0 0

#Transform 37
Transform: AffineTransform_float_3_3
Parameters: 1 0.000540397 0.000169742 -0.000539603 0.999997 -0.00232809 -0.000171257 0.00232791 0.999998 -0.0214817 -0.0111949 0.0112641
FixedParameters: 0 0 0

#Transform 38
Transform: AffineTransform_float_3_3
Parameters: 1 0.000638903 0.000250712 -0.000638096 0.999994 -0.00358416 -0.000253288 0.00358384 0.999993 -0.0220525 -0.0145762 0.0276118
FixedParameters: 0 0 0

#Transform 39
Transform: AffineTransform_float_3_3
Parameters: 0.999999 0.000277497 -0.00154455 -0.000274502 0.999998 0.00161643 0.00154545 -0.00161657 0.999998 -0.0383857 0.0192791 -0.0691033
FixedParameters: 0 0 0

#Transform 40
Transform: AffineTransform_float_3_3
Parameters: 0.999998 0.000391269 -0.00196437 -0.000382729 0.999991 0.00420776 0.00196663 -0.00420724 0.999989 -0.0349999 0.0742711 0.0132177
FixedParameters: 0 0 0

#Transform 41
Transform: AffineTransform_float_3_3
Parameters: 0.999998 0.00058362 -0.00178517 -0.000578381 0.999995 0.00314704 0.00178683 -0.00314596 0.999994 -0.0361978 0.0778081 0.0315852
FixedParameters: 0 0 0

#Transform 42
Transform: AffineTransform_float_3_3
Parameters: 0.999998 0.0006688 -0.00158398 -0.0006642 0.999995 0.00302906 0.00158602 -0.00302794 0.999994 -0.0252872 0.0620117 0.0235989
FixedParameters: 0 0 0

#Transform 43
Transform: AffineTransform_float_3_3
Parameters: 0.999998 0.000630777 -0.00149783 -0.000628222 0.999998 0.00185394 0.00149917 -0.00185306 0.999997 -0.0345032 0.0231916 -0.00104474
FixedParameters: 0 0 0

#Transform 44
Transform: AffineTransform_float_3_3
Parameters: 0.999997 4.93129e-05 -0.00242312 -5.56889e-05 0.999997 -0.00234687 0.00242388 0.00234713 0.999995 -0.0212594 0.0106457 0.0657988
FixedParameters: 0 0 0

#Transform 45
Transform: AffineTransform_float_3_3
Parameters: 0.999997 0.000689831 -0.00207639 -0.000691167 0.999999 -0.000561566 0.00207561 0.000563433 0.999997 -0.00865363 0.0234607 0.0896513
FixedParameters: 0 0 0

#Transform 46
Transform: AffineTransform_float_3_3
Parameters: 0.999998 0.000564845 -0.00186005 -0.000564155 1 -8.29508e-05 0.00185995 8.40508e-05 0.999999 -0.0155408 0.0259114 0.0531602
FixedParameters: 0 0 0

#Transform 47
Transform: AffineTransform_float_3_3
Parameters: 0.999998 0.000320836 -0.00196603 -0.000320165 1 -8.33707e-05 0.00196597 8.36309e-05 0.999998 -0.0189229 0.026707 0.0627424
FixedParameters: 0 0 0

#Transform 48
Transform: AffineTransform_float_3_3
Parameters: 0.999998 0.000642062 -0.00196663 -0.000643938 1 -0.000984736 0.00196637 0.000986265 0.999997 -0.0280261 0.0643339 0.181883
FixedParameters: 0 0 0

#Transform 49
Transform: AffineTransform_float_3_3
Parameters: 0.999997 0.000424702 -0.00249973 -0.000429298 0.999999 -0.00171893 0.00249927 0.00172007 0.999996 -0.01541 0.0112922 0.17014
FixedParameters: 0 0 0

#Transform 50
Transform: AffineTransform_float_3_3
Parameters: 0.999998 0.00131526 -0.00147395 -0.00132274 0.999986 -0.00526406 0.00146706 0.00526594 0.999985 -0.00973264 -0.0459292 -0.00521681
FixedParameters: 0 0 0

#Transform 51
Transform: AffineTransform_float_3_3
Parameters: 0.999998 0.00144671 -0.00171747 -0.00145229 0.999994 -0.00308351 0.00171253 0.00308549 0.999994 -0.0140165 -0.00557553 0.00384079
FixedParameters: 0 0 0

#Transform 52
Transform: AffineTransform_float_3_3
Parameters: 0.999997 0.00131486 -0.00172125 -0.00132314 0.999988 -0.00473473 0.00171575 0.00473727 0.999988 -0.0108621 -0.0335907 -0.00481989
FixedParameters: 0 0 0

#Transform 53
Transform: AffineTransform_float_3_3
Parameters: 0.999998 0.000978116 -0.00204727 -0.000986883 0.99999 -0.00434299 0.00204273 0.00434501 0.999989 -0.0120481 -0.0332587 -0.00422749
FixedParameters: 0 0 0

#Transform 54
Transform: AffineTransform_float_3_3
Parameters: 0.999997 0.00131396 -0.00204883 -0.00132304 0.99999 -0.0044183 0.00204217 0.0044207 0.999988 -0.0115264 -0.0390347 -0.0678868
FixedParameters: 0 0 0

#Transform 55
Transform: AffineTransform_float_3_3
Parameters: 0.999997 0.0013142 -0.00204867 -0.0013228 0.99999 -0.0043023 0.00204233 0.00430469 0.999988 -0.0115598 -0.0324249 -0.0472698
FixedParameters: 0 0 0

#Transform 56
Transform: AffineTransform_float_3_3
Parameters: 0.999998 0.00105303 -0.00158072 -0.00106597 0.999966 -0.00822433 0.00157228 0.00822667 0.999965 -0.00797638 -0.0568652 -0.0306743
FixedParameters: 0 0 0

#Transform 57
Transform: AffineTransform_float_3_3
Parameters: 0.999998 0.00090557 -0.00136802 -0.000921428 0.999927 -0.0120568 0.00135699 0.0120582 0.999927 -0.0352542 -0.0812863 -0.0420062
FixedParameters: 0 0 0

#Transform 58
Transform: AffineTransform_float_3_3
Parameters: 0.999998 0.000719146 -0.00140911 -0.000731853 0.999964 -0.00842998 0.00140288 0.00843103 0.999964 -0.0349171 -0.0464231 -0.105737
FixedParameters: 0 0 0

#Transform 59
Transform: AffineTransform_float_3_3
Parameters: 0.999998 0.000836838 -0.00175585 -0.000849163 0.999975 -0.00693752 0.00175015 0.00693848 0.999975 -0.0271094 -0.0342849 -0.0431179
FixedParameters: 0 0 0

#Transform 60
Transform: AffineTransform_float_3_3
Parameters: 0.999998 0.000836359 -0.00181488 -0.000849642 0.999976 -0.00697547 0.00180912 0.00697753 0.999974 -0.0317137 -0.0410884 -0.0138242
FixedParameters: 0 0 0

#Transform 61
Transform: AffineTransform_float_3_3
Parameters: 0.999997 0.000834336 -0.00204903 -0.000849664 0.999974 -0.00716628 0.00204296 0.00716772 0.999972 -0.0184288 -0.0661871 -0.0154664
FixedParameters: 0 0 0

#Transform 62
Transform: AffineTransform_float_3_3
Parameters: 0.999997 0.000832981 -0.00204958 -0.000849012 0.999969 -0.00782628 0.00204242 0.00782872 0.999968 -0.019652 -0.0828187 0.0286011
FixedParameters: 0 0 0

#Transform 63
Transform: AffineTransform_float_3_3
Parameters: 0.999997 0.00082921 -0.00205111 -0.000849786 0.999953 -0.00966528 0.00204288 0.00966772 0.999951 -0.00807463 -0.0722689 0.0891284
FixedParameters: 0 0 0

#Transform 64
Transform: AffineTransform_float_3_3
Parameters: 0.999998 0.000833389 -0.00170273 -0.000849614 0.999957 -0.00918857 0.00169527 0.00918943 0.999957 -0.0125664 -0.0601761 0.0596862
FixedParameters: 0 0 0

#Transform 65
Transform: AffineTransform_float_3_3
Parameters: 0.999997 0.000829284 -0.00226432 -0.000849713 0.999961 -0.0087201 0.00225668 0.0087219 0.99996 -0.0182978 -0.0794146 0.0457698
FixedParameters: 0 0 0

#Transform 66
Transform: AffineTransform_float_3_3
Parameters: 0.999997 0.00083061 -0.00205054 -0.000849386 0.99996 -0.00898428 0.00204245 0.00898572 0.999957 -0.0278316 -0.093836 0.0326618
FixedParameters: 0 0 0

#Transform 67
Transform: AffineTransform_float_3_3
Parameters: 0.999999 0.000896107 -0.00113627 -0.000903891 0.999976 -0.00696498 0.00112973 0.00696602 0.999975 -0.0151621 -0.0823445 0.0431435
FixedParameters: 0 0 0

#Transform 68
Transform: AffineTransform_float_3_3
Parameters: 0.999998 0.00113252 -0.00171763 -0.00114747 0.999963 -0.00845004 0.00170736 0.00845195 0.999963 -0.0122955 -0.0629917 0.0879977
FixedParameters: 0 0 0

#Transform 69
Transform: AffineTransform_float_3_3
Parameters: 0.999997 0.000834163 -0.0022735 -0.000848841 0.999979 -0.00653309 0.0022685 0.00653491 0.999976 -0.0247078 -0.0361245 0.0591255
FixedParameters: 0 0 0

#Transform 70
Transform: AffineTransform_float_3_3
Parameters: 0.999997 0.000578935 -0.00239453 -0.000577063 0.999999 0.000809384 0.00239447 -0.000807616 0.999997 -0.0322461 -0.00397434 0.00835313
FixedParameters: 0 0 0

#Transform 71
Transform: AffineTransform_float_3_3
Parameters: 0.999997 0.000846298 -0.00239596 -0.000849702 0.999999 -0.00112697 0.00239504 0.00112903 0.999997 -0.0443471 0.00627857 0.0108751
FixedParameters: 0 0 0

#Transform 72
Transform: AffineTransform_float_3_3
Parameters: 0.999997 0.00084025 -0.00239808 -0.000849749 0.999993 -0.00364998 0.00239491 0.00365203 0.999991 -0.038268 0.00499185 0.0304218
FixedParameters: 0 0 0

#Transform 73
Transform: AffineTransform_float_3_3
Parameters: 0.999997 0.000839879 -0.00221947 -0.000849124 0.999991 -0.00411213 0.00221653 0.00411387 0.999989 -0.0337322 -0.0142387 0.0336611
FixedParameters: 0 0 0

#Transform 74
Transform: AffineTransform_float_3_3
Parameters: 0.999998 0.0008413 -0.00175072 -0.0008497 0.99999 -0.00440152 0.00174728 0.00440348 0.999989 -0.0494846 -0.0552782 -0.0126607
FixedParameters: 0 0 0

#Transform 75
Transform: AffineTransform_float_3_3
Parameters: 0.999998 0.00083895 -0.00185358 -0.000849053 0.999985 -0.00542843 0.00184942 0.00542956 0.999983 -0.048798 -0.0516749 0.0232867
FixedParameters: 0 0 0

#Transform 76
Transform: AffineTransform_float_3_3
Parameters: 0.999997 0.000836047 -0.00239955 -0.000848955 0.999985 -0.00540198 0.00239545 0.00540402 0.999982 -0.0381416 -0.0570379 0.0425232
FixedParameters: 0 0 0

#Transform 77
Transform: AffineTransform_float_3_3
Parameters: 0.999998 0.000606257 -0.00190942 -0.000619747 0.999974 -0.00720483 0.00190558 0.00720617 0.999972 -0.0330946 -0.0990113 -0.0142955
FixedParameters: 0 0 0

#Transform 78
Transform: AffineTransform_float_3_3
Parameters: 0.999991 0.00112512 -0.00410802 -0.00115388 0.999974 -0.00703532 0.00409998 0.00703967 0.999967 -0.0217925 -0.0855756 -0.305282
FixedParameters: 0 0 0

#Transform 79
Transform: AffineTransform_float_3_3
Parameters: 0.999997 0.000828222 -0.00236637 -0.000849774 0.999961 -0.00879301 0.00235862 0.00879498 0.999958 -0.044912 -0.106351 -0.075377
FixedParameters: 0 0 0

#Transform 80
Transform: AffineTransform_float_3_3
Parameters: 0.999998 0.000614343 -0.00192703 -0.000639656 0.999917 -0.0128208 0.00191896 0.0128222 0.999916 -0.0387743 -0.159647 -0.0231483
FixedParameters: 0 0 0

#Transform 81
Transform: AffineTransform_float_3_3
Parameters: 0.999998 0.000817513 -0.00183337 -0.000849482 0.999851 -0.0172405 0.00181862 0.0172415 0.999849 -0.0105706 -0.174185 0.0111856
FixedParameters: 0 0 0

#Transform 82
Transform: AffineTransform_float_3_3
Parameters: 0.999998 0.000817992 -0.00193242 -0.000849001 0.99987 -0.0161004 0.00191858 0.0161016 0.999868 -0.0319102 -0.185357 0.00978789
FixedParameters: 0 0 0

#Transform 83
Transform: AffineTransform_float_3_3
Parameters: 0.999998 0.00027958 -0.00192335 -0.000308416 0.99989 -0.0147924 0.00191865 0.0147926 0.999888 -0.0325732 -0.195124 -0.0356763
FixedParameters: 0 0 0

#Transform 84
Transform: AffineTransform_float_3_3
Parameters: 0.999998 0.000500694 -0.00192603 -0.000527306 0.999907 -0.013682 0.00191896 0.013683 0.999904 -0.032498 -0.178268 0.0765649
FixedParameters: 0 0 0

#Transform 85
Transform: AffineTransform_float_3_3
Parameters: 0.999998 0.000822271 -0.0019306 -0.000849721 0.999903 -0.0138854 0.00191838 0.0138866 0.999901 -0.0320682 -0.164577 0.104458
FixedParameters: 0 0 0

#Transform 86
Transform: AffineTransform_float_3_3
Parameters: 0.999998 0.000250291 -0.00192281 -0.000277713 0.999896 -0.0144245 0.00191919 0.0144245 0.999894 -0.0168875 -0.201863 -0.0182187
FixedParameters: 0 0 0

#Transform 87
Transform: AffineTransform_float_3_3
Parameters: 0.999998 0.000404589 -0.00205565 -0.000437417 0.999875 -0.0157911 0.00204935 0.0157919 0.999873 -0.0179599 -0.192992 0.0847608
FixedParameters: 0 0 0

#Transform 88
Transform: AffineTransform_float_3_3
Parameters: 0.999998 0.000642155 -0.00222826 -0.000679859 0.999855 -0.0170255 0.00221775 0.0170265 0.999852 -0.0131515 -0.184433 0.121989
FixedParameters: 0 0 0

#Transform 89
Transform: AffineTransform_float_3_3
Parameters: 0.999996 0.00080359 -0.00267407 -0.000849411 0.999854 -0.0170248 0.00265992 0.0170262 0.999851 -0.0261405 -0.211091 0.122877
FixedParameters: 0 0 0

#Transform 90
Transform: AffineTransform_float_3_3
Parameters: 0.999997 0.000811523 -0.00205122 -0.000849472 0.999831 -0.0183363 0.00203576 0.0183377 0.99983 -0.0181154 -0.230908 0.12212
FixedParameters: 0 0 0

#Transform 91
Transform: AffineTransform_float_3_3
Parameters: 0.999997 0.000436791 -0.00234048 -0.000480202 0.999829 -0.0184939 0.00233152 0.0184941 0.999826 -0.0159498 -0.200633 0.143718
FixedParameters: 0 0 0

#Transform 92
Transform: AffineTransform_float_3_3
Parameters: 0.999997 0.000650078 -0.00245605 -0.00069392 0.999839 -0.0179244 0.00244395 0.0179267 0.999837 -0.0282146 -0.182402 0.125498
FixedParameters: 0 0 0

#Transform 93
Transform: AffineTransform_float_3_3
Parameters: 0.999997 0.000693729 -0.00225611 -0.000735271 0.999832 -0.0183444 0.00224289 0.0183456 0.999829 -0.029583 -0.226772 0.0541766
FixedParameters: 0 0 0

#Transform 94
Transform: AffineTransform_float_3_3
Parameters: 0.999997 0.000804134 -0.0023846 -0.000848874 0.999822 -0.018874 0.0023694 0.018876 0.999819 -0.0284476 -0.227045 0.0902166
FixedParameters: 0 0 0

#Transform 95
Transform: AffineTransform_float_3_3
Parameters: 0.999998 0.000810973 -0.00193538 -0.00084902 0.999805 -0.0197294 0.00191862 0.0197306 0.999804 -0.0145251 -0.244548 0.10654
FixedParameters: 0 0 0

#Transform 96
Transform: AffineTransform_float_3_3
Parameters: 0.999996 0.000714384 -0.00252595 -0.000762614 0.999821 -0.0188991 0.00251203 0.0189019 0.999818 -0.0162554 -0.216403 0.043527
FixedParameters: 0 0 0

#Transform 97
Transform: AffineTransform_float_3_3
Parameters: 0.999996 0.000802053 -0.0024926 -0.000848957 0.999821 -0.018892 0.0024774 0.0188931 0.999819 -0.0163144 -0.248691 -0.0231445
FixedParameters: 0 0 0

#Transform 98
Transform: AffineTransform_float_3_3
Parameters: 0.999997 0.000540888 -0.00214678 -0.000582115 0.999815 -0.0191958 0.00213622 0.0191972 0.999814 -0.019425 -0.254967 -0.0373142
FixedParameters: 0 0 0

#Transform 99
Transform: AffineTransform_float_3_3
Parameters: 0.999998 0.00056996 -0.00193159 -0.000611027 0.999772 -0.0213129 0.00191841 0.0213141 0.999771 -0.0211934 -0.25155 0.0267914
FixedParameters: 0 0 0

#Transform 100
Transform: AffineTransform_float_3_3
Parameters: 0.999998 0.000395398 -0.00160248 -0.000431614 0.999737 -0.0229053 0.00159353 0.0229057 0.999737 -0.017016 -0.271598 0.0411655
FixedParameters: 0 0 0

#Transform 101
Transform: AffineTransform_float_3_3
Parameters: 0.999999 0.00034579 -0.000892344 -0.000369201 0.999658 -0.0261427 0.000882649 0.0261423 0.999658 -0.0208101 -0.306015 0.0236457
FixedParameters: 0 0 0

#Transform 102
Transform: AffineTransform_float_3_3
Parameters: 0.999999 0.000612592 -0.0016363 -0.000651426 0.999707 -0.024193 0.00162172 0.024194 0.999706 -0.0235036 -0.300033 0.0239201
FixedParameters: 0 0 0

#Transform 103
Transform: AffineTransform_float_3_3
Parameters: 0.999999 0.000394474 -0.00121434 -0.000425518 0.999682 -0.0252415 0.00120364 0.0252415 0.99968 -0.0271957 -0.275754 0.0243936
FixedParameters: 0 0 0

#Transform 104
Transform: AffineTransform_float_3_3
Parameters: 1 0.000278038 -0.00103264 -0.000304972 0.999656 -0.0262027 0.00102536 0.0262023 0.999656 -0.0218694 -0.346834 -0.0106496
FixedParameters: 0 0 0

#Transform 105
Transform: AffineTransform_float_3_3
Parameters: 0.999999 0.000393625 -0.0012289 -0.000429378 0.999581 -0.0289195 0.00121709 0.0289205 0.999581 -0.0271544 -0.359675 0.0358805
FixedParameters: 0 0 0

#Transform 106
Transform: AffineTransform_float_3_3
Parameters: 0.999999 0.000392431 -0.00141451 -0.000434583 0.999543 -0.0302204 0.00140251 0.0302216 0.999542 -0.0257409 -0.350512 0.0782063
FixedParameters: 0 0 0

#Transform 107
Transform: AffineTransform_float_3_3
Parameters: 0.999999 0.000334135 -0.00122932 -0.000369855 0.999571 -0.0292906 0.00121869 0.0292914 0.99957 -0.0203037 -0.356028 0.0208308
FixedParameters: 0 0 0

#Transform 108
Transform: AffineTransform_float_3_3
Parameters: 1 0.000159102 -0.00121457 -0.00019688 0.999511 -0.0312668 0.00120844 0.0312672 0.999511 -0.027551 -0.38412 0.0505606
FixedParameters: 0 0 0

#Transform 109
Transform: AffineTransform_float_3_3
Parameters: 0.999999 0.00032513 -0.00087743 -0.000351887 0.999526 -0.0307987 0.000867574 0.0307993 0.999525 -0.0301796 -0.355113 0.0893162
FixedParameters: 0 0 0

#Transform 110
Transform: AffineTransform_float_3_3
Parameters: 1 0.000306789 -0.00101496 -0.000338181 0.999523 -0.0308947 0.00100403 0.0308953 0.999522 -0.0290824 -0.364025 0.131434
FixedParameters: 0 0 0

#Transform 111
Transform: AffineTransform_float_3_3
Parameters: 0.999999 0.00022016 -0.000811153 -0.000244836 0.999527 -0.0307518 0.000803851 0.0307512 0.999526 -0.0581557 -0.329564 0.456744
FixedParameters: 0 0 0

#Transform 112
Transform: AffineTransform_float_3_3
Parameters: 0.999997 0.0010789 -0.00213373 -0.00114511 0.999512 -0.0312236 0.00209927 0.0312254 0.99951 -0.0314323 -0.373919 0.907105
FixedParameters: 0 0 0

#Transform 113
Transform: AffineTransform_float_3_3
Parameters: 0.999998 0.000793663 -0.00177086 -0.000849343 0.999505 -0.0314706 0.00174514 0.0314715 0.999503 -0.0720033 -0.386724 0.775319
FixedParameters: 0 0 0

#Transform 114
Transform: AffineTransform_float_3_3
Parameters: 0.999999 0.00079246 -0.00166609 -0.000849539 0.999414 -0.0342147 0.00163789 0.0342154 0.999413 -0.0518353 -0.399046 0.808098
FixedParameters: 0 0 0

#Transform 115
Transform: AffineTransform_float_3_3
Parameters: 0.999999 0.00080345 -0.00125632 -0.000849539 0.999327 -0.036687 0.00122566 0.036688 0.999326 -0.0430957 -0.451576 0.705486
FixedParameters: 0 0 0

#Transform 116
Transform: AffineTransform_float_3_3
Parameters: 1 0.000825599 -0.000602453 -0.000849424 0.999202 -0.0399375 0.000569531 0.0399375 0.999202 -0.0386109 -0.448422 0.766434
FixedParameters: 0 0 0

#Transform 117
Transform: AffineTransform_float_3_3
Parameters: 0.999999 0.000836891 -0.000314348 -0.000849094 0.99917 -0.0407307 0.000279648 0.0407302 0.99917 -0.0373752 -0.491296 0.580957
FixedParameters: 0 0 0

#Transform 118
Transform: AffineTransform_float_3_3
Parameters: 1 0.00032963 -0.0002933 -0.000341358 0.999213 -0.0396499 0.000279685 0.0396501 0.999213 -0.0496874 -0.496526 0.607833
FixedParameters: 0 0 0

#Transform 119
Transform: AffineTransform_float_3_3
Parameters: 0.999999 0.000837408 -0.000312965 -0.000849591 0.999235 -0.0390797 0.000280012 0.0390802 0.999236 -0.0379996 -0.480698 0.607228
FixedParameters: 0 0 0

#Transform 120
Transform: AffineTransform_float_3_3
Parameters: 0.999999 0.000777514 -0.000310473 -0.000789467 0.999243 -0.0388908 0.000279509 0.0388903 0.999244 -0.0351043 -0.483114 0.586015
FixedParameters: 0 0 0

#Transform 121
Transform: AffineTransform_float_3_3
Parameters: 0.999999 0.000833742 -0.000404122 -0.000849252 0.999225 -0.0393517 0.000370867 0.0393523 0.999226 -0.0321512 -0.506602 0.572046
FixedParameters: 0 0 0

#Transform 122
Transform: AffineTransform_float_3_3
Parameters: 1 0.000820538 -0.000740799 -0.00084947 0.999228 -0.0392754 0.000708184 0.0392756 0.999228 -0.0296578 -0.46592 0.633582
FixedParameters: 0 0 0

#Transform 123
Transform: AffineTransform_float_3_3
Parameters: 1 0.00081821 -0.0008084 -0.000849775 0.999244 -0.0388523 0.00077557 0.0388526 0.999244 -0.0278927 -0.50419 0.611796
FixedParameters: 0 0 0

#Transform 124
Transform: AffineTransform_float_3_3
Parameters: 0.999999 0.000888554 -0.00100823 -0.000927437 0.999247 -0.0387951 0.000972752 0.0387959 0.999246 -0.0171221 -0.50484 0.63745
FixedParameters: 0 0 0

#Transform 125
Transform: AffineTransform_float_3_3
Parameters: 0.999999 0.000806408 -0.00105884 -0.000849598 0.999164 -0.0408611 0.00102514 0.0408619 0.999165 -0.0197941 -0.507117 0.743323
FixedParameters: 0 0 0

#Transform 126
Transform: AffineTransform_float_3_3
Parameters: 0.999999 0.00102212 -0.000730223 -0.00105088 0.99917 -0.0407163 0.000687783 0.0407168 0.999171 -0.0229638 -0.530083 0.726772
FixedParameters: 0 0 0

#Transform 127
Transform: AffineTransform_float_3_3
Parameters: 0.999998 0.00178396 -0.00102129 -0.00182503 0.999129 -0.0417043 0.00094571 0.0417058 0.99913 -0.00979232 -0.543491 0.673992
FixedParameters: 0 0 0

#Transform 128
Transform: AffineTransform_float_3_3
Parameters: 0.999996 0.00190163 -0.00234145 -0.00200039 0.999083 -0.0427525 0.00225854 0.0427565 0.999083 0.0271264 -0.575014 0.177002
FixedParameters: 0 0 0

#Transform 129
Transform: AffineTransform_float_3_3
Parameters: 0.999994 0.00188551 -0.00282001 -0.00199949 0.999151 -0.0411636 0.00274001 0.0411694 0.999149 0.00154673 -0.517387 0.293807
FixedParameters: 0 0 0

#Transform 130
Transform: AffineTransform_float_3_3
Parameters: 0.999997 0.00110748 -0.00183899 -0.00118152 0.999157 -0.0410299 0.00179203 0.0410321 0.999156 -0.0233365 -0.529967 0.312771
FixedParameters: 0 0 0

#Transform 131
Transform: AffineTransform_float_3_3
Parameters: 0.999997 0.00136218 -0.00170314 -0.00143281 0.999104 -0.0422966 0.00164386 0.0422993 0.999103 -0.0148898 -0.5507 0.454572
FixedParameters: 0 0 0

#Transform 132
Transform: AffineTransform_float_3_3
Parameters: 0.999998 0.00157955 -0.00105914 -0.00162444 0.999013 -0.0443774 0.000987885 0.0443786 0.999015 -0.00960692 -0.576134 0.474875
FixedParameters: 0 0 0

#Transform 133
Transform: AffineTransform_float_3_3
Parameters: 0.999999 0.00171099 -0.00029068 -0.00172302 0.99884 -0.0481256 0.000208319 0.0481264 0.998841 -0.00211629 -0.613662 0.50323
FixedParameters: 0 0 0

#Transform 134
Transform: AffineTransform_float_3_3
Parameters: 0.999999 0.00116214 -0.000442219 -0.00118185 0.998849 -0.0479375 0.000385789 0.0479375 0.998851 -0.0151198 -0.617432 0.433345
FixedParameters: 0 0 0

#Transform 135
Transform: AffineTransform_float_3_3
Parameters: 0.999999 0.00119153 -0.000948343 -0.00123445 0.998883 -0.0472359 0.000890683 0.0472371 0.998884 -0.00384682 -0.65621 0.265566
FixedParameters: 0 0 0

#Transform 136
Transform: AffineTransform_float_3_3
Parameters: 0.999999 0.00168695 -0.000753013 -0.00172204 0.998784 -0.0492588 0.000668985 0.0492602 0.998786 0.00279121 -0.656001 0.266744
FixedParameters: 0 0 0

#Transform 137
Transform: AffineTransform_float_3_3
Parameters: 0.999999 0.0013209 -0.000645626 -0.00135012 0.998794 -0.0490932 0.000580418 0.0490938 0.998794 0.000912736 -0.622162 0.301139
FixedParameters: 0 0 0

#Transform 138
Transform: AffineTransform_float_3_3
Parameters: 0.999998 0.0018123 -0.000725614 -0.00184572 0.998772 -0.0495077 0.0006354 0.0495092 0.998773 -0.000959971 -0.622093 0.352105
FixedParameters: 0 0 0

#Transform 139
Transform: AffineTransform_float_3_3
Parameters: 0.999999 0.00170343 -0.000294388 -0.0017156 0.998752 -0.0499116 0.000209633 0.0499114 0.998753 0.0022887 -0.641747 0.300394
FixedParameters: 0 0 0

#Transform 140
Transform: AffineTransform_float_3_3
Parameters: 0.999998 0.00197074 -0.000310024 -0.00198326 0.998694 -0.0510565 0.000209013 0.0510575 0.998695 0.00687581 -0.648025 0.345886
FixedParameters: 0 0 0

#Transform 141
Transform: AffineTransform_float_3_3
Parameters: 0.999999 0.00172969 -0.000702391 -0.0017633 0.998719 -0.0505819 0.000613593 0.0505832 0.998719 0.00520912 -0.628742 0.329232
FixedParameters: 0 0 0

#Transform 142
Transform: AffineTransform_float_3_3
Parameters: 0.999998 0.00169802 -0.000296504 -0.001712 0.998681 -0.0513026 0.000209446 0.0513024 0.998683 0.00928972 -0.673703 0.246126
FixedParameters: 0 0 0

#Transform 143
Transform: AffineTransform_float_3_3
Parameters: 0.999999 0.001839 0.000176354 -0.00182697 0.998581 -0.0532334 -0.000274646 0.0532336 0.998582 0.0128902 -0.686658 0.329833
FixedParameters: 0 0 0

#Transform 144
Transform: AffineTransform_float_3_3
Parameters: 0.999999 0.00160198 -0.000832232 -0.00164301 0.998652 -0.0518797 0.000747767 0.0518813 0.998653 0.000584294 -0.659763 0.403011
FixedParameters: 0 0 0

#Transform 145
Transform: AffineTransform_float_3_3
Parameters: 0.999998 0.001614 -0.000604028 -0.001643 0.998669 -0.0515641 0.000519971 0.0515649 0.998669 0.00539054 -0.663607 0.391903
FixedParameters: 0 0 0

#Transform 146
Transform: AffineTransform_float_3_3
Parameters: 0.999998 0.00193299 -0.000184488 -0.00193998 0.998626 -0.0523717 8.25121e-05 0.0523722 0.998627 0.00919082 -0.687837 0.390002
FixedParameters: 0 0 0

#Transform 147
Transform: AffineTransform_float_3_3
Parameters: 0.999998 0.00196778 -0.000421612 -0.00198723 0.998652 -0.0518573 0.000319375 0.0518587 0.998655 0.0017807 -0.677929 0.407821
FixedParameters: 0 0 0

#Transform 148
Transform: AffineTransform_float_3_3
Parameters: 0.999997 0.0019932 -0.000783041 -0.0020308 0.998662 -0.0516725 0.000678968 0.0516745 0.998664 0.00044951 -0.650847 0.437751
FixedParameters: 0 0 0

#Transform 149
Transform: AffineTransform_float_3_3
Parameters: 0.999998 0.00140503 -0.000775204 -0.00144296 0.998678 -0.0513719 0.0007018 0.051372 0.99868 -0.000191159 -0.612878 0.455586
FixedParameters: 0 0 0

#Transform 150
Transform: AffineTransform_float_3_3
Parameters: 0.999994 0.00126629 -0.00302031 -0.0013937 0.999103 -0.042327 0.00296366 0.042331 0.999099 -0.0297744 -0.520579 0.447243
FixedParameters: 0 0 0

#Transform 151
Transform: AffineTransform_float_3_3
Parameters: 0.999995 0.00104209 -0.00273643 -0.00115894 0.999071 -0.043076 0.00268957 0.043079 0.999068 -0.0390997 -0.565945 0.369995
FixedParameters: 0 0 0

#Transform 152
Transform: AffineTransform_float_3_3
Parameters: 0.999996 0.00131703 -0.00260007 -0.00143296 0.998981 -0.0451145 0.00253793 0.0451185 0.998979 -0.0174358 -0.578419 0.432468
FixedParameters: 0 0 0

#Transform 153
Transform: AffineTransform_float_3_3
Parameters: 0.999996 0.00105771 -0.00232578 -0.0011593 0.999032 -0.0439905 0.00227721 0.0439926 0.99903 -0.00982725 -0.575713 0.289746
FixedParameters: 0 0 0

#Transform 154
Transform: AffineTransform_float_3_3
Parameters: 0.999997 0.000816904 -0.00226292 -0.0009201 0.998944 -0.045939 0.00222308 0.0459409 0.998941 -0.00711025 -0.63689 0.290139
FixedParameters: 0 0 0

#Transform 155
Transform: AffineTransform_float_3_3
Parameters: 0.999996 0.00115765 -0.00233775 -0.00126436 0.99894 -0.0460162 0.00228223 0.0460188 0.998938 -0.00559957 -0.622252 0.328594
FixedParameters: 0 0 0

#Transform 156
Transform: AffineTransform_float_3_3
Parameters: 0.999996 0.00112619 -0.00259099 -0.00124081 0.998997 -0.0447459 0.00253802 0.044749 0.998995 -0.0133847 -0.577257 0.352267
FixedParameters: 0 0 0

#Transform 157
Transform: AffineTransform_float_3_3
Parameters: 0.999997 0.000999906 -0.00220419 -0.00109713 0.998988 -0.0449607 0.00215785 0.0449633 0.998987 -0.0167823 -0.613167 0.332323
FixedParameters: 0 0 0

#Transform 158
Transform: AffineTransform_float_3_3
Parameters: 0.999998 0.0010085 -0.00200459 -0.00109752 0.998979 -0.0451589 0.00195743 0.0451611 0.998978 -0.0302979 -0.615675 0.326498
FixedParameters: 0 0 0

#Transform 159
Transform: AffineTransform_float_3_3
Parameters: 0.999998 0.00100752 -0.00201582 -0.00109749 0.998968 -0.0454019 0.0019682 0.0454041 0.998967 -0.0447232 -0.5726 0.403247
FixedParameters: 0 0 0

#Transform 160
Transform: AffineTransform_float_3_3
Parameters: 0.999999 0.00102981 -0.00152533 -0.00109718 0.998968 -0.0454024 0.00147671 0.0454036 0.998967 -0.0486425 -0.629321 0.366505
FixedParameters: 0 0 0

#Transform 161
Transform: AffineTransform_float_3_3
Parameters: 0.999999 0.00102957 -0.00148486 -0.00109744 0.998901 -0.0468464 0.00143516 0.0468475 0.998901 -0.0370971 -0.618626 0.381619
FixedParameters: 0 0 0

#Transform 162
Transform: AffineTransform_float_3_3
Parameters: 0.999999 0.00107106 -0.000599865 -0.0010979 0.9989 -0.0468744 0.000548139 0.0468746 0.9989 -0.0426058 -0.644262 0.372864
FixedParameters: 0 0 0

#Transform 163
Transform: AffineTransform_float_3_3
Parameters: 0.999999 0.00106671 -0.00069738 -0.00109732 0.998916 -0.0465213 0.000647653 0.0465217 0.998917 -0.0400056 -0.658367 0.360167
FixedParameters: 0 0 0

#Transform 164
Transform: AffineTransform_float_3_3
Parameters: 0.999999 0.0010645 -0.000733191 -0.00109749 0.99888 -0.0473172 0.000681833 0.0473178 0.998879 -0.0364728 -0.672047 0.404417
FixedParameters: 0 0 0

#Transform 165
Transform: AffineTransform_float_3_3
Parameters: 1 0.00107145 -0.000580889 -0.0010975 0.998856 -0.0478084 0.000528133 0.0478096 0.998857 -0.0380087 -0.637579 0.442475
FixedParameters: 0 0 0

#Transform 166
Transform: AffineTransform_float_3_3
Parameters: 1 0.00109657 -5.6118e-05 -0.00109743 0.998784 -0.04929 1.91007e-06 0.0492901 0.998785 -0.0340024 -0.697582 0.364916
FixedParameters: 0 0 0

#Transform 167
Transform: AffineTransform_float_3_3
Parameters: 1 0.00110203 5.29252e-05 -0.00109797 0.998747 -0.0500361 -0.000108073 0.0500359 0.998748 -0.037676 -0.669297 0.401199
FixedParameters: 0 0 0

#Transform 168
Transform: AffineTransform_float_3_3
Parameters: 0.999999 0.00142215 2.57212e-05 -0.00141989 0.998706 -0.0508471 -9.73229e-05 0.0508469 0.998706 -0.0327769 -0.667814 0.477004
FixedParameters: 0 0 0

#Transform 169
Transform: AffineTransform_float_3_3
Parameters: 0.999999 0.00173417 0.000698719 -0.00169587 0.998613 -0.0526193 -0.000788327 0.0526178 0.998615 -0.0208283 -0.70675 0.447619
FixedParameters: 0 0 0

#Transform 170
Transform: AffineTransform_float_3_3
Parameters: 0.999997 0.00197389 0.000778416 -0.00192813 0.998479 -0.0551036 -0.000885592 0.0551024 0.998481 -0.01777 -0.728186 0.476338
FixedParameters: 0 0 0

#Transform 171
Transform: AffineTransform_float_3_3
Parameters: 0.999998 0.0019681 0.000665466 -0.00192793 0.998448 -0.0556714 -0.000773528 0.0556696 0.998449 -0.0297721 -0.70299 0.559821
FixedParameters: 0 0 0

#Transform 172
Transform: AffineTransform_float_3_3
Parameters: 0.999996 0.00202084 0.00160349 -0.00192813 0.998433 -0.0559303 -0.00171452 0.0559267 0.998434 -0.0410712 -0.709397 0.544996
FixedParameters: 0 0 0

#Transform 173
Transform: AffineTransform_float_3_3
Parameters: 0.999997 0.00243239 0.00116298 -0.00236261 0.998365 -0.057112 -0.00130005 0.0571091 0.998367 -0.0335393 -0.751514 0.460844
FixedParameters: 0 0 0

#Transform 174
Transform: AffineTransform_float_3_3
Parameters: 0.999996 0.00239649 0.00104849 -0.00233153 0.998282 -0.0585476 -0.00118654 0.0585444 0.998284 -0.0128432 -0.748881 0.509055
FixedParameters: 0 0 0

#Transform 175
Transform: AffineTransform_float_3_3
Parameters: 0.999996 0.0028492 0.0011445 -0.00277683 0.998267 -0.0587825 -0.00130949 0.0587796 0.99827 -0.0108146 -0.737435 0.540234
FixedParameters: 0 0 0

#Transform 176
Transform: AffineTransform_float_3_3
Parameters: 0.999995 0.00271778 0.0015543 -0.00262017 0.998207 -0.0597863 -0.00171471 0.0597826 0.99821 -0.00618631 -0.790112 0.489997
FixedParameters: 0 0 0

#Transform 177
Transform: AffineTransform_float_3_3
Parameters: 0.999993 0.00296548 0.00216984 -0.00282951 0.99817 -0.0604065 -0.00234519 0.0603994 0.998171 -0.0044271 -0.791576 0.459306
FixedParameters: 0 0 0

#Transform 178
Transform: AffineTransform_float_3_3
Parameters: 0.999993 0.00316756 0.00196186 -0.00304243 0.998162 -0.0605334 -0.0021501 0.0605277 0.998164 0.00975595 -0.755443 0.528363
FixedParameters: 0 0 0

#Transform 179
Transform: AffineTransform_float_3_3
Parameters: 0.999994 0.0030741 0.00194485 -0.00295089 0.998169 -0.0604111 -0.00212714 0.0604049 0.998171 0.000757724 -0.781072 0.434296
FixedParameters: 0 0 0
