#Insight Transform File V1.0
#Transform 0
Transform: AffineTransform_float_3_3
Parameters: 1 -3.094e-09 -7e-06 -3.094e-09 1 -0.000442 7e-06 0.000442 1 -0.0325483 0.0185597 0.0410819
FixedParameters: 0 0 0

#Transform 1
Transform: AffineTransform_float_3_3
Parameters: 1 2.162e-08 2e-05 2.162e-08 1 -0.001081 -2e-05 0.001081 1 -0.0222646 0.0245238 0.0154742
FixedParameters: 0 0 0

#Transform 2
Transform: AffineTransform_float_3_3
Parameters: 1 -0.000351003 -5.78799e-06 0.000350996 1 -0.000604002 6.212e-06 0.000603998 1 -0.0314565 0.0381079 0.0212446
FixedParameters: 0 0 0

#Transform 3
Transform: AffineTransform_float_3_3
Parameters: 1 1.33042e-07 0.000301 1.33042e-07 1 -0.000442 -0.000301 0.000442 1 -0.0282146 0.0361372 0.0196294
FixedParameters: 0 0 0

#Transform 4
Transform: AffineTransform_float_3_3
Parameters: 1 -1.032e-09 -3e-06 -1.032e-09 1 -0.000344 3e-06 0.000344 1 -0.031687 0.0155604 0.00861763
FixedParameters: 0 0 0

#Transform 5
Transform: AffineTransform_float_3_3
Parameters: 1 2.00226e-07 0.000453 2.00226e-07 1 -0.000442 -0.000453 0.000442 1 -0.0255148 0.00564768 -0.017752
FixedParameters: 0 0 0

#Transform 6
Transform: AffineTransform_float_3_3
Parameters: 1 0.000130008 1.89425e-05 -0.000129992 1 -0.000442002 -1.90575e-05 0.000441997 1 -0.0195182 0.0173032 -0.0111631
FixedParameters: 0 0 0

#Transform 7
Transform: AffineTransform_float_3_3
Parameters: 1 0.0001462 0.000452935 -0.0001458 1 -0.000442066 -0.000453064 0.000441934 1 -0.0122731 0.00878022 -0.00743556
FixedParameters: 0 0 0

#Transform 8
Transform: AffineTransform_float_3_3
Parameters: 1 2.00226e-07 0.000453 2.00226e-07 1 -0.000442 -0.000453 0.000442 1 -0.0305551 0.014477 -0.0161128
FixedParameters: 0 0 0

#Transform 9
Transform: AffineTransform_float_3_3
Parameters: 1 -6.63e-09 -8.5e-05 -6.63e-09 1 -7.8e-05 8.5e-05 7.8e-05 1 -0.0297838 0.00755733 0.0165514
FixedParameters: 0 0 0

#Transform 10
Transform: AffineTransform_float_3_3
Parameters: 1 6.9015e-05 4.99793e-05 -6.8985e-05 1 -0.000300003 -5.00207e-05 0.000299997 1 -0.0181767 0.023785 -0.00312975
FixedParameters: 0 0 0

#Transform 11
Transform: AffineTransform_float_3_3
Parameters: 1 -1.82e-10 -1e-06 -1.82e-10 1 -0.000182 1e-06 0.000182 1 -0.00835501 0.00876804 0.000366958
FixedParameters: 0 0 0

#Transform 12
Transform: AffineTransform_float_3_3
Parameters: 1 -3.64e-10 -2e-06 -3.64e-10 1 -0.000182 2e-06 0.000182 1 -0.010865 0.0108104 -0.0235426
FixedParameters: 0 0 0

#Transform 13
Transform: AffineTransform_float_3_3
Parameters: 1 -0.00020001 -0.00020099 0.00019999 1 -5.10402e-05 0.00020101 5.19598e-05 1 -0.0172149 -0.00755997 -0.0180323
FixedParameters: 0 0 0

#Transform 14
Transform: AffineTransform_float_3_3
Parameters: 1 -2.0148e-08 0.000138 -2.0148e-08 1 0.000146 -0.000138 -0.000146 1 -0.0270139 0.0245979 -0.026059
FixedParameters: 0 0 0

#Transform 15
Transform: AffineTransform_float_3_3
Parameters: 1 2.31e-08 -0.000165 2.31e-08 1 0.00014 0.000165 -0.00014 1 -0.029036 0.0162906 0.0135035
FixedParameters: 0 0 0

#Transform 16
Transform: AffineTransform_float_3_3
Parameters: 1 -1.4455e-08 -0.000245 -1.4455e-08 1 -5.9e-05 0.000245 5.9e-05 1 -0.0227021 0.024169 -0.00433817
FixedParameters: 0 0 0

#Transform 17
Transform: AffineTransform_float_3_3
Parameters: 1 -2.6e-10 -5.2e-05 -2.6e-10 1 -5e-06 5.2e-05 5e-06 1 0.000244792 0.028054 -0.000895716
FixedParameters: 0 0 0

#Transform 18
Transform: AffineTransform_float_3_3
Parameters: 1 -9.84e-10 -2e-06 -9.84e-10 1 -0.000492 2e-06 0.000492 1 -0.015637 -0.00451696 -0.00904349
FixedParameters: 0 0 0

#Transform 19
Transform: AffineTransform_float_3_3
Parameters: 1 0.00025 -1.9815e-06 -0.00025 1 7.40005e-05 2.0185e-06 -7.39995e-05 1 -0.0132707 0.012552 -0.0127886
FixedParameters: 0 0 0

#Transform 20
Transform: AffineTransform_float_3_3
Parameters: 1 1.7328e-08 -0.000114 1.7328e-08 1 0.000152 0.000114 -0.000152 1 -0.0113591 0.0160745 0.00475299
FixedParameters: 0 0 0

#Transform 21
Transform: AffineTransform_float_3_3
Parameters: 1 1.48e-10 -2e-06 1.48e-10 1 7.4e-05 2e-06 -7.4e-05 1 -0.015239 0.0277028 0.00591528
FixedParameters: 0 0 0

#Transform 22
Transform: AffineTransform_float_3_3
Parameters: 1 1.48e-10 -2e-06 1.48e-10 1 7.4e-05 2e-06 -7.4e-05 1 -0.018845 0.0131068 0.00591635
FixedParameters: 0 0 0

#Transform 23
Transform: AffineTransform_float_3_3
Parameters: 1 8.732e-09 -0.000118 8.732e-09 1 7.4e-05 0.000118 -7.4e-05 1 -0.0234984 0.0242579 0.00687432
FixedParameters: 0 0 0

#Transform 24
Transform: AffineTransform_float_3_3
Parameters: 1 9.30009e-05 -1.9575e-06 -9.29995e-05 1 0.000457 1.0425e-06 -0.000457 1 -0.0285827 0.0216715 0.0311441
FixedParameters: 0 0 0

#Transform 25
Transform: AffineTransform_float_3_3
Parameters: 1 7.94e-10 -2e-06 7.94e-10 1 0.000397 2e-06 -0.000397 1 -0.022779 0.048408 -0.00744993
FixedParameters: 0 0 0

#Transform 26
Transform: AffineTransform_float_3_3
Parameters: 1 2.3e-10 -2e-06 2.3e-10 1 0.000115 2e-06 -0.000115 1 -0.027982 0.0298225 -0.000439765
FixedParameters: 0 0 0

#Transform 27
Transform: AffineTransform_float_3_3
Parameters: 1 6.48e-10 -2e-06 6.48e-10 1 0.000324 2e-06 -0.000324 1 -0.018674 0.0224644 -0.0158841
FixedParameters: 0 0 0

#Transform 28
Transform: AffineTransform_float_3_3
Parameters: 1 4.3066e-08 -0.000122 4.3066e-08 1 0.000353 0.000122 -0.000353 1 -0.0179729 0.00684493 -0.0136085
FixedParameters: 0 0 0

#Transform 29
Transform: AffineTransform_float_3_3
Parameters: 1 6.00009e-05 -1.9727e-06 -5.99991e-05 1 0.000455 2.0273e-06 -0.000455 1 -0.0170467 0.0175337 -0.0135963
FixedParameters: 0 0 0

#Transform 30
Transform: AffineTransform_float_3_3
Parameters: 1 1.92465e-07 -0.000423 1.92465e-07 1 0.000455 0.000423 -0.000455 1 -0.019857 0.00660999 -0.00492024
FixedParameters: 0 0 0

#Transform 31
Transform: AffineTransform_float_3_3
Parameters: 1 9.471e-08 -0.000385 9.471e-08 1 0.000246 0.000385 -0.000246 1 -0.0304408 0.0276437 0.0100687
FixedParameters: 0 0 0

#Transform 32
Transform: AffineTransform_float_3_3
Parameters: 1 9.1e-10 -2e-06 9.1e-10 1 0.000455 2e-06 -0.000455 1 -0.017361 0.0181227 0.0186035
FixedParameters: 0 0 0

#Transform 33
Transform: AffineTransform_float_3_3
Parameters: 1 1.4877e-07 -0.000522 1.4877e-07 1 0.000285 0.000522 -0.000285 1 -0.0313158 0.0225626 0.00427274
FixedParameters: 0 0 0

#Transform 34
Transform: AffineTransform_float_3_3
Parameters: 1 -4.98931e-05 -0.000235023 5.01069e-05 1 0.000454988 0.000234977 -0.000455012 1 -0.0292034 0.0380433 0.0100277
FixedParameters: 0 0 0

#Transform 35
Transform: AffineTransform_float_3_3
Parameters: 1 1.12941e-07 -0.000423 1.12941e-07 1 0.000267 0.000423 -0.000267 1 -0.0307229 0.0187494 -0.0145276
FixedParameters: 0 0 0

#Transform 36
Transform: AffineTransform_float_3_3
Parameters: 1 7.638e-08 -0.000268 7.638e-08 1 0.000285 0.000268 -0.000285 1 -0.0297028 0.0189101 0.00935526
FixedParameters: 0 0 0

#Transform 37
Transform: AffineTransform_float_3_3
Parameters: 1 -0.000167966 -0.000405014 0.000168034 1 8.49319e-05 0.000404986 -8.5068e-05 1 -0.0296332 -0.00225622 0.00930524
FixedParameters: 0 0 0

#Transform 38
Transform: AffineTransform_float_3_3
Parameters: 1 1.61968e-07 -0.000424 1.61968e-07 1 0.000382 0.000424 -0.000382 1 -0.0238988 0.0203271 0.0111432
FixedParameters: 0 0 0

#Transform 39
Transform: AffineTransform_float_3_3
Parameters: 1 5.159e-09 -0.000469 5.159e-09 1 1.1e-05 0.000469 -1.1e-05 1 -0.0332343 -0.00452378 0.0150217
FixedParameters: 0 0 0

#Transform 40
Transform: AffineTransform_float_3_3
Parameters: 1 9.4457e-08 -0.000277 9.4457e-08 1 0.000341 0.000277 -0.000341 1 -0.0203391 0.022658 0.00975265
FixedParameters: 0 0 0

#Transform 41
Transform: AffineTransform_float_3_3
Parameters: 1 6.6176e-08 -0.000352 6.6176e-08 1 0.000188 0.000352 -0.000188 1 -0.0302539 0.0196177 0.0202681
FixedParameters: 0 0 0

#Transform 42
Transform: AffineTransform_float_3_3
Parameters: 1 5.304e-09 -0.000408 5.304e-09 1 1.3e-05 0.000408 -1.3e-05 1 -0.0172066 0.0114092 0.00882408
FixedParameters: 0 0 0

#Transform 43
Transform: AffineTransform_float_3_3
Parameters: 1 -0.000211775 -0.000408117 0.000212225 1 0.000551913 0.000407883 -0.000552086 1 -0.0293553 0.0116994 0.0119856
FixedParameters: 0 0 0

#Transform 44
Transform: AffineTransform_float_3_3
Parameters: 1 -9.58633e-05 -0.000408032 9.51367e-05 1 0.000334961 0.000407968 -0.000335039 1 -0.0299547 0.0238725 -0.00582217
FixedParameters: 0 0 0

#Transform 45
Transform: AffineTransform_float_3_3
Parameters: 1 2.31336e-07 -0.000408 2.31336e-07 1 0.000567 0.000408 -0.000567 1 -0.0161191 0.0111532 -0.00456021
FixedParameters: 0 0 0

#Transform 46
Transform: AffineTransform_float_3_3
Parameters: 1 -9.3186e-05 -0.000407957 9.28139e-05 1 -0.000456038 0.000408042 0.000455962 1 -0.0189148 -0.0112381 -0.0378738
FixedParameters: 0 0 0

#Transform 47
Transform: AffineTransform_float_3_3
Parameters: 1 8.73935e-07 -0.000407999 -1.26062e-07 0.999997 0.002142 0.000408001 -0.002142 0.999997 -0.0305864 0.016846 0.0354059
FixedParameters: 0 0 0

#Transform 48
Transform: AffineTransform_float_3_3
Parameters: 1 -1.15056e-07 -0.000408 -1.15056e-07 1 -0.000282 0.000408 0.000282 1 -0.0127718 -0.00354406 -0.0153059
FixedParameters: 0 0 0

#Transform 49
Transform: AffineTransform_float_3_3
Parameters: 1 8.7312e-08 -0.000408 8.7312e-08 1 0.000214 0.000408 -0.000214 1 -0.012544 0.0193569 -0.0195859
FixedParameters: 0 0 0

#Transform 50
Transform: AffineTransform_float_3_3
Parameters: 1 1.51368e-07 -0.000408 1.51368e-07 1 0.000371 0.000408 -0.000371 1 -0.0125431 0.0200887 -0.0218911
FixedParameters: 0 0 0

#Transform 51
Transform: AffineTransform_float_3_3
Parameters: 1 0.000199176 -0.000533934 -0.000198824 1 0.000330106 0.000534065 -0.000329894 1 -0.014562 0.0352296 -0.0399663
FixedParameters: 0 0 0

#Transform 52
Transform: AffineTransform_float_3_3
Parameters: 1 0.000141232 -0.00054494 -0.000140768 1 0.000425077 0.00054506 -0.000424923 1 -0.0255475 0.0154264 -0.0207599
FixedParameters: 0 0 0

#Transform 53
Transform: AffineTransform_float_3_3
Parameters: 1 8.7312e-08 -0.000408 8.7312e-08 1 0.000214 0.000408 -0.000214 1 -0.0158264 0.0178435 -0.025874
FixedParameters: 0 0 0

#Transform 54
Transform: AffineTransform_float_3_3
Parameters: 1 0.000180145 -0.000407936 -0.000179855 1 0.000355073 0.000408064 -0.000354926 1 -0.0169063 0.0185911 -0.0187049
FixedParameters: 0 0 0

#Transform 55
Transform: AffineTransform_float_3_3
Parameters: 1 0.00020317 -0.000407915 -0.00020283 1 0.000416083 0.000408084 -0.000415917 1 -0.0170759 -0.00115441 -0.0240399
FixedParameters: 0 0 0

#Transform 56
Transform: AffineTransform_float_3_3
Parameters: 1 3.7944e-08 -0.000408 3.7944e-08 1 9.3e-05 0.000408 -9.3e-05 1 -0.0158212 0.0113608 -0.0387869
FixedParameters: 0 0 0

#Transform 57
Transform: AffineTransform_float_3_3
Parameters: 1 -9.078e-09 -0.000534 -9.078e-09 1 -1.7e-05 0.000534 1.7e-05 1 -0.0361487 -0.00190064 -0.0259956
FixedParameters: 0 0 0

#Transform 58
Transform: AffineTransform_float_3_3
Parameters: 1 8.7312e-08 -0.000408 8.7312e-08 1 0.000214 0.000408 -0.000214 1 -0.0270125 0.0104848 -0.0478739
FixedParameters: 0 0 0

#Transform 59
Transform: AffineTransform_float_3_3
Parameters: 1 2.9025e-08 -0.000675 2.9025e-08 1 4.3e-05 0.000675 -4.3e-05 1 -0.0166013 -0.00247381 -0.0237081
FixedParameters: 0 0 0

#Transform 60
Transform: AffineTransform_float_3_3
Parameters: 1 2.5482e-07 -0.000465 2.5482e-07 1 0.000548 0.000465 -0.000548 0.999999 -0.0181623 0.0117228 -0.0343914
FixedParameters: 0 0 0

#Transform 61
Transform: AffineTransform_float_3_3
Parameters: 1 -0.000882323 -0.000541106 0.000883677 0.999999 0.00125252 0.000539894 -0.00125248 0.999999 -0.0369772 0.0324855 0.0229372
FixedParameters: 0 0 0

#Transform 62
Transform: AffineTransform_float_3_3
Parameters: 1 -0.000470548 -0.000524405 0.000471451 0.999999 0.000860752 0.000523594 -0.000861246 0.999999 -0.0393454 0.0443374 0.0410732
FixedParameters: 0 0 0

#Transform 63
Transform: AffineTransform_float_3_3
Parameters: 0.999999 -0.000275683 -0.000847429 0.000277317 0.999999 0.00155377 0.00084757 -0.00155423 0.999999 -0.0331715 0.0521929 0.0455779
FixedParameters: 0 0 0

#Transform 64
Transform: AffineTransform_float_3_3
Parameters: 1 5.88716e-05 -0.0010409 -5.71282e-05 0.999999 0.00179806 0.0010411 -0.00179794 0.999998 -0.0457144 0.0726252 0.0885244
FixedParameters: 0 0 0

#Transform 65
Transform: AffineTransform_float_3_3
Parameters: 0.999999 9.82906e-06 -0.000863981 -7.17175e-06 0.999998 0.00211601 0.000864017 -0.00211699 0.999998 -0.0443637 0.0701681 0.050504
FixedParameters: 0 0 0

#Transform 66
Transform: AffineTransform_float_3_3
Parameters: 0.999999 -0.000157683 -0.00128829 0.000160318 0.999999 0.00179979 0.00128771 -0.0017992 0.999997 -0.0567297 0.042441 0.0312818
FixedParameters: 0 0 0

#Transform 67
Transform: AffineTransform_float_3_3
Parameters: 0.999999 -2.11179e-05 -0.00136205 2.38819e-05 0.999998 0.00211597 0.00136195 -0.00211603 0.999997 -0.0548495 0.0388074 0.00598615
FixedParameters: 0 0 0

#Transform 68
Transform: AffineTransform_float_3_3
Parameters: 0.999999 4.70229e-05 -0.0014279 -4.39782e-05 0.999998 0.00211606 0.0014281 -0.00211693 0.999996 -0.0398369 0.0600012 -0.00517022
FixedParameters: 0 0 0

#Transform 69
Transform: AffineTransform_float_3_3
Parameters: 1 -0.000897807 -0.000564901 0.000898194 0.999998 0.00211549 0.0005631 -0.00211651 0.999997 -0.0239621 0.043372 0.0777627
FixedParameters: 0 0 0

#Transform 70
Transform: AffineTransform_float_3_3
Parameters: 1 -0.000382896 -0.0011557 0.000385104 0.999999 0.00182056 0.0011553 -0.00182144 0.999997 -0.0359618 0.058927 0.0610572
FixedParameters: 0 0 0

#Transform 71
Transform: AffineTransform_float_3_3
Parameters: 1 -0.000163954 -0.00110631 0.000166046 0.999999 0.00184982 0.00110569 -0.00185018 0.999997 -0.0464372 0.0575196 0.0805186
FixedParameters: 0 0 0

#Transform 72
Transform: AffineTransform_float_3_3
Parameters: 0.999999 3.0461e-05 -0.00129595 -2.75388e-05 0.999998 0.00189904 0.00129606 -0.00189896 0.999998 -0.0489854 0.0737401 0.0756781
FixedParameters: 0 0 0

#Transform 73
Transform: AffineTransform_float_3_3
Parameters: 0.999999 0.000375667 -0.00129552 -0.000374333 0.999999 0.00128749 0.00129548 -0.00128652 0.999999 -0.0509577 0.0832596 0.0558395
FixedParameters: 0 0 0

#Transform 74
Transform: AffineTransform_float_3_3
Parameters: 0.999999 0.000374821 -0.00129576 -0.000374179 0.999999 0.000633485 0.00129624 -0.000633515 0.999999 -0.0509204 0.0454022 0.0200056
FixedParameters: 0 0 0

#Transform 75
Transform: AffineTransform_float_3_3
Parameters: 0.999999 0.000374889 -0.00129574 -0.00037411 0.999999 0.000686485 0.00129626 -0.000685514 0.999999 -0.0509313 0.0491578 0.021747
FixedParameters: 0 0 0

#Transform 76
Transform: AffineTransform_float_3_3
Parameters: 0.999999 0.000536945 -0.00129561 -0.000536055 0.999999 0.000729695 0.00129539 -0.000729305 0.999999 -0.051942 0.0640995 0.0191125
FixedParameters: 0 0 0

#Transform 77
Transform: AffineTransform_float_3_3
Parameters: 0.999998 0.000471986 -0.00167272 -0.000471014 0.999999 0.000589789 0.00167228 -0.000589212 0.999999 -0.0716761 0.0421321 0.0234145
FixedParameters: 0 0 0

#Transform 78
Transform: AffineTransform_float_3_3
Parameters: 0.999999 0.000375395 -0.00151365 -0.000374603 0.999999 0.000922568 0.00151435 -0.000921433 0.999999 -0.0541099 0.072186 -0.00241993
FixedParameters: 0 0 0

#Transform 79
Transform: AffineTransform_float_3_3
Parameters: 0.999998 0.000375293 -0.00165471 -0.000374707 0.999999 0.000781621 0.00165529 -0.00078138 0.999999 -0.054636 0.0530011 -0.00207395
FixedParameters: 0 0 0

#Transform 80
Transform: AffineTransform_float_3_3
Parameters: 0.999998 0.000566093 -0.00185367 -0.000564907 0.999999 0.000590048 0.00185433 -0.000588951 0.999998 -0.0570833 0.0526097 -0.0142927
FixedParameters: 0 0 0

#Transform 81
Transform: AffineTransform_float_3_3
Parameters: 0.999997 0.000374898 -0.00223785 -0.000374101 1 0.000401838 0.00223815 -0.000401162 0.999998 -0.0585014 0.0473332 -0.0125355
FixedParameters: 0 0 0

#Transform 82
Transform: AffineTransform_float_3_3
Parameters: 0.999998 0.000375093 -0.00185378 -0.000373907 1 0.000589694 0.00185422 -0.000589305 0.999998 -0.0590143 0.0543365 -0.0100333
FixedParameters: 0 0 0

#Transform 83
Transform: AffineTransform_float_3_3
Parameters: 0.999998 0.000213335 -0.00226388 -0.000212666 1 0.000589483 0.00226413 -0.000589519 0.999998 -0.074911 0.0385351 -0.00933314
FixedParameters: 0 0 0

#Transform 84
Transform: AffineTransform_float_3_3
Parameters: 0.999998 0.000374887 -0.00185382 -0.000374113 1 0.000478694 0.00185418 -0.000478306 0.999998 -0.0732021 0.0451391 -0.00230005
FixedParameters: 0 0 0

#Transform 85
Transform: AffineTransform_float_3_3
Parameters: 0.999998 0.000375205 -0.00204378 -0.000374795 1 0.000589767 0.00204422 -0.000589234 0.999997 -0.0745397 0.0522296 0.00733247
FixedParameters: 0 0 0

#Transform 86
Transform: AffineTransform_float_3_3
Parameters: 0.999997 0.000374845 -0.00216285 -0.000374155 1 0.00039081 0.00216314 -0.00039019 0.999997 -0.0636914 0.038495 -0.00551727
FixedParameters: 0 0 0

#Transform 87
Transform: AffineTransform_float_3_3
Parameters: 0.999997 0.000375278 -0.00216778 -0.000374722 1 0.000589814 0.00216822 -0.000589188 0.999998 -0.0753476 0.0303401 0.000978222
FixedParameters: 0 0 0

#Transform 88
Transform: AffineTransform_float_3_3
Parameters: 0.999998 0.000374797 -0.00185384 -0.000374202 1 0.000430694 0.00185416 -0.000429306 0.999998 -0.0732022 0.0432078 -0.0026608
FixedParameters: 0 0 0

#Transform 89
Transform: AffineTransform_float_3_3
Parameters: 0.999998 0.000467923 -0.00201279 -0.000467077 1 0.000458941 0.00201321 -0.000458059 0.999998 -0.056773 0.0398733 -0.00499769
FixedParameters: 0 0 0

#Transform 90
Transform: AffineTransform_float_3_3
Parameters: 0.999998 0.000447987 -0.0021886 -0.000446014 1 0.000907979 0.00218941 -0.000907022 0.999997 -0.0543498 0.071399 0.00311158
FixedParameters: 0 0 0

#Transform 91
Transform: AffineTransform_float_3_3
Parameters: 0.999998 0.000592812 -0.00199646 -0.000591187 1 0.000908182 0.00199754 -0.000906818 0.999997 -0.0477221 0.0777293 0.00858002
FixedParameters: 0 0 0

#Transform 92
Transform: AffineTransform_float_3_3
Parameters: 0.999998 0.000548802 -0.00192177 -0.000548197 1 0.000418054 0.00192223 -0.000416946 0.999998 -0.0509334 0.0511888 -0.00904431
FixedParameters: 0 0 0

#Transform 93
Transform: AffineTransform_float_3_3
Parameters: 0.999998 0.000471825 -0.00226883 -0.000471175 1 0.00036407 0.00226917 -0.00036293 0.999998 -0.0539184 0.0322957 0.0162588
FixedParameters: 0 0 0

#Transform 94
Transform: AffineTransform_float_3_3
Parameters: 0.999997 0.00037498 -0.00234584 -0.000374021 1 0.000417879 0.00234616 -0.000417121 0.999997 -0.0594244 0.0363479 0.017187
FixedParameters: 0 0 0

#Transform 95
Transform: AffineTransform_float_3_3
Parameters: 0.999997 0.000542026 -0.002288 -0.000541973 1 1.22401e-05 0.00228801 -1.07599e-05 0.999998 -0.0601064 0.050433 0.0459814
FixedParameters: 0 0 0

#Transform 96
Transform: AffineTransform_float_3_3
Parameters: 0.999997 0.000583027 -0.00237899 -0.000582972 1 1.23869e-05 0.00237901 -1.0613e-05 0.999997 -0.0609846 0.0293413 0.0417366
FixedParameters: 0 0 0

#Transform 97
Transform: AffineTransform_float_3_3
Parameters: 0.999996 0.000675027 -0.00248699 -0.00067597 1 1.26812e-05 0.00248701 -1.03212e-05 0.999997 -0.053406 0.0492651 0.0317198
FixedParameters: 0 0 0

#Transform 98
Transform: AffineTransform_float_3_3
Parameters: 0.999997 0.000374028 -0.002379 -0.000373973 1 1.18897e-05 0.002379 -1.11102e-05 0.999997 -0.0596832 0.0496392 0.0352725
FixedParameters: 0 0 0

#Transform 99
Transform: AffineTransform_float_3_3
Parameters: 0.999997 0.000374028 -0.002379 -0.000373973 1 1.18897e-05 0.002379 -1.11102e-05 0.999997 -0.0596856 0.0299522 0.0332067
FixedParameters: 0 0 0

#Transform 100
Transform: AffineTransform_float_3_3
Parameters: 0.999997 0.000546026 -0.002282 -0.000545974 1 1.22459e-05 0.00228201 -1.0754e-05 0.999998 -0.0627722 0.0348472 0.0196966
FixedParameters: 0 0 0

#Transform 101
Transform: AffineTransform_float_3_3
Parameters: 0.999997 0.000500768 -0.00237905 -0.000501232 1 -9.68078e-05 0.00237895 9.81916e-05 0.999997 -0.0604301 0.0203897 0.0158287
FixedParameters: 0 0 0

#Transform 102
Transform: AffineTransform_float_3_3
Parameters: 0.999997 0.000540586 -0.00212885 -0.000539413 1 0.000276149 0.00212815 -0.00027485 0.999997 -0.0590849 0.0339999 -0.00100257
FixedParameters: 0 0 0

#Transform 103
Transform: AffineTransform_float_3_3
Parameters: 0.999997 0.000579131 -0.00237872 -0.000577869 0.999999 0.000476376 0.00237828 -0.000474624 0.999997 -0.0556798 0.0531462 0.0151755
FixedParameters: 0 0 0

#Transform 104
Transform: AffineTransform_float_3_3
Parameters: 0.999997 0.000636592 -0.00237857 -0.000634407 0.999999 0.000670511 0.00237842 -0.000668488 0.999997 -0.0559836 0.0540134 0.00345672
FixedParameters: 0 0 0

#Transform 105
Transform: AffineTransform_float_3_3
Parameters: 0.999997 0.000627388 -0.00245562 -0.000613614 0.999985 0.00544952 0.00245838 -0.00544748 0.999982 -0.0780397 0.137066 0.0445103
FixedParameters: 0 0 0

#Transform 106
Transform: AffineTransform_float_3_3
Parameters: 0.999997 0.000811418 -0.00260878 -0.000800581 0.999991 0.0039921 0.00261222 -0.00398989 0.999988 -0.0800618 0.125886 0.0328853
FixedParameters: 0 0 0

#Transform 107
Transform: AffineTransform_float_3_3
Parameters: 0.999997 0.00080254 -0.00237613 -0.00079346 0.999993 0.0035929 0.00237886 -0.0035911 0.99999 -0.0785356 0.134189 0.0171671
FixedParameters: 0 0 0

#Transform 108
Transform: AffineTransform_float_3_3
Parameters: 0.999997 0.000822087 -0.00252807 -0.000812915 0.999993 0.00359307 0.00253094 -0.00359093 0.999991 -0.0618883 0.11865 -0.0176514
FixedParameters: 0 0 0

#Transform 109
Transform: AffineTransform_float_3_3
Parameters: 0.999996 0.00067391 -0.0027576 -0.000664093 0.999994 0.00359285 0.0027594 -0.00359116 0.999989 -0.0666357 0.109939 -0.0330105
FixedParameters: 0 0 0

#Transform 110
Transform: AffineTransform_float_3_3
Parameters: 0.999997 0.000590359 -0.00237719 -0.000582643 0.999995 0.0030944 0.00237882 -0.00309361 0.999993 -0.0634209 0.0679243 -0.0361
FixedParameters: 0 0 0

#Transform 111
Transform: AffineTransform_float_3_3
Parameters: 0.999996 0.000536712 -0.00282836 -0.000528285 0.999995 0.00308051 0.00283064 -0.00307849 0.999992 -0.0757019 0.0800486 -0.0203717
FixedParameters: 0 0 0

#Transform 112
Transform: AffineTransform_float_3_3
Parameters: 0.999996 0.000382448 -0.00285688 -0.000374551 0.999995 0.00295708 0.00285812 -0.00295592 0.999991 -0.0694729 0.0705494 -0.013649
FixedParameters: 0 0 0

#Transform 113
Transform: AffineTransform_float_3_3
Parameters: 0.999996 0.00054864 -0.00276911 -0.000539361 0.999994 0.00348051 0.00277089 -0.00347949 0.99999 -0.0791607 0.0924211 -0.0346174
FixedParameters: 0 0 0

#Transform 114
Transform: AffineTransform_float_3_3
Parameters: 0.999997 0.000548789 -0.00237721 -0.000540211 0.999994 0.00327629 0.00237878 -0.0032747 0.999992 -0.0600188 0.084638 -0.0366815
FixedParameters: 0 0 0

#Transform 115
Transform: AffineTransform_float_3_3
Parameters: 0.999996 0.000807733 -0.00243845 -0.000799264 0.999994 0.00317096 0.00244155 -0.00316904 0.999992 -0.0619698 0.0803645 -0.0158048
FixedParameters: 0 0 0

#Transform 116
Transform: AffineTransform_float_3_3
Parameters: 0.999997 0.000736875 -0.00243763 -0.000729127 0.999994 0.00322979 0.00243937 -0.00322821 0.999992 -0.061502 0.0815512 -0.0383067
FixedParameters: 0 0 0

#Transform 117
Transform: AffineTransform_float_3_3
Parameters: 0.999996 0.000932448 -0.00262867 -0.000923554 0.999993 0.00359344 0.00263133 -0.00359056 0.99999 -0.0638624 0.0807967 -0.029901
FixedParameters: 0 0 0

#Transform 118
Transform: AffineTransform_float_3_3
Parameters: 0.999996 0.0010315 -0.00236531 -0.0010235 0.999993 0.00359343 0.00236869 -0.00359057 0.99999 -0.0627238 0.0669832 -0.0320541
FixedParameters: 0 0 0

#Transform 119
Transform: AffineTransform_float_3_3
Parameters: 0.999997 0.000854942 -0.00257272 -0.000845057 0.999992 0.00386319 0.00257628 -0.00386081 0.999989 -0.0692741 0.0912639 -0.0287923
FixedParameters: 0 0 0

#Transform 120
Transform: AffineTransform_float_3_3
Parameters: 0.999997 0.000383381 -0.00249458 -0.000374621 0.999993 0.00375995 0.00249543 -0.00375905 0.99999 -0.0697245 0.0890834 -0.0202728
FixedParameters: 0 0 0

#Transform 121
Transform: AffineTransform_float_3_3
Parameters: 0.999997 0.000703224 -0.00256649 -0.000693776 0.999994 0.0035928 0.00256951 -0.00359121 0.999991 -0.0926624 0.114263 -0.0088434
FixedParameters: 0 0 0

#Transform 122
Transform: AffineTransform_float_3_3
Parameters: 0.999996 0.000703058 -0.00252049 -0.000693944 0.999994 0.00359276 0.00252251 -0.00359124 0.999991 -0.0636021 0.12338 -0.00924141
FixedParameters: 0 0 0

#Transform 123
Transform: AffineTransform_float_3_3
Parameters: 0.999996 0.000880681 -0.00259607 -0.000872319 0.999994 0.00334328 0.00259893 -0.00334072 0.999991 -0.0650185 0.121253 -0.0396671
FixedParameters: 0 0 0

#Transform 124
Transform: AffineTransform_float_3_3
Parameters: 0.999996 0.000776683 -0.00269423 -0.000767318 0.999994 0.00359308 0.00269677 -0.00359092 0.99999 -0.0650144 0.122244 -0.0373887
FixedParameters: 0 0 0

#Transform 125
Transform: AffineTransform_float_3_3
Parameters: 0.999997 0.000711332 -0.00259646 -0.000701671 0.999994 0.00359284 0.00259854 -0.00359117 0.99999 -0.0639747 0.119081 -0.0586733
FixedParameters: 0 0 0

#Transform 126
Transform: AffineTransform_float_3_3
Parameters: 0.999995 0.000546877 -0.0030629 -0.000535124 0.999993 0.00387666 0.0030651 -0.00387534 0.999988 -0.0804834 0.118737 -0.0317488
FixedParameters: 0 0 0

#Transform 127
Transform: AffineTransform_float_3_3
Parameters: 0.999997 0.000388352 -0.00269097 -0.000374647 0.999985 0.00533203 0.00269304 -0.00533097 0.999982 -0.0789964 0.146005 -0.0102091
FixedParameters: 0 0 0

#Transform 128
Transform: AffineTransform_float_3_3
Parameters: 0.999995 0.000385352 -0.00291052 -0.000374645 0.999993 0.00390011 0.00291248 -0.0038989 0.999988 -0.0784552 0.126062 -0.0330228
FixedParameters: 0 0 0

#Transform 129
Transform: AffineTransform_float_3_3
Parameters: 0.999997 0.000573998 -0.00259681 -0.000564001 0.999993 0.00384948 0.00259919 -0.00384752 0.999989 -0.0684506 0.126858 -0.0488214
FixedParameters: 0 0 0

#Transform 130
Transform: AffineTransform_float_3_3
Parameters: 0.999997 0.000687155 -0.00259633 -0.000676848 0.999992 0.00390977 0.00259867 -0.00390823 0.999989 -0.0736102 0.131829 -0.0430679
FixedParameters: 0 0 0

#Transform 131
Transform: AffineTransform_float_3_3
Parameters: 0.999997 0.000556351 -0.0025968 -0.00054665 0.999992 0.00398443 0.0025992 -0.00398357 0.999988 -0.0631686 0.127076 -0.0653475
FixedParameters: 0 0 0

#Transform 132
Transform: AffineTransform_float_3_3
Parameters: 0.999996 0.000927889 -0.00286582 -0.000918112 0.999993 0.00344965 0.00286918 -0.00344735 0.99999 -0.067197 0.113357 -0.0536411
FixedParameters: 0 0 0

#Transform 133
Transform: AffineTransform_float_3_3
Parameters: 0.999996 0.000383849 -0.00259756 -0.000374149 0.999992 0.00379099 0.00259944 -0.00379002 0.99999 -0.0623258 0.107585 -0.0361103
FixedParameters: 0 0 0

#Transform 134
Transform: AffineTransform_float_3_3
Parameters: 0.999997 0.000513203 -0.0025972 -0.000503797 0.999993 0.00354332 0.0025988 -0.00354168 0.999991 -0.0629691 0.106659 -0.0594057
FixedParameters: 0 0 0

#Transform 135
Transform: AffineTransform_float_3_3
Parameters: 0.999997 0.000558985 -0.00259687 -0.000549014 0.999993 0.00384444 0.00259913 -0.00384256 0.999989 -0.063229 0.0814964 -0.0575538
FixedParameters: 0 0 0

#Transform 136
Transform: AffineTransform_float_3_3
Parameters: 0.999996 0.000582332 -0.00252987 -0.000572666 0.999993 0.00368846 0.00253213 -0.00368654 0.99999 -0.063078 0.0949506 -0.0406475
FixedParameters: 0 0 0

#Transform 137
Transform: AffineTransform_float_3_3
Parameters: 0.999997 0.000383915 -0.00265358 -0.000374083 0.999993 0.003736 0.00265542 -0.00373499 0.999989 -0.0626177 0.0970143 -0.0196877
FixedParameters: 0 0 0

#Transform 138
Transform: AffineTransform_float_3_3
Parameters: 0.999996 0.000384589 -0.00265349 -0.000374409 0.999992 0.00399001 0.00265551 -0.003989 0.999989 -0.0626309 0.119342 -0.0507142
FixedParameters: 0 0 0

#Transform 139
Transform: AffineTransform_float_3_3
Parameters: 0.999996 0.000799576 -0.00265183 -0.000788423 0.999991 0.0039871 0.00265516 -0.00398489 0.999988 -0.0687044 0.134442 -0.0592337
FixedParameters: 0 0 0

#Transform 140
Transform: AffineTransform_float_3_3
Parameters: 0.999996 0.000877224 -0.00260191 -0.000867776 0.999994 0.00354427 0.00260509 -0.00354173 0.999991 -0.0694981 0.101351 -0.0773811
FixedParameters: 0 0 0

#Transform 141
Transform: AffineTransform_float_3_3
Parameters: 0.999997 0.00067471 -0.0026523 -0.000664291 0.999991 0.00403678 0.0026547 -0.00403522 0.999989 -0.0834294 0.12586 -0.067963
FixedParameters: 0 0 0

#Transform 142
Transform: AffineTransform_float_3_3
Parameters: 0.999996 0.000385348 -0.00298456 -0.00037465 0.999992 0.00380214 0.00298645 -0.00380087 0.999989 -0.0674179 0.122237 -0.0590508
FixedParameters: 0 0 0

#Transform 143
Transform: AffineTransform_float_3_3
Parameters: 0.999995 0.000606083 -0.00292172 -0.000594915 0.999992 0.00379276 0.00292428 -0.00379125 0.999989 -0.0685326 0.138818 -0.0448335
FixedParameters: 0 0 0

#Transform 144
Transform: AffineTransform_float_3_3
Parameters: 0.999996 0.000384788 -0.00304466 -0.000374214 0.999993 0.00354316 0.00304535 -0.00354184 0.999989 -0.0679322 0.106971 -0.0452955
FixedParameters: 0 0 0

#Transform 145
Transform: AffineTransform_float_3_3
Parameters: 0.999995 0.000658019 -0.00284747 -0.000646979 0.999993 0.00386886 0.00285052 -0.00386714 0.999988 -0.0659979 0.137235 -0.0451028
FixedParameters: 0 0 0

#Transform 146
Transform: AffineTransform_float_3_3
Parameters: 0.999995 0.000385809 -0.00306454 -0.000374189 0.999992 0.00385316 0.00306646 -0.00385183 0.999988 -0.0654738 0.111358 -0.0433111
FixedParameters: 0 0 0

#Transform 147
Transform: AffineTransform_float_3_3
Parameters: 0.999995 0.000616859 -0.00306383 -0.00060614 0.999993 0.00354387 0.00306617 -0.00354212 0.999989 -0.0739149 0.116614 -0.0451296
FixedParameters: 0 0 0

#Transform 148
Transform: AffineTransform_float_3_3
Parameters: 0.999995 0.000561116 -0.00292107 -0.000550884 0.999994 0.00346262 0.00292292 -0.00346137 0.999989 -0.0682391 0.10242 -0.0467879
FixedParameters: 0 0 0

#Transform 149
Transform: AffineTransform_float_3_3
Parameters: 0.999995 0.000384092 -0.00306475 -0.000373906 0.999994 0.00329316 0.00306625 -0.00329184 0.99999 -0.0652899 0.0988941 -0.0764619
FixedParameters: 0 0 0

#Transform 150
Transform: AffineTransform_float_3_3
Parameters: 0.999996 0.000385893 -0.00278338 -0.000374109 0.999991 0.00427206 0.00278462 -0.00427094 0.999987 -0.0661867 0.139738 -0.0434143
FixedParameters: 0 0 0

#Transform 151
Transform: AffineTransform_float_3_3
Parameters: 0.999996 0.000713768 -0.00281829 -0.000702233 0.999993 0.00382 0.0028207 -0.003818 0.999988 -0.059107 0.110072 -0.0590961
FixedParameters: 0 0 0

#Transform 152
Transform: AffineTransform_float_3_3
Parameters: 0.999995 0.000871749 -0.002818 -0.000861249 0.999993 0.00345944 0.00282099 -0.00345655 0.99999 -0.0567656 0.120523 -0.0649317
FixedParameters: 0 0 0

#Transform 153
Transform: AffineTransform_float_3_3
Parameters: 0.999994 0.000595745 -0.00318664 -0.000582254 0.999992 0.00399888 0.00318935 -0.00399712 0.999987 -0.0616705 0.115258 -0.0347137
FixedParameters: 0 0 0

#Transform 154
Transform: AffineTransform_float_3_3
Parameters: 0.999996 0.000576748 -0.00281842 -0.000563251 0.999989 0.0045226 0.00282057 -0.00452039 0.999986 -0.0555535 0.128847 -0.030807
FixedParameters: 0 0 0

#Transform 155
Transform: AffineTransform_float_3_3
Parameters: 0.999994 0.000614004 -0.00322893 -0.000602995 0.999994 0.00340797 0.00323107 -0.00340603 0.999989 -0.0705919 0.113821 -0.0274384
FixedParameters: 0 0 0

#Transform 156
Transform: AffineTransform_float_3_3
Parameters: 0.999994 0.000384867 -0.00339179 -0.000374131 0.999995 0.00320429 0.00339322 -0.00320271 0.999989 -0.0702173 0.0968769 -0.0210503
FixedParameters: 0 0 0

#Transform 157
Transform: AffineTransform_float_3_3
Parameters: 0.999995 0.000384108 -0.00315479 -0.000373891 0.999995 0.00320419 0.00315621 -0.0032028 0.99999 -0.0687581 0.10628 -0.0113694
FixedParameters: 0 0 0

#Transform 158
Transform: AffineTransform_float_3_3
Parameters: 0.999994 0.00038565 -0.00322963 -0.000374352 0.999994 0.00360723 0.00323037 -0.00360578 0.999989 -0.0692847 0.117953 -0.00844784
FixedParameters: 0 0 0

#Transform 159
Transform: AffineTransform_float_3_3
Parameters: 0.999995 0.000384694 -0.00333779 -0.000374304 0.999995 0.00320427 0.00333922 -0.00320273 0.99999 -0.0698491 0.11641 -0.0278531
FixedParameters: 0 0 0

#Transform 160
Transform: AffineTransform_float_3_3
Parameters: 0.999994 0.000722993 -0.00322856 -0.000712007 0.999994 0.00340532 0.00323044 -0.00340268 0.999989 -0.0712411 0.125455 -0.0282713
FixedParameters: 0 0 0

#Transform 161
Transform: AffineTransform_float_3_3
Parameters: 0.999995 0.000957901 -0.00322779 -0.000947098 0.999994 0.00337708 0.00323122 -0.00337392 0.999989 -0.0725097 0.103061 -0.0351804
FixedParameters: 0 0 0

#Transform 162
Transform: AffineTransform_float_3_3
Parameters: 0.999995 0.000683446 -0.00309571 -0.000673557 0.999994 0.0033741 0.00309729 -0.0033719 0.999989 -0.0701392 0.126598 -0.012185
FixedParameters: 0 0 0

#Transform 163
Transform: AffineTransform_float_3_3
Parameters: 0.999989 0.000385752 -0.00452101 -0.000374249 0.999996 0.00259972 0.00452199 -0.00259828 0.999987 -0.0777457 0.0870713 -0.0219881
FixedParameters: 0 0 0

#Transform 164
Transform: AffineTransform_float_3_3
Parameters: 0.999992 0.000384164 -0.00400704 -0.000373838 0.999996 0.00253652 0.00400796 -0.00253548 0.999989 -0.0744347 0.105637 -0.000719553
FixedParameters: 0 0 0

#Transform 165
Transform: AffineTransform_float_3_3
Parameters: 0.999994 0.000389213 -0.0034153 -0.000374786 0.99999 0.00445331 0.0034177 -0.0044527 0.999984 -0.0705128 0.137668 0.0120569
FixedParameters: 0 0 0

#Transform 166
Transform: AffineTransform_float_3_3
Parameters: 0.999995 0.000721396 -0.00311315 -0.000708604 0.999992 0.00398123 0.00311585 -0.00397877 0.999987 -0.0616683 0.136319 -0.0069457
FixedParameters: 0 0 0

#Transform 167
Transform: AffineTransform_float_3_3
Parameters: 0.99999 0.000768417 -0.0043587 -0.000760583 0.999999 0.00170333 0.0043593 -0.00169967 0.999989 -0.0878232 0.0815453 -0.0484374
FixedParameters: 0 0 0

#Transform 168
Transform: AffineTransform_float_3_3
Parameters: 0.999995 0.00061043 -0.00328936 -0.000596568 0.99999 0.00438599 0.00329265 -0.00438402 0.999985 -0.0548204 0.146695 -0.0241115
FixedParameters: 0 0 0

#Transform 169
Transform: AffineTransform_float_3_3
Parameters: 0.99999 0.000819923 -0.00423009 -0.000810075 0.999997 0.00234745 0.00423191 -0.00234355 0.999989 -0.0736884 0.0945802 -0.051842
FixedParameters: 0 0 0

#Transform 170
Transform: AffineTransform_float_3_3
Parameters: 0.99999 0.000385271 -0.00440703 -0.000374731 0.999996 0.00255768 0.00440797 -0.00255633 0.999987 -0.0769041 0.102167 -0.0491748
FixedParameters: 0 0 0

#Transform 171
Transform: AffineTransform_float_3_3
Parameters: 0.999991 0.000711809 -0.00403376 -0.00069919 0.999994 0.00317585 0.00403624 -0.00317315 0.999987 -0.0692255 0.1026 -0.0644755
FixedParameters: 0 0 0

#Transform 172
Transform: AffineTransform_float_3_3
Parameters: 0.999992 0.000689405 -0.00406175 -0.000681597 0.999998 0.00182378 0.00406325 -0.00182121 0.99999 -0.0763135 0.073001 -0.077126
FixedParameters: 0 0 0

#Transform 173
Transform: AffineTransform_float_3_3
Parameters: 0.999993 0.000384989 -0.00369287 -0.000374016 0.999995 0.0029754 0.00369313 -0.0029746 0.999989 -0.0722392 0.0844152 -0.0527043
FixedParameters: 0 0 0

#Transform 174
Transform: AffineTransform_float_3_3
Parameters: 0.999993 0.000385108 -0.00387091 -0.000373894 0.999996 0.00286947 0.00387209 -0.00286853 0.999989 -0.0591302 0.0999411 -0.0590502
FixedParameters: 0 0 0

#Transform 175
Transform: AffineTransform_float_3_3
Parameters: 0.999993 0.000385462 -0.00390689 -0.000374536 0.999995 0.00293448 0.00390812 -0.00293252 0.999988 -0.0578157 0.0784971 -0.073014
FixedParameters: 0 0 0

#Transform 176
Transform: AffineTransform_float_3_3
Parameters: 0.999992 0.000386514 -0.00399581 -0.000374484 0.999995 0.00313252 0.00399719 -0.00313048 0.999987 -0.0679262 0.0876358 -0.0492705
FixedParameters: 0 0 0

#Transform 177
Transform: AffineTransform_float_3_3
Parameters: 0.999993 0.000382731 -0.00374612 -0.000374266 0.999997 0.00233142 0.00374788 -0.00232958 0.999991 -0.0677148 0.0438894 -0.055632
FixedParameters: 0 0 0

#Transform 178
Transform: AffineTransform_float_3_3
Parameters: 0.999992 0.000383475 -0.00401211 -0.000374528 0.999997 0.00236152 0.0040129 -0.00236048 0.999989 -0.0694665 0.062915 -0.0533334
FixedParameters: 0 0 0

#Transform 179
Transform: AffineTransform_float_3_3
Parameters: 0.999991 0.000419803 -0.00420303 -0.000410198 0.999997 0.00233275 0.00420397 -0.00233126 0.999989 -0.0768617 0.0593537 -0.0524584
FixedParameters: 0 0 0
