# transform file /out/sourcedata/freesurfer/sub-v1s15x0050201_ses-1/mri/transforms/cc_up.lta
# created by oesteban on Sun Mar  8 22:12:26 2026

type      = 0 # LINEAR_VOX_TO_VOX
nxforms   = 1
mean      = 126.0000 115.0000 127.0000
sigma     = 10000.0000
1 4 4
9.979237914085388e-01 -5.243292078375816e-02 3.740150853991508e-02 3.096770286560059e+00 
5.239613354206085e-02 9.986244440078735e-01 1.963771414011717e-03 2.335945510864258e+01 
-3.745302930474281e-02 2.328306436538696e-10 9.992983937263489e-01 1.776230621337891e+01 
0.000000000000000e+00 0.000000000000000e+00 0.000000000000000e+00 1.000000000000000e+00 
src volume info
valid = 1  # volume info valid
filename = /out/sourcedata/freesurfer/sub-v1s15x0050201_ses-1/mri/norm.mgz
volume = 256 256 256
voxelsize = 1.000000000000000e+00 1.000000000000000e+00 1.000000000000000e+00
xras   = -1.000000000000000e+00 0.000000000000000e+00 0.000000000000000e+00
yras   = 0.000000000000000e+00 0.000000000000000e+00 -1.000000000000000e+00
zras   = 0.000000000000000e+00 1.000000000000000e+00 0.000000000000000e+00
cras   = 2.374702453613281e+00 8.000000000000000e+00 -2.434399414062500e+01
dst volume info
valid = 1  # volume info valid
filename = /out/sourcedata/freesurfer/sub-v1s15x0050201_ses-1/mri/norm.mgz
volume = 256 256 256
voxelsize = 1.000000000000000e+00 1.000000000000000e+00 1.000000000000000e+00
xras   = -1.000000000000000e+00 0.000000000000000e+00 0.000000000000000e+00
yras   = 0.000000000000000e+00 0.000000000000000e+00 -1.000000000000000e+00
zras   = 0.000000000000000e+00 1.000000000000000e+00 0.000000000000000e+00
cras   = 2.374702453613281e+00 8.000000000000000e+00 -2.434399414062500e+01
