# transform file /out/sourcedata/freesurfer/sub-v1s15x0050205_ses-1/mri/transforms/cc_up.lta
# created by oesteban on Sun Mar  8 22:31:46 2026

type      = 0 # LINEAR_VOX_TO_VOX
nxforms   = 1
mean      = 128.0000 89.0000 130.0000
sigma     = 10000.0000
1 4 4
9.900492429733276e-01 -1.156800761818886e-01 8.012769371271133e-02 4.250916004180908e+00 
1.153030619025230e-01 9.932864308357239e-01 9.331827051937580e-03 3.494428634643555e+01 
-8.066926896572113e-02 0.000000000000000e+00 9.967408776283264e-01 1.349104499816895e+01 
0.000000000000000e+00 0.000000000000000e+00 0.000000000000000e+00 1.000000000000000e+00 
src volume info
valid = 1  # volume info valid
filename = /out/sourcedata/freesurfer/sub-v1s15x0050205_ses-1/mri/norm.mgz
volume = 256 256 256
voxelsize = 1.000000000000000e+00 1.000000000000000e+00 1.000000000000000e+00
xras   = -1.000000000000000e+00 0.000000000000000e+00 0.000000000000000e+00
yras   = 0.000000000000000e+00 0.000000000000000e+00 -1.000000000000000e+00
zras   = 0.000000000000000e+00 1.000000000000000e+00 0.000000000000000e+00
cras   = 1.437202453613281e+00 4.250000000000000e+00 -2.246899414062500e+01
dst volume info
valid = 1  # volume info valid
filename = /out/sourcedata/freesurfer/sub-v1s15x0050205_ses-1/mri/norm.mgz
volume = 256 256 256
voxelsize = 1.000000000000000e+00 1.000000000000000e+00 1.000000000000000e+00
xras   = -1.000000000000000e+00 0.000000000000000e+00 0.000000000000000e+00
yras   = 0.000000000000000e+00 0.000000000000000e+00 -1.000000000000000e+00
zras   = 0.000000000000000e+00 1.000000000000000e+00 0.000000000000000e+00
cras   = 1.437202453613281e+00 4.250000000000000e+00 -2.246899414062500e+01
