#Insight Transform File V1.0
#Transform 0
Transform: AffineTransform_float_3_3
Parameters: 1 -1.13026e-06 0.000187997 -1.30274e-07 0.999982 0.006012 -0.000188003 -0.006012 0.999982 -0.0110685 -0.16425 -0.155297
FixedParameters: 0 0 0

#Transform 1
Transform: AffineTransform_float_3_3
Parameters: 1 0 0 0 0.999984 0.00577 0 -0.00577 0.999984 -0.00348 -0.169997 -0.15213
FixedParameters: 0 0 0

#Transform 2
Transform: AffineTransform_float_3_3
Parameters: 1 -1.81755e-06 0.000349995 1.82422e-07 0.999986 0.005193 -0.000350006 -0.005193 0.999987 -0.0145739 -0.14527 -0.124278
FixedParameters: 0 0 0

#Transform 3
Transform: AffineTransform_float_3_3
Parameters: 1 0.000234612 0.000255282 -0.000235392 0.999985 0.00544994 -0.000254721 -0.00544906 0.999985 -0.0051127 -0.135222 -0.132783
FixedParameters: 0 0 0

#Transform 4
Transform: AffineTransform_float_3_3
Parameters: 1 -1.52188e-06 0.000258995 4.78082e-07 0.999982 0.005876 -0.000259007 -0.005876 0.999982 -0.0182352 -0.178408 -0.103424
FixedParameters: 0 0 0

#Transform 5
Transform: AffineTransform_float_3_3
Parameters: 1 -1.05925e-06 0.000248998 -5.9255e-08 0.999991 0.004254 -0.000249002 -0.004254 0.999991 -0.0209067 -0.10495 -0.0757859
FixedParameters: 0 0 0

#Transform 6
Transform: AffineTransform_float_3_3
Parameters: 1 0.000196998 9.34764e-07 -0.000197002 0.999988 0.004745 -6.5224e-08 -0.004745 0.999988 -0.00106465 -0.107594 -0.0676443
FixedParameters: 0 0 0

#Transform 7
Transform: AffineTransform_float_3_3
Parameters: 1 0.000237996 1.43086e-06 -0.000238002 0.999982 0.006012 4.30874e-07 -0.006012 0.999982 0.0124063 -0.175085 -0.0815782
FixedParameters: 0 0 0

#Transform 8
Transform: AffineTransform_float_3_3
Parameters: 1 0.000448993 2.4475e-06 -0.000449004 0.999985 0.005451 4.47529e-07 -0.005451 0.999985 0.00096624 -0.158945 -0.0654169
FixedParameters: 0 0 0

#Transform 9
Transform: AffineTransform_float_3_3
Parameters: 1 0.000262996 1.3534e-06 -0.000263002 0.999986 0.005146 3.53411e-07 -0.005146 0.999987 -0.00057904 -0.148309 -0.0312255
FixedParameters: 0 0 0

#Transform 10
Transform: AffineTransform_float_3_3
Parameters: 1 0.000321996 1.58875e-06 -0.000322006 0.999988 0.004934 -4.11228e-07 -0.004934 0.999988 -7.23256e-05 -0.12013 -0.0650523
FixedParameters: 0 0 0

#Transform 11
Transform: AffineTransform_float_3_3
Parameters: 1 0.000569534 0.000110432 -0.000569468 0.99999 0.00426794 -0.00010857 -0.00426806 0.999991 -0.00130743 -0.0803692 -0.0351883
FixedParameters: 0 0 0

#Transform 12
Transform: AffineTransform_float_3_3
Parameters: 1 0.000210999 7.83232e-07 -0.000211002 0.999993 0.003712 -2.16761e-07 -0.003712 0.999993 0.00762494 -0.0837088 -0.0844046
FixedParameters: 0 0 0

#Transform 13
Transform: AffineTransform_float_3_3
Parameters: 1 0.000150338 0.000169589 -0.000150664 0.999993 0.00391098 -0.000169412 -0.00391103 0.999993 -0.00904685 -0.128348 -0.112823
FixedParameters: 0 0 0

#Transform 14
Transform: AffineTransform_float_3_3
Parameters: 1 0.000239336 -8.5061e-05 -0.000239664 0.999993 0.00392602 8.59416e-05 -0.00392598 0.999993 0.0022561 -0.0681754 -0.0976688
FixedParameters: 0 0 0

#Transform 15
Transform: AffineTransform_float_3_3
Parameters: 1 0.000145406 0.000181477 -0.000145592 0.999994 0.00327597 -0.000180524 -0.00327502 0.999994 -0.00766763 -0.0544207 -0.083358
FixedParameters: 0 0 0

#Transform 16
Transform: AffineTransform_float_3_3
Parameters: 1 -6.67904e-05 -9.91415e-05 6.72092e-05 0.999998 0.00211499 9.8858e-05 -0.00211501 0.999998 -0.000175452 -0.0322144 -0.0314044
FixedParameters: 0 0 0

#Transform 17
Transform: AffineTransform_float_3_3
Parameters: 0.999999 0.000152354 -0.000748726 -0.000150646 0.999999 0.00180711 0.000749273 -0.00180789 0.999998 0.0236447 -0.0298027 0.0534125
FixedParameters: 0 0 0

#Transform 18
Transform: AffineTransform_float_3_3
Parameters: 1 7.49818e-06 -0.000445992 -7.50181e-06 1 0.001117 0.000446009 -0.001117 1 0.00625293 -0.06084 0.017578
FixedParameters: 0 0 0

#Transform 19
Transform: AffineTransform_float_3_3
Parameters: 1 0.000131284 -0.000229838 -0.000130716 0.999999 0.00123403 0.000230162 -0.00123397 0.999999 0.00616536 -0.0229225 -0.0209029
FixedParameters: 0 0 0

#Transform 20
Transform: AffineTransform_float_3_3
Parameters: 1 -0.000110891 -0.000158077 0.000111109 1 0.000692982 0.000157923 -0.000692017 0.999999 -0.000600395 0.000503219 -0.00355225
FixedParameters: 0 0 0

#Transform 21
Transform: AffineTransform_float_3_3
Parameters: 1 -0.000275999 1.12034e-06 0.000276 1 -0.000436 -8.79664e-07 0.000436 1 -0.00678314 0.0118541 -0.0132423
FixedParameters: 0 0 0

#Transform 22
Transform: AffineTransform_float_3_3
Parameters: 1 1.29974e-05 -0.000173 -1.30026e-05 1 -1.49978e-05 0.000173 1.50022e-05 1 0.00523205 0.00136899 0.00235082
FixedParameters: 0 0 0

#Transform 23
Transform: AffineTransform_float_3_3
Parameters: 1 1.30046e-05 3.09981e-05 -1.29954e-05 1 -0.000147 -3.10019e-05 0.000147 1 -0.0213771 -0.0035725 -0.0447025
FixedParameters: 0 0 0

#Transform 24
Transform: AffineTransform_float_3_3
Parameters: 1 -0.000119886 0.000203067 0.000120114 1 -0.000562975 -0.000202932 0.000563024 1 -0.0144862 0.0382715 0.0798155
FixedParameters: 0 0 0

#Transform 25
Transform: AffineTransform_float_3_3
Parameters: 1 0.000202397 0.000291725 -0.000201602 0.999999 -0.00136106 -0.000292275 0.00136094 0.999999 -0.0054528 0.01876 0.0574905
FixedParameters: 0 0 0

#Transform 26
Transform: AffineTransform_float_3_3
Parameters: 1 1.32933e-05 0.000302987 -1.37067e-05 0.999999 -0.000968004 -0.000303014 0.000967996 1 -0.010398 0.03424 0.0850227
FixedParameters: 0 0 0

#Transform 27
Transform: AffineTransform_float_3_3
Parameters: 1 1.31648e-05 0.000118982 -1.38352e-05 0.999999 -0.001385 -0.000119019 0.001385 0.999999 -0.0204718 0.0562593 0.0968881
FixedParameters: 0 0 0

#Transform 28
Transform: AffineTransform_float_3_3
Parameters: 1 -0.000407454 -0.000153803 0.000407545 0.999995 -0.00294006 0.000155199 0.00293993 0.999995 -0.0277221 0.0578784 0.111974
FixedParameters: 0 0 0

#Transform 29
Transform: AffineTransform_float_3_3
Parameters: 1 -0.000634865 -0.000284074 0.000634135 0.999995 -0.00303518 0.000285926 0.00303482 0.999996 -0.0388229 0.0671524 0.143375
FixedParameters: 0 0 0

#Transform 30
Transform: AffineTransform_float_3_3
Parameters: 0.999999 -0.000876522 -0.000152019 0.000876477 0.999994 -0.00340213 0.000154983 0.00340187 0.999994 -0.0449584 0.0692065 0.165156
FixedParameters: 0 0 0

#Transform 31
Transform: AffineTransform_float_3_3
Parameters: 0.999999 -0.000763561 -0.00015221 0.000762439 0.999993 -0.00365512 0.000154788 0.00365488 0.999994 -0.0438965 0.0793033 0.147984
FixedParameters: 0 0 0

#Transform 32
Transform: AffineTransform_float_3_3
Parameters: 0.999999 -0.000763656 -0.000151733 0.000762342 0.99999 -0.00428011 0.000155265 0.00428088 0.999991 -0.0439053 0.0859343 0.172434
FixedParameters: 0 0 0

#Transform 33
Transform: AffineTransform_float_3_3
Parameters: 0.999999 -0.000764507 -0.000303227 0.000762494 0.999988 -0.00494023 0.00030677 0.00493977 0.999988 -0.039278 0.118627 0.179174
FixedParameters: 0 0 0

#Transform 34
Transform: AffineTransform_float_3_3
Parameters: 1 -0.000539184 -0.000348645 0.000536814 0.999981 -0.00623519 0.000352354 0.00623481 0.99998 -0.0358752 0.118683 0.19078
FixedParameters: 0 0 0

#Transform 35
Transform: AffineTransform_float_3_3
Parameters: 0.999999 -0.000382181 -0.000706755 0.000377823 0.999982 -0.00590727 0.000708244 0.00590673 0.999983 -0.0161167 0.144088 0.212169
FixedParameters: 0 0 0

#Transform 36
Transform: AffineTransform_float_3_3
Parameters: 1 -0.000177891 -0.000639931 0.000173109 0.999981 -0.00607511 0.000641064 0.00607489 0.999982 -0.00677528 0.136954 0.218074
FixedParameters: 0 0 0

#Transform 37
Transform: AffineTransform_float_3_3
Parameters: 0.999999 -0.00061735 -0.000498882 0.000613649 0.999978 -0.00668731 0.000503114 0.00668669 0.999977 -0.0310344 0.157535 0.328081
FixedParameters: 0 0 0

#Transform 38
Transform: AffineTransform_float_3_3
Parameters: 0.999999 -0.000431276 -0.00063813 0.000426717 0.999977 -0.00668727 0.000641868 0.00668673 0.999978 -0.0303617 0.151766 0.27377
FixedParameters: 0 0 0

#Transform 39
Transform: AffineTransform_float_3_3
Parameters: 1 -0.000503286 -0.000463457 0.00050071 0.999975 -0.00706323 0.000467548 0.00706277 0.999975 -0.0364759 0.160866 0.318874
FixedParameters: 0 0 0

#Transform 40
Transform: AffineTransform_float_3_3
Parameters: 1 -0.000299757 -0.000638789 0.000295241 0.999973 -0.00743419 0.000641212 0.00743381 0.999972 -0.029216 0.155904 0.25181
FixedParameters: 0 0 0

#Transform 41
Transform: AffineTransform_float_3_3
Parameters: 1 -0.000462454 -0.000483722 0.000458544 0.999974 -0.00711522 0.000487275 0.00711577 0.999974 -0.0308417 0.165236 0.258276
FixedParameters: 0 0 0

#Transform 42
Transform: AffineTransform_float_3_3
Parameters: 1 -0.000177651 -0.000419472 0.000173344 0.999962 -0.00868808 0.000421522 0.00868793 0.999962 -0.0170363 0.171731 0.165825
FixedParameters: 0 0 0

#Transform 43
Transform: AffineTransform_float_3_3
Parameters: 0.999999 -0.000426756 -0.000572485 0.000422248 0.999965 -0.00828224 0.000575517 0.00828275 0.999965 -0.0249724 0.1744 0.229495
FixedParameters: 0 0 0

#Transform 44
Transform: AffineTransform_float_3_3
Parameters: 1 -0.00017975 -0.000639412 0.000173245 0.999959 -0.00898111 0.000641582 0.00898089 0.99996 -0.0033977 0.171452 0.175044
FixedParameters: 0 0 0

#Transform 45
Transform: AffineTransform_float_3_3
Parameters: 1 -0.000179007 -0.000570453 0.000173989 0.999961 -0.0087641 0.000572547 0.0087649 0.999962 -0.00550529 0.200202 0.139633
FixedParameters: 0 0 0

#Transform 46
Transform: AffineTransform_float_3_3
Parameters: 1 -0.000179371 -0.000587386 0.000173623 0.999959 -0.00913211 0.00058961 0.0091319 0.999958 -0.00499888 0.199883 0.0523801
FixedParameters: 0 0 0

#Transform 47
Transform: AffineTransform_float_3_3
Parameters: 1 -0.000180349 -0.000669321 0.000173645 0.999955 -0.00947312 0.000671675 0.00947288 0.999955 -0.00638788 0.239309 0.076114
FixedParameters: 0 0 0

#Transform 48
Transform: AffineTransform_float_3_3
Parameters: 1 0.000256397 -0.00102371 -0.000266607 0.999946 -0.0103717 0.00102129 0.0103713 0.999945 0.00935487 0.234497 0.071125
FixedParameters: 0 0 0

#Transform 49
Transform: AffineTransform_float_3_3
Parameters: 1 -7.66267e-05 -0.00108024 6.53758e-05 0.999942 -0.0107591 0.00108077 0.0107589 0.999941 0.0011116 0.217858 0.0643368
FixedParameters: 0 0 0

#Transform 50
Transform: AffineTransform_float_3_3
Parameters: 0.999999 0.000260057 -0.00066675 -0.000266945 0.999945 -0.0104338 0.000664251 0.0104342 0.999946 -0.00556143 0.230048 0.132062
FixedParameters: 0 0 0

#Transform 51
Transform: AffineTransform_float_3_3
Parameters: 0.999999 0.000257349 -0.000814114 -0.00026665 0.99993 -0.0118768 0.00081089 0.0118772 0.999929 0.006815 0.261119 0.129922
FixedParameters: 0 0 0

#Transform 52
Transform: AffineTransform_float_3_3
Parameters: 0.999998 -0.000329327 -0.00192463 0.000308681 0.999945 -0.0105516 0.00192737 0.0105514 0.999943 0.0427645 0.247583 0.19318
FixedParameters: 0 0 0

#Transform 53
Transform: AffineTransform_float_3_3
Parameters: 0.999999 0.000251887 -0.00150161 -0.000267107 0.999949 -0.0100726 0.00149839 0.0100734 0.999948 0.0245765 0.229723 0.186438
FixedParameters: 0 0 0

#Transform 54
Transform: AffineTransform_float_3_3
Parameters: 0.999998 0.000167248 -0.00194999 -0.000189751 0.999937 -0.0111596 0.001948 0.0111603 0.999936 0.0378013 0.249336 0.128881
FixedParameters: 0 0 0

#Transform 55
Transform: AffineTransform_float_3_3
Parameters: 0.999998 0.000242824 -0.00223176 -0.000267178 0.999941 -0.0108384 0.00222924 0.0108396 0.999939 0.0471048 0.241386 0.132459
FixedParameters: 0 0 0

#Transform 56
Transform: AffineTransform_float_3_3
Parameters: 0.999994 0.00115458 -0.00347607 -0.00119842 0.999918 -0.0128029 0.00346094 0.0128071 0.999912 0.0932105 0.32622 0.134851
FixedParameters: 0 0 0

#Transform 57
Transform: AffineTransform_float_3_3
Parameters: 0.999995 0.000889421 -0.00280719 -0.000923578 0.999924 -0.0123415 0.00279581 0.0123435 0.99992 0.0703001 0.286384 0.102937
FixedParameters: 0 0 0

#Transform 58
Transform: AffineTransform_float_3_3
Parameters: 0.999995 0.00090189 -0.00297487 -0.0009371 0.999929 -0.0118223 0.00296313 0.0118247 0.999925 0.0756625 0.267597 0.103268
FixedParameters: 0 0 0

#Transform 59
Transform: AffineTransform_float_3_3
Parameters: 0.999997 0.000962071 -0.00247703 -0.000989928 0.999935 -0.0112986 0.00246597 0.0113014 0.999933 0.0504468 0.212989 0.0755276
FixedParameters: 0 0 0

#Transform 60
Transform: AffineTransform_float_3_3
Parameters: 0.999995 0.000499857 -0.00304932 -0.000537137 0.999925 -0.0121914 0.00304268 0.0121936 0.999921 0.0521247 0.274774 0.0478415
FixedParameters: 0 0 0

#Transform 61
Transform: AffineTransform_float_3_3
Parameters: 0.999996 0.000781886 -0.00269851 -0.000814119 0.999928 -0.0119198 0.00268949 0.0119221 0.999926 0.0599171 0.247854 0.0420235
FixedParameters: 0 0 0

#Transform 62
Transform: AffineTransform_float_3_3
Parameters: 0.999997 0.00050774 -0.00248815 -0.000537257 0.99993 -0.0117727 0.00248184 0.0117743 0.999927 0.0511025 0.271243 0.0398268
FixedParameters: 0 0 0

#Transform 63
Transform: AffineTransform_float_3_3
Parameters: 0.999996 0.000742232 -0.0026575 -0.000771762 0.999937 -0.011218 0.00264851 0.01122 0.999934 0.0583525 0.262771 0.0319363
FixedParameters: 0 0 0

#Transform 64
Transform: AffineTransform_float_3_3
Parameters: 0.999997 0.000516356 -0.00233366 -0.000537646 0.99996 -0.00885377 0.00232933 0.00885523 0.999958 0.0465148 0.113749 -0.000937998
FixedParameters: 0 0 0

#Transform 65
Transform: AffineTransform_float_3_3
Parameters: 0.999998 0.000518799 -0.00217941 -0.000537197 0.999965 -0.00835885 0.00217459 0.00836015 0.999962 0.0213304 0.14604 0.0155882
FixedParameters: 0 0 0

#Transform 66
Transform: AffineTransform_float_3_3
Parameters: 0.999998 0.000604067 -0.00195064 -0.000621938 0.999958 -0.00920681 0.00194536 0.0092072 0.999955 0.0282268 0.162686 0.00156387
FixedParameters: 0 0 0

#Transform 67
Transform: AffineTransform_float_3_3
Parameters: 0.999997 0.000297192 -0.00240666 -0.000317808 0.999962 -0.00864925 0.00240434 0.00865073 0.999959 0.0439254 0.156136 0.019424
FixedParameters: 0 0 0

#Transform 68
Transform: AffineTransform_float_3_3
Parameters: 0.999997 5.61141e-05 -0.00240452 -7.48894e-05 0.999969 -0.00785485 0.00240449 0.00785516 0.999967 0.0417526 0.0919739 0.0121057
FixedParameters: 0 0 0

#Transform 69
Transform: AffineTransform_float_3_3
Parameters: 0.999998 -0.00061771 -0.0019874 0.000606293 0.999983 -0.00588722 0.0019906 0.00588578 0.99998 0.0419352 0.049613 -0.00731954
FixedParameters: 0 0 0

#Transform 70
Transform: AffineTransform_float_3_3
Parameters: 0.999998 -0.0010823 -0.00198866 0.0010787 0.999997 -0.00216315 0.00199034 0.00216085 0.999995 0.0379876 -0.0619123 -0.0198269
FixedParameters: 0 0 0

#Transform 71
Transform: AffineTransform_float_3_3
Parameters: 0.999996 -0.00152515 -0.00245843 0.00152086 0.999998 -0.00168675 0.00246056 0.00168325 0.999995 0.0303267 -0.0413711 -0.0501848
FixedParameters: 0 0 0

#Transform 72
Transform: AffineTransform_float_3_3
Parameters: 0.999997 -0.00124737 -0.00242433 0.00124863 0.999999 0.000258974 0.00242468 -0.000262025 0.999997 0.0290972 -0.086818 -0.063445
FixedParameters: 0 0 0

#Transform 73
Transform: AffineTransform_float_3_3
Parameters: 0.999995 -0.00158578 -0.00289132 0.00159022 0.999997 0.00145841 0.00288868 -0.00146359 0.999995 0.0404606 -0.0845694 -0.0521121
FixedParameters: 0 0 0

#Transform 74
Transform: AffineTransform_float_3_3
Parameters: 0.999994 -0.00148612 -0.00292297 0.00148988 0.999998 0.00132465 0.00292102 -0.00132935 0.999995 0.038363 -0.0732938 -0.0204098
FixedParameters: 0 0 0

#Transform 75
Transform: AffineTransform_float_3_3
Parameters: 0.999996 -0.000968049 -0.00242438 0.00096895 1 0.000390652 0.00242462 -0.000393349 0.999997 0.0313628 -0.0310154 -0.0392236
FixedParameters: 0 0 0

#Transform 76
Transform: AffineTransform_float_3_3
Parameters: 0.999995 -0.000969613 -0.00279179 0.000969388 1 -0.000220707 0.00279121 0.000218295 0.999996 0.0211735 -0.0053317 0.0062363
FixedParameters: 0 0 0

#Transform 77
Transform: AffineTransform_float_3_3
Parameters: 0.999995 -0.000968653 -0.00305311 0.000969346 0.999999 0.000112041 0.00305289 -0.000114958 0.999996 0.0483651 -0.0469556 -0.0695923
FixedParameters: 0 0 0

#Transform 78
Transform: AffineTransform_float_3_3
Parameters: 0.999995 -0.000967723 -0.00305341 0.000969278 1 0.000417043 0.0030536 -0.000419957 0.999996 0.0416525 0.0143645 -0.0397212
FixedParameters: 0 0 0

#Transform 79
Transform: AffineTransform_float_3_3
Parameters: 0.999996 -0.00072765 -0.00269656 0.000726349 0.999999 -0.000612961 0.00269745 0.000611039 0.999996 0.0254482 0.0580274 0.0140039
FixedParameters: 0 0 0

#Transform 80
Transform: AffineTransform_float_3_3
Parameters: 0.999996 -0.000400213 -0.00285369 0.000398786 0.999999 -0.000776141 0.00285431 0.00077486 0.999995 0.0139694 0.0493522 0.0665958
FixedParameters: 0 0 0

#Transform 81
Transform: AffineTransform_float_3_3
Parameters: 0.999998 -0.000164769 -0.00207278 0.00016223 0.999999 -0.00133634 0.00207322 0.00133566 0.999997 -0.0184733 0.0126008 0.00382782
FixedParameters: 0 0 0

#Transform 82
Transform: AffineTransform_float_3_3
Parameters: 1 -0.000315418 -0.000498926 0.000320582 0.999957 0.00920984 0.000496069 -0.00921016 0.999958 -0.0279052 -0.448359 -0.297497
FixedParameters: 0 0 0

#Transform 83
Transform: AffineTransform_float_3_3
Parameters: 0.999999 -0.00084326 -0.000301768 0.000846742 0.999958 0.00919675 0.000294225 -0.00919725 0.999957 -0.0479784 -0.241432 -0.420279
FixedParameters: 0 0 0

#Transform 84
Transform: AffineTransform_float_3_3
Parameters: 1 0.000460873 0.000265961 -0.000462126 0.999991 0.00425088 -0.000264038 -0.00425112 0.999991 -0.0616018 -0.033389 -0.254705
FixedParameters: 0 0 0

#Transform 85
Transform: AffineTransform_float_3_3
Parameters: 0.999999 0.000248539 -0.000784829 -0.000247461 0.999999 0.000687194 0.000784169 -0.000686805 0.999999 -0.00977596 0.07758 -0.193758
FixedParameters: 0 0 0

#Transform 86
Transform: AffineTransform_float_3_3
Parameters: 1 0.000218582 -0.000607791 -0.000218418 0.999999 0.000957133 0.000608209 -0.000956867 1 -0.00639102 0.0634308 -0.178123
FixedParameters: 0 0 0

#Transform 87
Transform: AffineTransform_float_3_3
Parameters: 1 -0.000339005 -0.000471996 0.000338995 1 -1.116e-05 0.000472004 1.084e-05 1 -0.0194632 0.110203 -0.21676
FixedParameters: 0 0 0

#Transform 88
Transform: AffineTransform_float_3_3
Parameters: 0.999999 -0.000692194 -0.000472715 0.000691805 0.999999 -0.000411327 0.000473284 0.000410672 1 -0.0232441 0.031575 -0.23035
FixedParameters: 0 0 0

#Transform 89
Transform: AffineTransform_float_3_3
Parameters: 1 -0.000197998 3.11523e-06 0.000198002 1 -0.000581999 -2.88476e-06 0.000582 1 -0.0382669 0.0789768 -0.13027
FixedParameters: 0 0 0

#Transform 90
Transform: AffineTransform_float_3_3
Parameters: 1 -0.000268401 -0.000484778 0.000268599 0.999999 -0.00082713 0.000485222 0.000826869 0.999999 -0.0243001 0.0406284 -0.147816
FixedParameters: 0 0 0

#Transform 91
Transform: AffineTransform_float_3_3
Parameters: 0.999999 -0.000534884 -0.000825075 0.000535116 1 0.000140558 0.000824924 -0.000140441 0.999999 -0.0322727 0.0352754 -0.139448
FixedParameters: 0 0 0

#Transform 92
Transform: AffineTransform_float_3_3
Parameters: 0.999999 -0.000656742 -0.000687246 0.000656258 0.999999 0.000375549 0.000686753 -0.000375451 0.999999 -0.024359 0.0306666 -0.10119
FixedParameters: 0 0 0

#Transform 93
Transform: AffineTransform_float_3_3
Parameters: 0.999999 -0.000363642 -0.000637204 0.000363358 1 0.000560768 0.000637796 -0.000561232 0.999999 -0.0122868 -0.00156688 -0.123957
FixedParameters: 0 0 0

#Transform 94
Transform: AffineTransform_float_3_3
Parameters: 1 -0.000363173 -0.000549547 0.000363828 0.999999 0.0015058 0.000549452 -0.0015062 0.999998 -0.0327403 0.0113184 0.0517559
FixedParameters: 0 0 0

#Transform 95
Transform: AffineTransform_float_3_3
Parameters: 0.999999 -8.38734e-05 -0.000711015 8.41265e-05 1 0.00017794 0.000710985 -0.00017806 0.999999 -0.0205715 0.0594038 -0.0576048
FixedParameters: 0 0 0

#Transform 96
Transform: AffineTransform_float_3_3
Parameters: 0.999999 -2.13101e-05 -0.00123201 2.16899e-05 1 0.000559974 0.00123199 -0.000560027 0.999999 -0.00189248 0.0139115 0.0124802
FixedParameters: 0 0 0

#Transform 97
Transform: AffineTransform_float_3_3
Parameters: 0.999999 -0.000348451 -0.00123216 0.000348548 1 0.000444571 0.00123185 -0.00044543 0.999999 -0.0196353 0.0355255 0.060955
FixedParameters: 0 0 0

#Transform 98
Transform: AffineTransform_float_3_3
Parameters: 1 9.16137e-05 -0.00111795 -9.03867e-05 1 0.000549101 0.00111705 -0.000548898 0.999999 -0.00865038 0.0141696 0.050439
FixedParameters: 0 0 0

#Transform 99
Transform: AffineTransform_float_3_3
Parameters: 0.999999 -0.000335464 -0.00123215 0.000336537 1 0.000435586 0.00123185 -0.000435414 0.999999 -0.0161465 0.032326 0.0496532
FixedParameters: 0 0 0

#Transform 100
Transform: AffineTransform_float_3_3
Parameters: 1 -0.000537323 -0.000920396 0.000538677 0.999999 0.000735505 0.000920605 -0.000735495 1 -0.0201615 -0.00861097 0.0859825
FixedParameters: 0 0 0

#Transform 101
Transform: AffineTransform_float_3_3
Parameters: 0.999999 -0.000482127 -0.00113137 0.000482873 0.999999 0.000771454 0.00113063 -0.000771545 0.999999 -0.0131286 -0.0475845 0.0760487
FixedParameters: 0 0 0

#Transform 102
Transform: AffineTransform_float_3_3
Parameters: 0.999999 -0.000699069 -0.00123253 0.00069993 1 0.000754138 0.00123147 -0.000755862 0.999999 -0.0120605 -0.017344 0.15481
FixedParameters: 0 0 0

#Transform 103
Transform: AffineTransform_float_3_3
Parameters: 0.999999 -0.000282964 -0.000688014 0.000283036 1 5.18053e-05 0.000687985 -5.21947e-05 1 -0.0251549 0.00407969 0.0647934
FixedParameters: 0 0 0

#Transform 104
Transform: AffineTransform_float_3_3
Parameters: 0.999999 -0.000601171 -0.000388286 0.00060183 0.999997 0.00213777 0.000387714 -0.00213823 0.999997 -0.0688796 0.00496906 0.107992
FixedParameters: 0 0 0

#Transform 105
Transform: AffineTransform_float_3_3
Parameters: 0.999999 -0.000545816 -0.000654988 0.000547184 0.999998 0.00180864 0.000654011 -0.00180936 0.999998 -0.0306237 0.00854869 0.0558013
FixedParameters: 0 0 0

#Transform 106
Transform: AffineTransform_float_3_3
Parameters: 0.999999 -0.000282231 -0.000807269 0.000282769 0.999999 0.000951772 0.000807731 -0.000952228 0.999999 -0.0141042 0.0556066 0.0405572
FixedParameters: 0 0 0

#Transform 107
Transform: AffineTransform_float_3_3
Parameters: 1 -0.000282991 -0.000128021 0.000283009 1 7.29638e-05 0.000127979 -7.30362e-05 1 -0.0277884 0.0963054 0.0872559
FixedParameters: 0 0 0

#Transform 108
Transform: AffineTransform_float_3_3
Parameters: 1 -0.000283479 -0.000452701 0.000282521 1 -0.00105713 0.000453299 0.00105687 1 -0.0178438 0.106014 0.0539547
FixedParameters: 0 0 0

#Transform 109
Transform: AffineTransform_float_3_3
Parameters: 1 -0.000283298 -0.00030172 0.000282701 0.999999 -0.000989085 0.00030228 0.000988914 1 -0.0224131 0.0834546 0.0402067
FixedParameters: 0 0 0

#Transform 110
Transform: AffineTransform_float_3_3
Parameters: 1 -0.000283524 -0.000452672 0.000282477 1 -0.00115713 0.000452327 0.00115687 0.999999 -0.0178038 0.076029 -0.0286953
FixedParameters: 0 0 0

#Transform 111
Transform: AffineTransform_float_3_3
Parameters: 1 -0.000283763 -0.000452522 0.000283237 0.999998 -0.00168613 0.000452478 0.00168587 0.999999 -0.017814 0.0872196 -0.00665171
FixedParameters: 0 0 0

#Transform 112
Transform: AffineTransform_float_3_3
Parameters: 1 -0.000283434 -0.000251512 0.000282566 0.999998 -0.00172507 0.000251488 0.00172493 0.999999 -0.0239902 0.103594 -0.011625
FixedParameters: 0 0 0

#Transform 113
Transform: AffineTransform_float_3_3
Parameters: 1 -0.000283232 -0.000103366 0.000282766 0.999998 -0.00224003 0.000104634 0.00223997 0.999998 -0.0285047 0.141078 0.0153891
FixedParameters: 0 0 0

#Transform 114
Transform: AffineTransform_float_3_3
Parameters: 1 -0.000283319 -0.000105146 0.000282679 0.999996 -0.00301703 0.000106853 0.00301697 0.999996 -0.0220949 0.134104 -0.0101541
FixedParameters: 0 0 0

#Transform 115
Transform: AffineTransform_float_3_3
Parameters: 1 -0.00028291 2.5043e-05 0.00028309 0.999993 -0.00368599 -2.39567e-05 0.00368601 0.999993 -0.0363762 0.166981 0.0225916
FixedParameters: 0 0 0

#Transform 116
Transform: AffineTransform_float_3_3
Parameters: 1 -0.000363428 0.00012764 0.000363573 0.99999 -0.00450995 -0.000126362 0.00451004 0.99999 -0.0383178 0.163719 0.0204734
FixedParameters: 0 0 0

#Transform 117
Transform: AffineTransform_float_3_3
Parameters: 1 -0.000285452 -0.000451459 0.000282551 0.999986 -0.00542013 0.000452538 0.00542087 0.999985 -0.0162854 0.199951 0.032096
FixedParameters: 0 0 0

#Transform 118
Transform: AffineTransform_float_3_3
Parameters: 1 -2.49594e-05 0.000309172 2.60395e-05 0.999978 -0.00660199 -0.000308835 0.00660201 0.999978 -0.025717 0.205074 -0.0847359
FixedParameters: 0 0 0

#Transform 119
Transform: AffineTransform_float_3_3
Parameters: 1 -0.000134005 -0.000682035 0.000128995 0.999973 -0.00733309 0.000682964 0.00733291 0.999973 -0.00660701 0.248099 0.0406544
FixedParameters: 0 0 0

#Transform 120
Transform: AffineTransform_float_3_3
Parameters: 1 0.00027101 -0.00100319 -0.000278989 0.999968 -0.00797372 0.00100081 0.00797327 0.999967 0.00679033 0.245006 0.0105159
FixedParameters: 0 0 0

#Transform 121
Transform: AffineTransform_float_3_3
Parameters: 0.999999 9.99031e-06 -0.000879107 -1.70088e-05 0.999968 -0.00797399 0.000878892 0.00797401 0.999968 0.00632421 0.2715 0.0475612
FixedParameters: 0 0 0

#Transform 122
Transform: AffineTransform_float_3_3
Parameters: 0.999999 0.000272102 -0.000817328 -0.000278895 0.999965 -0.00845078 0.000814672 0.00845123 0.999964 0.00855102 0.259539 0.0329599
FixedParameters: 0 0 0

#Transform 123
Transform: AffineTransform_float_3_3
Parameters: 0.999999 0.000165531 -0.000881435 -0.000172465 0.999964 -0.00847985 0.000879568 0.00848015 0.999963 0.00198999 0.259098 0.0748517
FixedParameters: 0 0 0

#Transform 124
Transform: AffineTransform_float_3_3
Parameters: 1 0.000274883 -0.00045551 -0.000279112 0.999959 -0.00906287 0.000452489 0.00906312 0.999959 -0.0100752 0.240438 0.0413038
FixedParameters: 0 0 0

#Transform 125
Transform: AffineTransform_float_3_3
Parameters: 1 0.000133816 -0.000617147 -0.000139191 0.999964 -0.00840692 0.000616852 0.00840709 0.999965 -0.00429226 0.243921 0.0659937
FixedParameters: 0 0 0

#Transform 126
Transform: AffineTransform_float_3_3
Parameters: 1 0.000274737 -0.000508327 -0.00027926 0.999964 -0.00840585 0.00050567 0.00840613 0.999964 -0.00846484 0.205053 0.0487353
FixedParameters: 0 0 0

#Transform 127
Transform: AffineTransform_float_3_3
Parameters: 1 0.000275379 -0.00045521 -0.000278619 0.999968 -0.00797388 0.000452793 0.00797313 0.999968 -0.0101124 0.219582 0.110713
FixedParameters: 0 0 0

#Transform 128
Transform: AffineTransform_float_3_3
Parameters: 0.999999 0.00027226 -0.000886098 -0.000278739 0.999971 -0.00761475 0.000883902 0.00761524 0.99997 0.00305906 0.201777 0.121762
FixedParameters: 0 0 0

#Transform 129
Transform: AffineTransform_float_3_3
Parameters: 1 -9.86317e-05 -0.000986267 9.13703e-05 0.99997 -0.00773509 0.000986736 0.0077349 0.999969 0.00299868 0.202396 0.123467
FixedParameters: 0 0 0

#Transform 130
Transform: AffineTransform_float_3_3
Parameters: 1 -9.11416e-05 -0.000610254 8.58606e-05 0.999965 -0.00842006 0.000610745 0.00841995 0.999965 -0.00104124 0.206947 0.0270302
FixedParameters: 0 0 0

#Transform 131
Transform: AffineTransform_float_3_3
Parameters: 1 -9.51232e-05 -0.00112427 8.5879e-05 0.999967 -0.00811211 0.00112473 0.0081119 0.999967 0.00825258 0.222044 0.107318
FixedParameters: 0 0 0

#Transform 132
Transform: AffineTransform_float_3_3
Parameters: 0.999999 -9.63629e-05 -0.00129127 8.56391e-05 0.999968 -0.00802312 0.00129173 0.00802288 0.999967 0.00517923 0.185786 0.0882358
FixedParameters: 0 0 0

#Transform 133
Transform: AffineTransform_float_3_3
Parameters: 0.999999 -9.74885e-05 -0.00153431 8.55077e-05 0.999972 -0.00748514 0.00153568 0.00748586 0.999971 0.0207462 0.206765 0.104138
FixedParameters: 0 0 0

#Transform 134
Transform: AffineTransform_float_3_3
Parameters: 0.999998 0.000229437 -0.00159086 -0.000242563 0.999969 -0.00790062 0.00158913 0.00790137 0.999967 0.0253201 0.193789 0.087435
FixedParameters: 0 0 0

#Transform 135
Transform: AffineTransform_float_3_3
Parameters: 0.999999 0.000161302 -0.00184125 -0.000174696 0.999973 -0.00744169 0.00183975 0.00744231 0.99997 0.0324116 0.204052 0.100488
FixedParameters: 0 0 0

#Transform 136
Transform: AffineTransform_float_3_3
Parameters: 0.999998 0.00018109 -0.00194035 -0.000195914 0.999975 -0.00717064 0.00193965 0.00717137 0.999973 0.0226997 0.182819 0.0874154
FixedParameters: 0 0 0

#Transform 137
Transform: AffineTransform_float_3_3
Parameters: 0.999997 -0.000101983 -0.00241738 8.60187e-05 0.999978 -0.00661123 0.00241762 0.00661078 0.999975 0.0252505 0.196654 0.120523
FixedParameters: 0 0 0

#Transform 138
Transform: AffineTransform_float_3_3
Parameters: 0.999997 -0.000102821 -0.00234532 8.6174e-05 0.999975 -0.00717122 0.00234668 0.00717078 0.999971 0.0300462 0.186337 0.124894
FixedParameters: 0 0 0

#Transform 139
Transform: AffineTransform_float_3_3
Parameters: 0.999996 -0.000105002 -0.00278435 8.59923e-05 0.999976 -0.00682426 0.00278565 0.00682373 0.999973 0.0364688 0.186026 0.16109
FixedParameters: 0 0 0

#Transform 140
Transform: AffineTransform_float_3_3
Parameters: 0.999997 -0.000105173 -0.00267331 8.58289e-05 0.999975 -0.00717126 0.00267368 0.00717074 0.99997 0.0360966 0.185515 0.123735
FixedParameters: 0 0 0

#Transform 141
Transform: AffineTransform_float_3_3
Parameters: 0.999996 -0.000105257 -0.00274833 8.57446e-05 0.999976 -0.00700626 0.00274867 0.00700574 0.999971 0.0354766 0.176109 0.125068
FixedParameters: 0 0 0

#Transform 142
Transform: AffineTransform_float_3_3
Parameters: 0.999998 -0.00017357 -0.00231982 0.000156438 0.999975 -0.00714038 0.00232018 0.00714062 0.999972 0.0215777 0.197606 0.179571
FixedParameters: 0 0 0

#Transform 143
Transform: AffineTransform_float_3_3
Parameters: 0.999996 -7.32728e-06 -0.00287301 -1.03272e-05 0.999982 -0.00603099 0.00287299 0.006031 0.999977 0.0395532 0.162057 0.284083
FixedParameters: 0 0 0

#Transform 144
Transform: AffineTransform_float_3_3
Parameters: 0.999993 -0.000333639 -0.00357466 0.000319362 0.999991 -0.00409417 0.00357634 0.00409383 0.999985 0.0152607 0.0749603 0.454899
FixedParameters: 0 0 0

#Transform 145
Transform: AffineTransform_float_3_3
Parameters: 0.999998 0.000111807 -0.00205912 -0.000114193 1 -0.00106477 0.00205888 0.00106523 0.999998 0.00981888 -0.0140551 0.0907461
FixedParameters: 0 0 0

#Transform 146
Transform: AffineTransform_float_3_3
Parameters: 0.999998 0.000112939 -0.00205906 -0.00011406 1 -0.000514766 0.00205894 0.000515233 0.999997 0.002222 -0.0105945 0.118555
FixedParameters: 0 0 0

#Transform 147
Transform: AffineTransform_float_3_3
Parameters: 1 0.000280335 -0.00111517 -0.000281666 1 -0.000596686 0.00111583 0.000596313 0.999999 0.0294113 0.155094 0.0313126
FixedParameters: 0 0 0

#Transform 148
Transform: AffineTransform_float_3_3
Parameters: 0.999999 0.000450631 -0.000883726 -0.000453369 0.999992 -0.0038156 0.000882277 0.0038154 0.999993 0.00811983 0.0899871 0.0828342
FixedParameters: 0 0 0

#Transform 149
Transform: AffineTransform_float_3_3
Parameters: 0.999999 0.000608295 -0.000677168 -0.000613703 0.999964 -0.00845559 0.000671834 0.00845641 0.999964 0.000960508 0.274252 0.0661317
FixedParameters: 0 0 0

#Transform 150
Transform: AffineTransform_float_3_3
Parameters: 1 0.000793744 -0.000675844 -0.000797258 0.999988 -0.00483246 0.000672156 0.00483254 0.999988 0.00259246 0.214212 0.195077
FixedParameters: 0 0 0

#Transform 151
Transform: AffineTransform_float_3_3
Parameters: 0.999999 0.000605909 -0.00121607 -0.000613091 0.999977 -0.00666426 0.00121194 0.00666474 0.999977 0.0196191 0.243488 0.201815
FixedParameters: 0 0 0

#Transform 152
Transform: AffineTransform_float_3_3
Parameters: 0.999998 0.000931396 -0.00162272 -0.000942607 0.999974 -0.00716548 0.00161629 0.00716652 0.999973 0.0349288 0.221906 0.175701
FixedParameters: 0 0 0

#Transform 153
Transform: AffineTransform_float_3_3
Parameters: 0.999998 0.00110078 -0.00155075 -0.00111323 0.999968 -0.00790329 0.00154225 0.00790571 0.999967 0.0343093 0.257594 0.116988
FixedParameters: 0 0 0

#Transform 154
Transform: AffineTransform_float_3_3
Parameters: 0.999998 0.00109887 -0.00176687 -0.00111314 0.999967 -0.00801905 0.00175813 0.00802095 0.999967 0.0407165 0.260842 0.199951
FixedParameters: 0 0 0

#Transform 155
Transform: AffineTransform_float_3_3
Parameters: 0.999997 0.00109357 -0.00242585 -0.00111343 0.999967 -0.00802033 0.00241715 0.00802367 0.999965 0.0608814 0.246953 0.24417
FixedParameters: 0 0 0

#Transform 156
Transform: AffineTransform_float_3_3
Parameters: 0.999997 0.00109064 -0.00242718 -0.00111336 0.999957 -0.00923133 0.00241683 0.00923467 0.999955 0.0472108 0.265684 0.205427
FixedParameters: 0 0 0

#Transform 157
Transform: AffineTransform_float_3_3
Parameters: 0.999992 0.0017899 -0.00336293 -0.0018141 0.999972 -0.00717595 0.00335006 0.00718204 0.999968 0.0775253 0.111732 0.230514
FixedParameters: 0 0 0

#Transform 158
Transform: AffineTransform_float_3_3
Parameters: 0.999986 0.00179876 -0.00508242 -0.00181324 0.999994 -0.00299583 0.00507658 0.00300517 0.999982 0.12155 0.0928085 0.446065
FixedParameters: 0 0 0

#Transform 159
Transform: AffineTransform_float_3_3
Parameters: 0.999987 0.00231459 -0.00454008 -0.00234141 0.999979 -0.00604145 0.00452593 0.00605256 0.999972 0.100211 0.240255 0.365259
FixedParameters: 0 0 0

#Transform 160
Transform: AffineTransform_float_3_3
Parameters: 0.999987 0.00231074 -0.00454204 -0.00234126 0.999973 -0.00688945 0.00452596 0.00690054 0.999966 0.10047 0.222665 0.297514
FixedParameters: 0 0 0

#Transform 161
Transform: AffineTransform_float_3_3
Parameters: 0.999992 0.00141386 -0.00390194 -0.00144114 0.999974 -0.00696244 0.00389106 0.00696756 0.999968 0.0863348 0.254096 0.208618
FixedParameters: 0 0 0

#Transform 162
Transform: AffineTransform_float_3_3
Parameters: 0.999991 0.00127741 -0.00390114 -0.00130458 0.999974 -0.00707697 0.00389186 0.00708203 0.999968 0.072596 0.263639 0.155939
FixedParameters: 0 0 0

#Transform 163
Transform: AffineTransform_float_3_3
Parameters: 0.999991 0.00115743 -0.00390059 -0.00118556 0.999973 -0.00732944 0.00389141 0.00733356 0.999965 0.07144 0.263121 0.158142
FixedParameters: 0 0 0

#Transform 164
Transform: AffineTransform_float_3_3
Parameters: 0.999993 0.000908469 -0.00365396 -0.000936534 0.999971 -0.00754063 0.00364704 0.00754337 0.999965 0.0558202 0.265532 0.202748
FixedParameters: 0 0 0

#Transform 165
Transform: AffineTransform_float_3_3
Parameters: 0.999994 0.00115741 -0.0034597 -0.00118559 0.999965 -0.00827295 0.00345031 0.00827705 0.99996 0.0393208 0.241619 0.177435
FixedParameters: 0 0 0

#Transform 166
Transform: AffineTransform_float_3_3
Parameters: 0.999995 0.000672443 -0.00309254 -0.000692559 0.999977 -0.00665089 0.00308846 0.00665311 0.999973 0.0416481 0.167897 0.207823
FixedParameters: 0 0 0

#Transform 167
Transform: AffineTransform_float_3_3
Parameters: 0.999995 0.000747982 -0.00309291 -0.00076802 0.999978 -0.00647666 0.00308809 0.00647834 0.999974 0.0454407 0.15938 0.228342
FixedParameters: 0 0 0

#Transform 168
Transform: AffineTransform_float_3_3
Parameters: 0.999996 0.000673511 -0.00250831 -0.000692487 0.99997 -0.00777729 0.00250269 0.00777871 0.999966 0.030851 0.195548 0.210869
FixedParameters: 0 0 0

#Transform 169
Transform: AffineTransform_float_3_3
Parameters: 0.999995 0.00125601 -0.00309825 -0.00128098 0.999966 -0.00807607 0.00308775 0.00807992 0.999962 0.0499162 0.265682 0.257114
FixedParameters: 0 0 0

#Transform 170
Transform: AffineTransform_float_3_3
Parameters: 0.999991 0.00125804 -0.00402824 -0.00128096 0.999983 -0.00570189 0.00402076 0.00570711 0.999975 0.0734401 0.151164 0.206422
FixedParameters: 0 0 0

#Transform 171
Transform: AffineTransform_float_3_3
Parameters: 0.999993 0.00125758 -0.00352544 -0.00128143 0.999977 -0.00665053 0.00351755 0.00665447 0.999971 0.0586042 0.210365 0.212368
FixedParameters: 0 0 0

#Transform 172
Transform: AffineTransform_float_3_3
Parameters: 0.999993 0.00124853 -0.00336223 -0.00128147 0.999953 -0.00967275 0.00334976 0.00967724 0.999947 0.0425678 0.272386 0.238196
FixedParameters: 0 0 0

#Transform 173
Transform: AffineTransform_float_3_3
Parameters: 0.999994 0.000940755 -0.00335949 -0.00097424 0.999951 -0.00990779 0.00334951 0.00991122 0.999946 0.0186212 0.299963 0.353448
FixedParameters: 0 0 0

#Transform 174
Transform: AffineTransform_float_3_3
Parameters: 0.999993 0.0012379 -0.00336616 -0.0012811 0.999917 -0.0128318 0.00334983 0.0128362 0.999912 0.0413872 0.340817 0.241256
FixedParameters: 0 0 0

#Transform 175
Transform: AffineTransform_float_3_3
Parameters: 0.999994 0.0011485 -0.00321376 -0.0011885 0.999919 -0.0126272 0.00319925 0.0126317 0.999915 0.0361222 0.364463 0.213142
FixedParameters: 0 0 0

#Transform 176
Transform: AffineTransform_float_3_3
Parameters: 0.999996 0.000970509 -0.00265984 -0.00100549 0.999915 -0.0129964 0.00264715 0.0129996 0.999912 0.0200416 0.366769 0.252874
FixedParameters: 0 0 0

#Transform 177
Transform: AffineTransform_float_3_3
Parameters: 0.999995 0.000998849 -0.00299469 -0.00103816 0.999909 -0.013436 0.00298132 0.0134391 0.999905 0.0222357 0.334042 0.252781
FixedParameters: 0 0 0

#Transform 178
Transform: AffineTransform_float_3_3
Parameters: 0.999996 0.000752826 -0.00265722 -0.000788171 0.999912 -0.0132609 0.00264678 0.013263 0.999908 0.00527287 0.361904 0.289648
FixedParameters: 0 0 0

#Transform 179
Transform: AffineTransform_float_3_3
Parameters: 0.999996 0.000701309 -0.00294473 -0.000736683 0.999926 -0.0121369 0.00293528 0.0121391 0.999922 -0.000352452 0.339591 0.314745
FixedParameters: 0 0 0
