# transform file /out/sourcedata/freesurfer/sub-v1s15x0050213_ses-1/mri/transforms/cc_up.lta
# created by oesteban on Sun Mar  8 22:55:38 2026

type      = 0 # LINEAR_VOX_TO_VOX
nxforms   = 1
mean      = 130.0000 88.0000 130.0000
sigma     = 10000.0000
1 4 4
9.896469116210938e-01 -4.928198084235191e-02 1.347965896129608e-01 -9.716387748718262e+00 
4.883109778165817e-02 9.987848401069641e-01 6.651125382632017e-03 4.911720657348633e+01 
-1.349605768918991e-01 -4.656612317965880e-10 9.908508658409119e-01 1.404578971862793e+01 
0.000000000000000e+00 0.000000000000000e+00 0.000000000000000e+00 1.000000000000000e+00 
src volume info
valid = 1  # volume info valid
filename = /out/sourcedata/freesurfer/sub-v1s15x0050213_ses-1/mri/norm.mgz
volume = 256 256 256
voxelsize = 1.000000000000000e+00 1.000000000000000e+00 1.000000000000000e+00
xras   = -1.000000000000000e+00 0.000000000000000e+00 0.000000000000000e+00
yras   = 0.000000000000000e+00 0.000000000000000e+00 -1.000000000000000e+00
zras   = 0.000000000000000e+00 1.000000000000000e+00 0.000000000000000e+00
cras   = 4.718498229980469e+00 1.175000000000000e+01 -1.731300354003906e+01
dst volume info
valid = 1  # volume info valid
filename = /out/sourcedata/freesurfer/sub-v1s15x0050213_ses-1/mri/norm.mgz
volume = 256 256 256
voxelsize = 1.000000000000000e+00 1.000000000000000e+00 1.000000000000000e+00
xras   = -1.000000000000000e+00 0.000000000000000e+00 0.000000000000000e+00
yras   = 0.000000000000000e+00 0.000000000000000e+00 -1.000000000000000e+00
zras   = 0.000000000000000e+00 1.000000000000000e+00 0.000000000000000e+00
cras   = 4.718498229980469e+00 1.175000000000000e+01 -1.731300354003906e+01
