# transform file /out/sourcedata/freesurfer/sub-v1s15x0050207_ses-1/mri/transforms/cc_up.lta
# created by oesteban on Sun Mar  8 22:44:55 2026

type      = 0 # LINEAR_VOX_TO_VOX
nxforms   = 1
mean      = 126.0000 84.0000 129.0000
sigma     = 10000.0000
1 4 4
9.972510337829590e-01 -2.427856810390949e-02 -7.000686973333359e-02 1.321248340606689e+01 
2.421896532177925e-02 9.997052550315857e-01 -1.700167660601437e-03 5.319107437133789e+01 
7.002751529216766e-02 0.000000000000000e+00 9.975451231002808e-01 3.531338691711426e+00 
0.000000000000000e+00 0.000000000000000e+00 0.000000000000000e+00 1.000000000000000e+00 
src volume info
valid = 1  # volume info valid
filename = /out/sourcedata/freesurfer/sub-v1s15x0050207_ses-1/mri/norm.mgz
volume = 256 256 256
voxelsize = 1.000000000000000e+00 1.000000000000000e+00 1.000000000000000e+00
xras   = -1.000000000000000e+00 0.000000000000000e+00 0.000000000000000e+00
yras   = 0.000000000000000e+00 0.000000000000000e+00 -1.000000000000000e+00
zras   = 0.000000000000000e+00 1.000000000000000e+00 0.000000000000000e+00
cras   = 1.875000000000000e-01 7.804000854492188e+00 -8.289001464843750e+00
dst volume info
valid = 1  # volume info valid
filename = /out/sourcedata/freesurfer/sub-v1s15x0050207_ses-1/mri/norm.mgz
volume = 256 256 256
voxelsize = 1.000000000000000e+00 1.000000000000000e+00 1.000000000000000e+00
xras   = -1.000000000000000e+00 0.000000000000000e+00 0.000000000000000e+00
yras   = 0.000000000000000e+00 0.000000000000000e+00 -1.000000000000000e+00
zras   = 0.000000000000000e+00 1.000000000000000e+00 0.000000000000000e+00
cras   = 1.875000000000000e-01 7.804000854492188e+00 -8.289001464843750e+00
