# transform file transforms/talairach.lta
# created by oesteban on Sun Mar  8 21:25:47 2026

type      = 0 # LINEAR_VOX_TO_VOX
nxforms   = 1
mean      = 126.0000 88.0000 130.0000
sigma     = 10000.0000
1 4 4
1.053129076957703e+00 -5.230944976210594e-02 -1.028019636869431e-01 1.087777328491211e+01 
5.331670865416527e-02 1.076914668083191e+00 2.761008217930794e-02 1.570260810852051e+01 
9.866515547037125e-02 -3.702834248542786e-02 9.762450456619263e-01 -2.511686706542969e+01 
0.000000000000000e+00 0.000000000000000e+00 0.000000000000000e+00 1.000000000000000e+00 
src volume info
valid = 1  # volume info valid
filename = nu.mgz
volume = 256 256 256
voxelsize = 1.000000000000000e+00 1.000000000000000e+00 1.000000000000000e+00
xras   = -1.000000000000000e+00 0.000000000000000e+00 0.000000000000000e+00
yras   = 0.000000000000000e+00 0.000000000000000e+00 -1.000000000000000e+00
zras   = 0.000000000000000e+00 1.000000000000000e+00 0.000000000000000e+00
cras   = 1.875000000000000e-01 7.804000854492188e+00 -8.289001464843750e+00
dst volume info
valid = 1  # volume info valid
filename = /opt/freesurfer/average/RB_all_2020-01-02.gca
volume = 256 256 256
voxelsize = 1.000000000000000e+00 1.000000000000000e+00 1.000000000000000e+00
xras   = -1.000000000000000e+00 0.000000000000000e+00 0.000000000000000e+00
yras   = 0.000000000000000e+00 0.000000000000000e+00 -1.000000000000000e+00
zras   = 0.000000000000000e+00 1.000000000000000e+00 0.000000000000000e+00
cras   = 0.000000000000000e+00 0.000000000000000e+00 0.000000000000000e+00
