#Insight Transform File V1.0
#Transform 0
Transform: AffineTransform_float_3_3
Parameters: 0.999999 0.000748798 -0.000185816 -0.000749201 0.999999 -0.00108886 0.000184184 0.00108914 1 0.0032786 -0.00323489 -0.0891026
FixedParameters: 0 0 0

#Transform 1
Transform: AffineTransform_float_3_3
Parameters: 0.999999 0.000748999 -8.15661e-07 -0.000749001 0.999999 -0.001089 1.84338e-07 0.001089 1 -0.00665581 -0.0157307 -0.0971055
FixedParameters: 0 0 0

#Transform 2
Transform: AffineTransform_float_3_3
Parameters: 0.999999 0.000748999 -8.15661e-07 -0.000749001 0.999999 -0.001089 1.84338e-07 0.001089 1 -0.00591708 0.0279738 -0.0613569
FixedParameters: 0 0 0

#Transform 3
Transform: AffineTransform_float_3_3
Parameters: 0.999999 0.000748999 -8.15661e-07 -0.000749001 0.999999 -0.001089 1.84338e-07 0.001089 1 -0.0113123 0.00226808 -0.0670949
FixedParameters: 0 0 0

#Transform 4
Transform: AffineTransform_float_3_3
Parameters: 1 0.000532772 -0.00025847 -0.000533228 1 -0.000881863 0.00025853 0.000882139 1 -0.0095712 0.0259816 -0.0658691
FixedParameters: 0 0 0

#Transform 5
Transform: AffineTransform_float_3_3
Parameters: 1 0.000598869 -0.000167468 -0.00059913 0.999999 -0.000781899 0.000166531 0.000782099 0.999999 -0.000821516 0.00122982 -0.0609356
FixedParameters: 0 0 0

#Transform 6
Transform: AffineTransform_float_3_3
Parameters: 1 0.000426 -2.62416e-07 -0.000426 0.999999 -0.000616 -2.62416e-07 0.000616 1 -0.012641 0.0229125 -0.0313411
FixedParameters: 0 0 0

#Transform 7
Transform: AffineTransform_float_3_3
Parameters: 1 0.000439 -3.97734e-07 -0.000439 1 -0.000906 -3.97734e-07 0.000906 0.999999 -0.00910845 0.00861303 -0.0452903
FixedParameters: 0 0 0

#Transform 8
Transform: AffineTransform_float_3_3
Parameters: 1 0.000402 -1.56378e-07 -0.000402 1 -0.000389 -1.56378e-07 0.000389 1 -0.0163574 0.0101858 -0.038589
FixedParameters: 0 0 0

#Transform 9
Transform: AffineTransform_float_3_3
Parameters: 1 0.000333 -2.17782e-07 -0.000333 0.999999 -0.000654 -2.17782e-07 0.000654 1 -0.00854724 0.00142921 -0.0294354
FixedParameters: 0 0 0

#Transform 10
Transform: AffineTransform_float_3_3
Parameters: 1 0.000236 -1.18236e-07 -0.000236 1 -0.000501 -1.18236e-07 0.000501 1 -0.014787 0.0012951 -0.0303259
FixedParameters: 0 0 0

#Transform 11
Transform: AffineTransform_float_3_3
Parameters: 1 0.000255 -1.55805e-07 -0.000255 1 -0.000611 -1.55805e-07 0.000611 1 -0.0117729 -3.60305e-05 -0.0477575
FixedParameters: 0 0 0

#Transform 12
Transform: AffineTransform_float_3_3
Parameters: 1 0.000297 -8.8209e-08 -0.000297 1 -0.000297 -8.8209e-08 0.000297 1 -0.00942501 -0.00570303 -0.038876
FixedParameters: 0 0 0

#Transform 13
Transform: AffineTransform_float_3_3
Parameters: 1 0.000304 -1.09136e-07 -0.000304 1 -0.000359 -1.09136e-07 0.000359 1 -0.00567477 0.0031352 -0.0152965
FixedParameters: 0 0 0

#Transform 14
Transform: AffineTransform_float_3_3
Parameters: 1 0.000256 -4.9152e-08 -0.000256 1 -0.000192 -4.9152e-08 0.000192 1 0.00218087 -0.00368278 -0.0167829
FixedParameters: 0 0 0

#Transform 15
Transform: AffineTransform_float_3_3
Parameters: 1 0.00011 -2.134e-08 -0.00011 1 -0.000194 -2.134e-08 0.000194 1 0.000933786 -0.00290278 -0.0199164
FixedParameters: 0 0 0

#Transform 16
Transform: AffineTransform_float_3_3
Parameters: 1 -1.70404e-05 -0.000196996 1.69596e-05 1 -0.000205003 0.000197003 0.000204997 1 0.00733901 -0.0151816 -0.0265659
FixedParameters: 0 0 0

#Transform 17
Transform: AffineTransform_float_3_3
Parameters: 1 5.96934e-06 -0.000365 -6.03066e-06 1 -8.39978e-05 0.000364999 8.40022e-05 1 0.0140311 0.000686326 -0.0169361
FixedParameters: 0 0 0

#Transform 18
Transform: AffineTransform_float_3_3
Parameters: 1 -0.000102 3.162e-08 0.000102 1 -0.00031 3.162e-08 0.00031 1 -0.000838358 -0.0245445 0.0024046
FixedParameters: 0 0 0

#Transform 19
Transform: AffineTransform_float_3_3
Parameters: 1 -4.40271e-05 -0.000214994 4.39729e-05 1 -0.000126009 0.000215006 0.000125991 1 0.0131676 0.00228302 0.00351817
FixedParameters: 0 0 0

#Transform 20
Transform: AffineTransform_float_3_3
Parameters: 1 0.000163996 -5.80103e-05 -0.000164004 1 -6.29905e-05 5.79897e-05 6.30095e-05 1 0.00357411 -0.000387904 -0.000663211
FixedParameters: 0 0 0

#Transform 21
Transform: AffineTransform_float_3_3
Parameters: 1 0.000164015 -8.39703e-05 -0.000163985 1 0.000181014 8.40297e-05 -0.000180986 1 0.00459064 -0.00980074 0.0110541
FixedParameters: 0 0 0

#Transform 22
Transform: AffineTransform_float_3_3
Parameters: 1 0.000164 -2.0664e-08 -0.000164 1 -0.000126 -2.0664e-08 0.000126 1 0.00137582 0.00196422 -0.000356159
FixedParameters: 0 0 0

#Transform 23
Transform: AffineTransform_float_3_3
Parameters: 1 -0.000108 1.3608e-08 0.000108 1 -0.000126 1.3608e-08 0.000126 1 -0.000886763 -0.00955017 -0.00035361
FixedParameters: 0 0 0

#Transform 24
Transform: AffineTransform_float_3_3
Parameters: 1 -0.000244984 0.000365011 0.000245016 1 -4.49106e-05 -0.000364989 4.50894e-05 1 0.000539887 -0.000408789 -0.00164035
FixedParameters: 0 0 0

#Transform 25
Transform: AffineTransform_float_3_3
Parameters: 1 -0.00024 0.000112 0.00024 1 2.688e-08 -0.000112 2.688e-08 1 0.0103767 -0.00213002 0.0186373
FixedParameters: 0 0 0

#Transform 26
Transform: AffineTransform_float_3_3
Parameters: 1 -0.000326 4.1076e-08 0.000326 1 -0.000126 4.1076e-08 0.000126 1 0.0139163 -0.00911424 -0.000350555
FixedParameters: 0 0 0

#Transform 27
Transform: AffineTransform_float_3_3
Parameters: 1 -0.000208004 6.89873e-05 0.000207996 1 6.10143e-05 -6.90127e-05 -6.09856e-05 1 0.00918305 -0.0222166 0.0156463
FixedParameters: 0 0 0

#Transform 28
Transform: AffineTransform_float_3_3
Parameters: 1 -0.000296 -5.3576e-08 0.000296 1 0.000181 -5.3576e-08 -0.000181 1 0.0141287 -0.0363422 -0.00424507
FixedParameters: 0 0 0

#Transform 29
Transform: AffineTransform_float_3_3
Parameters: 1 -0.000241023 7.79282e-05 0.000240977 1 0.000298019 -7.80718e-05 -0.000297981 1 0.0116903 -0.0408546 -0.00536401
FixedParameters: 0 0 0

#Transform 30
Transform: AffineTransform_float_3_3
Parameters: 1 0.000164 6.3468e-08 -0.000164 1 0.000387 6.3468e-08 -0.000387 1 0.012537 -0.0154785 0.0104733
FixedParameters: 0 0 0

#Transform 31
Transform: AffineTransform_float_3_3
Parameters: 1 -6e-06 -2.52e-09 6e-06 1 0.00042 -2.52e-09 -0.00042 1 0.0115871 -0.0131721 -0.00829878
FixedParameters: 0 0 0

#Transform 32
Transform: AffineTransform_float_3_3
Parameters: 1 1.6e-05 4.624e-09 -1.6e-05 1 0.000289 4.624e-09 -0.000289 1 0.00655046 -0.00160143 -0.00723898
FixedParameters: 0 0 0

#Transform 33
Transform: AffineTransform_float_3_3
Parameters: 1 -0.00032193 -0.000196115 0.00032207 1 0.000357937 0.000195885 -0.000358063 1 0.00217727 -0.0225293 -0.0349481
FixedParameters: 0 0 0

#Transform 34
Transform: AffineTransform_float_3_3
Parameters: 1 -0.000207 -1.06191e-07 0.000207 1 0.000513 -1.06191e-07 -0.000513 1 0.00283863 -0.00638246 -0.020247
FixedParameters: 0 0 0

#Transform 35
Transform: AffineTransform_float_3_3
Parameters: 1 -0.000297964 -8.41287e-05 0.000298036 1 0.000431975 8.38712e-05 -0.000432025 1 0.0105774 -0.0163908 -0.0492756
FixedParameters: 0 0 0

#Transform 36
Transform: AffineTransform_float_3_3
Parameters: 1 -0.00028 -1.3384e-07 0.00028 1 0.000478 -1.3384e-07 -0.000478 1 0.0142887 -0.00797394 -0.0327865
FixedParameters: 0 0 0

#Transform 37
Transform: AffineTransform_float_3_3
Parameters: 1 -0.00024 -1.7472e-07 0.00024 0.999999 0.000728 -1.7472e-07 -0.000728 0.999999 0.0146367 -0.0251772 -0.0385219
FixedParameters: 0 0 0

#Transform 38
Transform: AffineTransform_float_3_3
Parameters: 1 -0.000304969 -6.51458e-05 0.000305031 1 0.00047798 6.48542e-05 -0.00047802 1 0.01661 -0.029975 -0.0645216
FixedParameters: 0 0 0

#Transform 39
Transform: AffineTransform_float_3_3
Parameters: 1 -1.40363e-05 7.59933e-05 1.39637e-05 1 0.000478001 -7.60067e-05 -0.000477999 1 0.0136662 -0.0160225 -0.0200411
FixedParameters: 0 0 0

#Transform 40
Transform: AffineTransform_float_3_3
Parameters: 1 6.39092e-05 0.000190031 -6.40908e-05 1 0.000477988 -0.000189969 -0.000478012 1 0.00989627 -0.0161675 -0.0102669
FixedParameters: 0 0 0

#Transform 41
Transform: AffineTransform_float_3_3
Parameters: 1 -9.04254e-06 8.89957e-05 8.95746e-06 1 0.000478001 -8.90043e-05 -0.000477999 1 0.0189897 -0.0300943 -0.0440217
FixedParameters: 0 0 0

#Transform 42
Transform: AffineTransform_float_3_3
Parameters: 1 -0.000159087 0.000159913 0.000158913 1 0.000546025 -0.000160087 -0.000545974 1 0.00923721 -0.00517826 -0.0339795
FixedParameters: 0 0 0

#Transform 43
Transform: AffineTransform_float_3_3
Parameters: 1 -0.000252 -5.2668e-08 0.000252 1 0.000209 -5.2668e-08 -0.000209 1 0.0145522 -0.00962109 -0.066305
FixedParameters: 0 0 0

#Transform 44
Transform: AffineTransform_float_3_3
Parameters: 1 -0.00015 -7.17e-08 0.00015 1 0.000478 -7.17e-08 -0.000478 1 0.0153943 -0.0110876 -0.098542
FixedParameters: 0 0 0

#Transform 45
Transform: AffineTransform_float_3_3
Parameters: 1 -0.000326 -2.0864e-08 0.000326 1 6.4e-05 -2.0864e-08 -6.4e-05 1 0.0295813 0.0121571 -0.110285
FixedParameters: 0 0 0

#Transform 46
Transform: AffineTransform_float_3_3
Parameters: 1 -0.000261 -1.24758e-07 0.000261 1 0.000478 -1.24758e-07 -0.000478 1 0.0144628 -0.00711399 -0.0839999
FixedParameters: 0 0 0

#Transform 47
Transform: AffineTransform_float_3_3
Parameters: 1 -0.000294 -2.22558e-07 0.000294 0.999999 0.000757 -2.22558e-07 -0.000757 0.999999 0.0244347 -0.00809531 -0.0524001
FixedParameters: 0 0 0

#Transform 48
Transform: AffineTransform_float_3_3
Parameters: 1 -0.000245 -9.555e-09 0.000245 1 3.9e-05 -9.555e-09 -3.9e-05 1 0.0274567 0.0193248 -0.0845803
FixedParameters: 0 0 0

#Transform 49
Transform: AffineTransform_float_3_3
Parameters: 1 -0.000153183 -0.000390928 0.000152817 1 -0.00046906 0.000391072 0.00046894 1 0.0303175 0.0157533 -0.184401
FixedParameters: 0 0 0

#Transform 50
Transform: AffineTransform_float_3_3
Parameters: 1 -0.000282277 -0.000500844 0.000281723 1 -0.000553141 0.000501156 0.000552858 0.999999 0.0334492 0.00223504 -0.183459
FixedParameters: 0 0 0

#Transform 51
Transform: AffineTransform_float_3_3
Parameters: 1 -0.000282387 -0.000551802 0.000281612 0.999999 -0.000702155 0.000552197 0.000701844 0.999999 0.0354398 0.0191004 -0.182223
FixedParameters: 0 0 0

#Transform 52
Transform: AffineTransform_float_3_3
Parameters: 0.999999 -0.000282528 -0.000752802 0.000281471 0.999999 -0.000702212 0.000753198 0.000701788 1 0.052265 0.0319303 -0.213833
FixedParameters: 0 0 0

#Transform 53
Transform: AffineTransform_float_3_3
Parameters: 0.999999 -0.000282821 -0.000826719 0.000282179 1 -0.000993234 0.00082728 0.000992767 0.999999 0.0597794 0.0153254 -0.242208
FixedParameters: 0 0 0

#Transform 54
Transform: AffineTransform_float_3_3
Parameters: 0.999999 -0.000282615 -0.000875802 0.000282385 0.999999 -0.000702248 0.000876198 0.000701753 1 0.0567696 0.047803 -0.222478
FixedParameters: 0 0 0

#Transform 55
Transform: AffineTransform_float_3_3
Parameters: 0.999999 -0.000282562 -0.000800802 0.000281437 0.999999 -0.000702226 0.000801198 0.000701774 1 0.0621242 0.0404932 -0.222637
FixedParameters: 0 0 0

#Transform 56
Transform: AffineTransform_float_3_3
Parameters: 0.999999 -0.000426462 -0.000569654 0.000425537 0.999999 -0.000812243 0.000570346 0.000811757 1 0.0520042 0.0601887 -0.21412
FixedParameters: 0 0 0

#Transform 57
Transform: AffineTransform_float_3_3
Parameters: 0.999999 -0.000282846 -0.00088373 0.000282155 1 -0.00095625 0.00088427 0.000956751 0.999999 0.0651858 0.0408473 -0.220301
FixedParameters: 0 0 0

#Transform 58
Transform: AffineTransform_float_3_3
Parameters: 0.999999 -0.000282547 -0.000779802 0.000281452 0.999999 -0.00070222 0.000780198 0.00070178 1 0.0612454 0.0430591 -0.239924
FixedParameters: 0 0 0

#Transform 59
Transform: AffineTransform_float_3_3
Parameters: 0.999999 -0.00043794 -0.000885535 0.000436059 1 -0.00106139 0.000886463 0.00106061 0.999999 0.0640268 0.0546149 -0.244766
FixedParameters: 0 0 0

#Transform 60
Transform: AffineTransform_float_3_3
Parameters: 1 -0.000629917 -0.000915371 0.000629085 1 -0.00100058 0.00091563 0.00100042 0.999999 0.0634705 0.0409504 -0.22186
FixedParameters: 0 0 0

#Transform 61
Transform: AffineTransform_float_3_3
Parameters: 0.999999 -0.000471743 -0.000829577 0.000471256 1 -0.000896392 0.000830422 0.000895609 1 0.0614835 0.0439096 -0.214982
FixedParameters: 0 0 0

#Transform 62
Transform: AffineTransform_float_3_3
Parameters: 0.999999 -0.000365661 -0.000782691 0.000365339 0.999999 -0.000845286 0.000782309 0.000844714 1 0.0605048 0.0543256 -0.199633
FixedParameters: 0 0 0

#Transform 63
Transform: AffineTransform_float_3_3
Parameters: 0.999999 -0.000282685 -0.000849772 0.000282315 0.999999 -0.00080624 0.000849228 0.00080576 1 0.0638 0.0347453 -0.210154
FixedParameters: 0 0 0

#Transform 64
Transform: AffineTransform_float_3_3
Parameters: 1 -0.000282294 -0.000365773 0.000281705 0.999999 -0.000804103 0.000366226 0.000803896 0.999999 0.0453199 0.0416214 -0.205029
FixedParameters: 0 0 0

#Transform 65
Transform: AffineTransform_float_3_3
Parameters: 0.999999 -0.000282785 -0.000680674 0.000282215 1 -0.00115319 0.000681326 0.00115281 0.999999 0.0573874 0.0325692 -0.22205
FixedParameters: 0 0 0

#Transform 66
Transform: AffineTransform_float_3_3
Parameters: 0.999999 -0.000282476 -0.000678801 0.000281523 0.999999 -0.000702191 0.000679197 0.000701808 0.999999 0.0572728 0.0519661 -0.201622
FixedParameters: 0 0 0

#Transform 67
Transform: AffineTransform_float_3_3
Parameters: 1 -0.000282257 -0.000365802 0.000281743 0.999999 -0.000702103 0.000366198 0.000701896 0.999999 0.0453233 0.0520131 -0.2277
FixedParameters: 0 0 0

#Transform 68
Transform: AffineTransform_float_3_3
Parameters: 1 -0.000458506 -0.000536568 0.000457494 0.999999 -0.000943246 0.000536432 0.000942754 1 0.0503687 0.047813 -0.228677
FixedParameters: 0 0 0

#Transform 69
Transform: AffineTransform_float_3_3
Parameters: 1 -0.000282608 -0.000529676 0.000282393 1 -0.00114815 0.000529325 0.00114785 0.999999 0.051568 0.0406139 -0.226897
FixedParameters: 0 0 0

#Transform 70
Transform: AffineTransform_float_3_3
Parameters: 1 -0.000282385 -0.000365704 0.000281615 1 -0.0010511 0.000366296 0.0010509 1 0.0453225 0.0653845 -0.2087
FixedParameters: 0 0 0

#Transform 71
Transform: AffineTransform_float_3_3
Parameters: 1 -0.000282413 -0.000365681 0.000281588 1 -0.0011291 0.000365318 0.0011299 1 0.0453201 0.0486625 -0.216351
FixedParameters: 0 0 0

#Transform 72
Transform: AffineTransform_float_3_3
Parameters: 1 -0.000282265 -0.000279733 0.000281735 1 -0.00094708 0.000280267 0.000946922 1 0.0420292 0.0614004 -0.205265
FixedParameters: 0 0 0

#Transform 73
Transform: AffineTransform_float_3_3
Parameters: 1 -0.000282413 -0.000365681 0.000281588 1 -0.0011291 0.000365318 0.0011299 1 0.0453202 0.0388566 -0.209327
FixedParameters: 0 0 0

#Transform 74
Transform: AffineTransform_float_3_3
Parameters: 1 -0.000282387 -0.000365702 0.000281613 1 -0.0010581 0.000366298 0.0010579 1 0.0453071 0.0575571 -0.185205
FixedParameters: 0 0 0

#Transform 75
Transform: AffineTransform_float_3_3
Parameters: 1 -0.0002822 -0.000311819 0.0002818 1 -0.000640088 0.00031218 0.000639912 0.999999 0.0432575 0.0558676 -0.197399
FixedParameters: 0 0 0

#Transform 76
Transform: AffineTransform_float_3_3
Parameters: 1 -0.000282391 -0.000365699 0.000281609 1 -0.0010681 0.000366301 0.0010679 1 0.0452989 0.0606741 -0.18142
FixedParameters: 0 0 0

#Transform 77
Transform: AffineTransform_float_3_3
Parameters: 1 -0.000282306 -0.000291704 0.000281695 1 -0.00104808 0.000291295 0.00104792 1 0.042467 0.0585585 -0.199841
FixedParameters: 0 0 0

#Transform 78
Transform: AffineTransform_float_3_3
Parameters: 1 -0.000282318 -0.000365754 0.000281681 0.999999 -0.000870102 0.000366245 0.000869896 0.999999 0.0452945 0.0699174 -0.184859
FixedParameters: 0 0 0

#Transform 79
Transform: AffineTransform_float_3_3
Parameters: 1 -0.00028237 -0.000365715 0.00028163 1 -0.0010111 0.000366285 0.0010109 1 0.0453294 0.0403815 -0.211016
FixedParameters: 0 0 0

#Transform 80
Transform: AffineTransform_float_3_3
Parameters: 1 -0.00028229 -0.000365776 0.000281709 0.999999 -0.000794103 0.000366224 0.000793896 0.999999 0.0453086 0.0503833 -0.186386
FixedParameters: 0 0 0

#Transform 81
Transform: AffineTransform_float_3_3
Parameters: 1 -0.000282413 -0.000365681 0.000281588 1 -0.0011291 0.000365318 0.0011299 1 0.0453106 0.06321 -0.201668
FixedParameters: 0 0 0

#Transform 82
Transform: AffineTransform_float_3_3
Parameters: 1 -0.000282314 -0.000365757 0.000281685 0.999999 -0.000860102 0.000366242 0.000859896 0.999999 0.0453024 0.0784706 -0.191036
FixedParameters: 0 0 0

#Transform 83
Transform: AffineTransform_float_3_3
Parameters: 1 -0.000282302 -0.000266682 0.0002817 1 -0.00112908 0.000266319 0.00112993 1 0.0415116 0.0643167 -0.210322
FixedParameters: 0 0 0

#Transform 84
Transform: AffineTransform_float_3_3
Parameters: 1 -0.000282111 -0.000128756 0.000281888 0.999999 -0.000866036 0.000129244 0.000865963 0.999999 0.0362596 0.0453695 -0.21272
FixedParameters: 0 0 0

#Transform 85
Transform: AffineTransform_float_3_3
Parameters: 1 -0.000282266 -0.000365795 0.000281734 0.999999 -0.000726103 0.000366204 0.000725896 0.999999 0.0453478 0.0378956 -0.283988
FixedParameters: 0 0 0

#Transform 86
Transform: AffineTransform_float_3_3
Parameters: 1 -0.000282242 -0.000365813 0.000281757 0.999999 -0.000663103 0.000366187 0.000662896 0.999999 0.0453378 0.0362009 -0.28245
FixedParameters: 0 0 0

#Transform 87
Transform: AffineTransform_float_3_3
Parameters: 1 -0.000282104 -0.000119755 0.000281895 0.999999 -0.000869033 0.000120245 0.000868965 0.999999 0.0359565 0.0441753 -0.307073
FixedParameters: 0 0 0

#Transform 88
Transform: AffineTransform_float_3_3
Parameters: 1 -0.000576253 -0.0003656 0.000575746 0.999999 -0.00069421 0.000365399 0.000693789 0.999999 0.0483215 0.0194146 -0.305506
FixedParameters: 0 0 0

#Transform 89
Transform: AffineTransform_float_3_3
Parameters: 1 -0.000282413 -0.000365681 0.000281588 1 -0.0011291 0.000365318 0.0011299 1 0.0581234 0.0363519 -0.284311
FixedParameters: 0 0 0

#Transform 90
Transform: AffineTransform_float_3_3
Parameters: 1 -0.000282312 -0.00036576 0.000281688 0.999999 -0.000851102 0.00036624 0.000851896 0.999999 0.0453665 0.0261187 -0.306861
FixedParameters: 0 0 0

#Transform 91
Transform: AffineTransform_float_3_3
Parameters: 1 -0.000167199 0.000305891 0.000167801 1 0.000651051 -0.000306109 -0.000650949 0.999999 0.0298601 0.0016356 -0.098582
FixedParameters: 0 0 0

#Transform 92
Transform: AffineTransform_float_3_3
Parameters: 1 -0.000282185 0.000455886 0.000281815 1 0.000405128 -0.000456114 -0.000404871 1 0.0275839 0.0111627 -0.139079
FixedParameters: 0 0 0

#Transform 93
Transform: AffineTransform_float_3_3
Parameters: 0.999999 -0.000284594 0.000774051 0.000282407 0.999995 0.00334822 -0.00077495 -0.00334878 0.999994 0.0185731 -0.029733 0.257694
FixedParameters: 0 0 0

#Transform 94
Transform: AffineTransform_float_3_3
Parameters: 0.999999 -0.000533971 0.000599366 0.00053103 0.999987 0.00494632 -0.000601633 -0.00494568 0.999987 0.047249 -0.112952 0.213873
FixedParameters: 0 0 0

#Transform 95
Transform: AffineTransform_float_3_3
Parameters: 1 -0.000284025 0.000487827 0.000281974 0.999992 0.00414614 -0.000489173 -0.00414586 0.999992 0.0456037 -0.0926743 0.104594
FixedParameters: 0 0 0

#Transform 96
Transform: AffineTransform_float_3_3
Parameters: 1 -0.00046473 0.000427125 0.00046327 0.999991 0.0040422 -0.000428876 -0.0040418 0.999991 0.0463663 -0.0675051 0.0646896
FixedParameters: 0 0 0

#Transform 97
Transform: AffineTransform_float_3_3
Parameters: 1 -0.000282568 0.000142882 0.000281431 0.999992 0.00396104 -0.000144116 -0.00396096 0.999992 0.0587392 -0.0781674 -0.0127739
FixedParameters: 0 0 0

#Transform 98
Transform: AffineTransform_float_3_3
Parameters: 1 -0.000430731 0.000185309 0.000429266 0.999992 0.00392908 -0.000187688 -0.00392892 0.999993 0.0530688 -0.061906 -0.0134579
FixedParameters: 0 0 0

#Transform 99
Transform: AffineTransform_float_3_3
Parameters: 1 -0.000282592 0.000161971 0.000282408 0.999994 0.00364605 -0.000163031 -0.00364596 0.999994 0.0579844 -0.0785822 -0.0164025
FixedParameters: 0 0 0

#Transform 100
Transform: AffineTransform_float_3_3
Parameters: 1 -0.000282682 0.000189989 0.000282318 0.999993 0.00358005 -0.000191012 -0.00357994 0.999993 0.0569568 -0.0758339 0.0280332
FixedParameters: 0 0 0

#Transform 101
Transform: AffineTransform_float_3_3
Parameters: 0.999999 -0.000725203 5.85354e-05 0.000724798 0.999994 0.00339904 -6.04646e-05 -0.00339996 0.999994 0.0346818 -0.0898115 0.0134409
FixedParameters: 0 0 0

#Transform 102
Transform: AffineTransform_float_3_3
Parameters: 1 -0.000283011 0.000366221 0.00028199 0.999996 0.0027571 -0.000366779 -0.0027569 0.999996 0.0178359 -0.0660517 -0.00537228
FixedParameters: 0 0 0

#Transform 103
Transform: AffineTransform_float_3_3
Parameters: 1 -0.0002826 0.000280396 0.0002824 0.999997 0.00213908 -0.000280605 -0.00213892 0.999997 0.0212132 -0.0610985 -0.0564811
FixedParameters: 0 0 0

#Transform 104
Transform: AffineTransform_float_3_3
Parameters: 1 -0.000282367 0.000162364 0.000281632 0.999998 0.00225305 -0.000163635 -0.00225296 0.999998 0.0255455 -0.0434048 -0.0835646
FixedParameters: 0 0 0

#Transform 105
Transform: AffineTransform_float_3_3
Parameters: 1 -0.000387215 0.000135386 0.000386785 0.999998 0.00158505 -0.000135613 -0.00158495 0.999998 0.0238735 -0.0349064 -0.0996294
FixedParameters: 0 0 0

#Transform 106
Transform: AffineTransform_float_3_3
Parameters: 1 -0.000282268 0.000142471 0.000281733 0.999998 0.00187404 -0.000142528 -0.00187396 0.999998 0.0233892 -0.023074 -0.0892764
FixedParameters: 0 0 0

#Transform 107
Transform: AffineTransform_float_3_3
Parameters: 1 -0.000282274 0.000200615 0.000281726 0.999999 0.00136306 -0.000201384 -0.00136294 0.999999 0.0255792 -0.0035485 -0.102561
FixedParameters: 0 0 0

#Transform 108
Transform: AffineTransform_float_3_3
Parameters: 1 -0.000282365 0.000234562 0.000281636 0.999999 0.00155307 -0.000234438 -0.00155293 0.999999 0.0225064 -0.041623 -0.12213
FixedParameters: 0 0 0

#Transform 109
Transform: AffineTransform_float_3_3
Parameters: 1 -0.000282997 0.000601532 0.000282004 0.999998 0.00165617 -0.000601468 -0.00165683 0.999999 0.0058678 -0.0235474 -0.12013
FixedParameters: 0 0 0

#Transform 110
Transform: AffineTransform_float_3_3
Parameters: 1 -0.000282575 0.000329508 0.000281425 0.999999 0.00174209 -0.000330491 -0.00174191 0.999999 0.00912575 -0.0349042 -0.130584
FixedParameters: 0 0 0

#Transform 111
Transform: AffineTransform_float_3_3
Parameters: 1 -0.000283218 0.000601427 0.000281782 0.999998 0.00202517 -0.000601572 -0.00202483 0.999998 0.0107282 -0.0209234 -0.11816
FixedParameters: 0 0 0

#Transform 112
Transform: AffineTransform_float_3_3
Parameters: 1 -0.000283511 0.00060129 0.00028149 0.999997 0.00251117 -0.000601708 -0.00251083 0.999996 0.00727305 -0.0350464 -0.0503558
FixedParameters: 0 0 0

#Transform 113
Transform: AffineTransform_float_3_3
Parameters: 1 -0.000284632 0.00103228 0.000282366 0.999996 0.00254929 -0.00103372 -0.00254871 0.999996 -0.00901511 -0.0217442 -0.00671934
FixedParameters: 0 0 0

#Transform 114
Transform: AffineTransform_float_3_3
Parameters: 0.999999 -0.000283921 0.000753279 0.000282079 0.999996 0.00254921 -0.000753722 -0.00254879 0.999997 0.00157914 -0.0487757 -0.0232653
FixedParameters: 0 0 0

#Transform 115
Transform: AffineTransform_float_3_3
Parameters: 0.999999 -0.000284657 0.000889153 0.000282343 0.999995 0.00298725 -0.000889847 -0.00298675 0.999995 -0.0096768 -0.0256511 0.0447254
FixedParameters: 0 0 0

#Transform 116
Transform: AffineTransform_float_3_3
Parameters: 1 -0.000284637 0.00103428 0.000282363 0.999996 0.00254929 -0.00103472 -0.00254871 0.999996 -0.00898264 -0.0342404 0.0481614
FixedParameters: 0 0 0

#Transform 117
Transform: AffineTransform_float_3_3
Parameters: 1 -0.00028432 0.000983332 0.000281681 0.999997 0.00235828 -0.000983667 -0.00235772 0.999996 -0.0148134 -0.0567109 -0.00293609
FixedParameters: 0 0 0

#Transform 118
Transform: AffineTransform_float_3_3
Parameters: 0.999999 -0.000134726 0.000916747 0.000133273 0.999998 0.00188312 -0.000917252 -0.00188288 0.999998 -0.00348794 -0.0304961 -0.0483745
FixedParameters: 0 0 0

#Transform 119
Transform: AffineTransform_float_3_3
Parameters: 1 -0.000210332 0.00103453 0.000207669 0.999998 0.00225422 -0.00103447 -0.00225378 0.999997 0.00341983 -0.0161112 -0.00472677
FixedParameters: 0 0 0

#Transform 120
Transform: AffineTransform_float_3_3
Parameters: 0.999999 -0.000144777 0.00128158 0.000141224 0.999995 0.00294718 -0.00128142 -0.00294682 0.999995 -0.0172824 -0.0365871 0.0484381
FixedParameters: 0 0 0

#Transform 121
Transform: AffineTransform_float_3_3
Parameters: 1 -0.000284179 0.0010344 0.000281822 0.999997 0.00210629 -0.0010346 -0.00210571 0.999997 -0.00910134 -0.0382603 -0.0676187
FixedParameters: 0 0 0

#Transform 122
Transform: AffineTransform_float_3_3
Parameters: 1 -0.000284428 0.000959285 0.000281574 0.999997 0.00252927 -0.000959716 -0.00252973 0.999997 -0.00621816 -0.0186896 -0.0709768
FixedParameters: 0 0 0

#Transform 123
Transform: AffineTransform_float_3_3
Parameters: 0.999999 -0.000202832 0.000824551 0.000201169 0.999997 0.00222117 -0.000824449 -0.00222083 0.999997 -0.00524752 -0.0106044 -0.114566
FixedParameters: 0 0 0

#Transform 124
Transform: AffineTransform_float_3_3
Parameters: 1 -0.000284367 0.00103435 0.000281635 0.999998 0.00228729 -0.00103465 -0.00228771 0.999997 -0.00914525 -0.00956525 -0.0993248
FixedParameters: 0 0 0

#Transform 125
Transform: AffineTransform_float_3_3
Parameters: 0.999999 -0.000284056 0.00081929 0.000281944 0.999997 0.00250923 -0.00081971 -0.00250877 0.999997 -0.00102508 -0.0331 -0.100373
FixedParameters: 0 0 0

#Transform 126
Transform: AffineTransform_float_3_3
Parameters: 0.999999 -0.000284502 0.00103431 0.000281499 0.999997 0.00241829 -0.00103468 -0.00241771 0.999996 -0.0114592 0.00871398 -0.0776215
FixedParameters: 0 0 0

#Transform 127
Transform: AffineTransform_float_3_3
Parameters: 0.999999 -0.000399553 0.000745168 0.000397446 0.999997 0.0020843 -0.000745829 -0.0020837 0.999997 0.000864215 -0.00711327 -0.10174
FixedParameters: 0 0 0

#Transform 128
Transform: AffineTransform_float_3_3
Parameters: 1 -0.00028423 0.00103439 0.000281771 0.999997 0.00215529 -0.00103461 -0.00215471 0.999997 -0.00912391 0.00758206 -0.0711378
FixedParameters: 0 0 0

#Transform 129
Transform: AffineTransform_float_3_3
Parameters: 0.999999 -0.0002834 0.000769486 0.000281601 0.999999 0.00181922 -0.000769513 -0.00181878 0.999998 -0.00129511 0.0116587 -0.0622678
FixedParameters: 0 0 0

#Transform 130
Transform: AffineTransform_float_3_3
Parameters: 1 -0.000284021 0.00103445 0.00028198 0.999998 0.00195329 -0.00103455 -0.00195271 0.999997 -0.00906895 0.00666192 -0.0308475
FixedParameters: 0 0 0

#Transform 131
Transform: AffineTransform_float_3_3
Parameters: 1 -0.000284299 0.00103437 0.000281703 0.999998 0.00222129 -0.00103463 -0.00222171 0.999997 -0.00908179 -0.00370934 -0.039312
FixedParameters: 0 0 0

#Transform 132
Transform: AffineTransform_float_3_3
Parameters: 1 -0.000284439 0.00109737 0.000281563 0.999998 0.00222131 -0.00109763 -0.00222169 0.999997 -0.0115308 -0.0318464 -0.0763521
FixedParameters: 0 0 0

#Transform 133
Transform: AffineTransform_float_3_3
Parameters: 1 -0.000284412 0.00108537 0.00028159 0.999998 0.00222131 -0.00108563 -0.00222169 0.999997 -0.0141365 0.00128688 -0.0813457
FixedParameters: 0 0 0

#Transform 134
Transform: AffineTransform_float_3_3
Parameters: 1 -0.000284157 0.00103441 0.000281843 0.999998 0.00208529 -0.00103459 -0.00208471 0.999998 -0.00917058 0.00653318 -0.113618
FixedParameters: 0 0 0

#Transform 135
Transform: AffineTransform_float_3_3
Parameters: 1 -0.000284118 0.00103442 0.000281884 0.999998 0.00204629 -0.00103458 -0.00204671 0.999998 0.00943589 0.0122416 -0.11356
FixedParameters: 0 0 0

#Transform 136
Transform: AffineTransform_float_3_3
Parameters: 0.999999 -0.000284168 0.00103441 0.000281832 0.999998 0.00209629 -0.00103459 -0.00209571 0.999998 0.00470007 -0.0078232 -0.118565
FixedParameters: 0 0 0

#Transform 137
Transform: AffineTransform_float_3_3
Parameters: 1 -0.000283157 0.000590446 0.000281844 0.999998 0.00195917 -0.000590553 -0.00195883 0.999998 0.00778325 0.0128711 -0.0766068
FixedParameters: 0 0 0

#Transform 138
Transform: AffineTransform_float_3_3
Parameters: 0.999999 -0.000283406 0.000767482 0.000281593 0.999999 0.00183122 -0.000768517 -0.00183078 0.999998 0.000961376 0.000435737 -0.0943728
FixedParameters: 0 0 0

#Transform 139
Transform: AffineTransform_float_3_3
Parameters: 0.999999 -0.000451614 0.00085615 0.000450385 0.999998 0.00188539 -0.00085685 -0.00188461 0.999998 -0.00382225 -0.0112215 -0.0750929
FixedParameters: 0 0 0

#Transform 140
Transform: AffineTransform_float_3_3
Parameters: 0.999999 -0.000283491 0.000724418 0.000281509 0.999998 0.0020562 -0.00072558 -0.00205679 0.999997 0.00260214 -0.0410682 -0.0961097
FixedParameters: 0 0 0

#Transform 141
Transform: AffineTransform_float_3_3
Parameters: 1 -0.00028419 0.0010344 0.000281811 0.999997 0.00211629 -0.0010346 -0.00211671 0.999997 -0.00909457 -0.0159896 -0.0579036
FixedParameters: 0 0 0

#Transform 142
Transform: AffineTransform_float_3_3
Parameters: 0.999999 -0.000283741 0.000887444 0.000282259 0.999998 0.00196225 -0.000887555 -0.00196175 0.999997 -0.00355099 -0.0217446 -0.0598417
FixedParameters: 0 0 0

#Transform 143
Transform: AffineTransform_float_3_3
Parameters: 1 -0.000284358 0.00103435 0.000281643 0.999998 0.00227929 -0.00103464 -0.00227871 0.999997 0.0082958 -0.0222278 -0.049602
FixedParameters: 0 0 0

#Transform 144
Transform: AffineTransform_float_3_3
Parameters: 1 -0.000284669 0.00103427 0.000282331 0.999996 0.00258029 -0.00103473 -0.00257971 0.999996 0.000119125 -0.0469935 -0.0917779
FixedParameters: 0 0 0

#Transform 145
Transform: AffineTransform_float_3_3
Parameters: 0.999999 -0.000283906 0.0007703 0.000282092 0.999997 0.00247322 -0.000771699 -0.00247278 0.999996 0.0140331 -0.0296623 -0.0997699
FixedParameters: 0 0 0

#Transform 146
Transform: AffineTransform_float_3_3
Parameters: 1 -0.000284358 0.00103435 0.000281643 0.999998 0.00227929 -0.00103464 -0.00227871 0.999997 -0.00913917 -0.0337614 -0.10294
FixedParameters: 0 0 0

#Transform 147
Transform: AffineTransform_float_3_3
Parameters: 0.999999 -0.000667358 0.00103348 0.000665644 0.999997 0.00227969 -0.00103452 -0.00227931 0.999997 -0.00597252 -0.0291566 -0.134014
FixedParameters: 0 0 0

#Transform 148
Transform: AffineTransform_float_3_3
Parameters: 1 -0.000555118 0.000983809 0.000552883 0.999998 0.00215055 -0.000985192 -0.00215046 0.999997 -0.000691851 -0.0422096 -0.153959
FixedParameters: 0 0 0

#Transform 149
Transform: AffineTransform_float_3_3
Parameters: 1 -0.000526358 0.0010338 0.000523642 0.999998 0.00227954 -0.0010352 -0.00227946 0.999997 -0.0051689 -0.0351333 -0.15511
FixedParameters: 0 0 0

#Transform 150
Transform: AffineTransform_float_3_3
Parameters: 0.999999 -0.000689231 0.00103352 0.000686771 0.999998 0.00215671 -0.00103448 -0.00215629 0.999997 -0.0126034 -0.0214138 -0.154055
FixedParameters: 0 0 0

#Transform 151
Transform: AffineTransform_float_3_3
Parameters: 0.999999 -0.000700588 0.00130762 0.000698411 0.999998 0.00197892 -0.00130938 -0.00197808 0.999997 -0.0232475 -0.0286887 -0.188917
FixedParameters: 0 0 0

#Transform 152
Transform: AffineTransform_float_3_3
Parameters: 0.999999 -0.000284676 0.00139946 0.000282324 0.999998 0.0019114 -0.00140054 -0.0019116 0.999997 -0.0232962 -0.00244741 -0.203358
FixedParameters: 0 0 0

#Transform 153
Transform: AffineTransform_float_3_3
Parameters: 1 -0.000457849 0.00103418 0.000456152 0.999999 0.00178747 -0.00103482 -0.00178653 0.999998 -0.0107313 0.00257287 -0.21342
FixedParameters: 0 0 0

#Transform 154
Transform: AffineTransform_float_3_3
Parameters: 0.999999 -0.000729801 0.00103373 0.000727199 0.999998 0.00174175 -0.00103527 -0.00174025 0.999998 -0.0129085 0.00482123 -0.199465
FixedParameters: 0 0 0

#Transform 155
Transform: AffineTransform_float_3_3
Parameters: 0.999998 -0.000676187 0.00144298 0.000673812 0.999998 0.00151597 -0.00144402 -0.00151502 0.999998 -0.0281987 -0.00293481 -0.228425
FixedParameters: 0 0 0

#Transform 156
Transform: AffineTransform_float_3_3
Parameters: 0.999999 -0.000550035 0.00134217 0.000547966 0.999998 0.00151574 -0.00134283 -0.00151526 0.999998 -0.0182884 0.00314887 -0.230342
FixedParameters: 0 0 0

#Transform 157
Transform: AffineTransform_float_3_3
Parameters: 1 -0.000484763 0.00109422 0.000483235 0.999998 0.00161153 -0.00109578 -0.00161047 0.999998 -0.0133301 -0.00223025 -0.241855
FixedParameters: 0 0 0

#Transform 158
Transform: AffineTransform_float_3_3
Parameters: 0.999999 -0.000727949 0.0012859 0.00072605 0.999998 0.00151593 -0.0012871 -0.00151506 0.999998 -0.0185263 0.0228469 -0.224121
FixedParameters: 0 0 0

#Transform 159
Transform: AffineTransform_float_3_3
Parameters: 0.999999 -0.000816874 0.00123576 0.000815126 0.999999 0.00151601 -0.00123724 -0.00151499 0.999998 -0.0214965 0.00648456 -0.235984
FixedParameters: 0 0 0

#Transform 160
Transform: AffineTransform_float_3_3
Parameters: 0.999998 -0.000700515 0.00145779 0.000697485 0.999999 0.00172502 -0.00145921 -0.00172398 0.999998 -0.0290223 0.014705 -0.243412
FixedParameters: 0 0 0

#Transform 161
Transform: AffineTransform_float_3_3
Parameters: 0.999998 -0.000700794 0.00153873 0.000697205 0.999998 0.00181608 -0.00154027 -0.00181492 0.999997 -0.0349484 0.0112424 -0.244315
FixedParameters: 0 0 0

#Transform 162
Transform: AffineTransform_float_3_3
Parameters: 0.999999 -0.000700534 0.00161791 0.000697466 0.999998 0.00156613 -0.0016191 -0.00156487 0.999998 -0.0377399 0.0370932 -0.242337
FixedParameters: 0 0 0

#Transform 163
Transform: AffineTransform_float_3_3
Parameters: 0.999999 -0.000700453 0.00161794 0.000697547 0.999998 0.00151613 -0.00161906 -0.00151487 0.999997 -0.0350628 0.0169416 -0.244814
FixedParameters: 0 0 0

#Transform 164
Transform: AffineTransform_float_3_3
Parameters: 0.999998 -0.000700296 0.00151494 0.000697703 0.999998 0.00151606 -0.00151606 -0.00151494 0.999997 -0.0311444 0.00966597 -0.241788
FixedParameters: 0 0 0

#Transform 165
Transform: AffineTransform_float_3_3
Parameters: 0.999999 -0.000700427 0.00131571 0.000697573 0.999998 0.00184392 -0.00131729 -0.00184308 0.999998 -0.0234981 0.0264948 -0.198181
FixedParameters: 0 0 0

#Transform 166
Transform: AffineTransform_float_3_3
Parameters: 0.999998 -0.000700791 0.00161779 0.000697208 0.999999 0.00172513 -0.0016192 -0.00172387 0.999997 -0.0242338 -0.00357805 -0.243646
FixedParameters: 0 0 0

#Transform 167
Transform: AffineTransform_float_3_3
Parameters: 0.999999 -0.000700453 0.00161794 0.000697547 0.999998 0.00151613 -0.00161906 -0.00151487 0.999997 -0.0223917 0.0135249 -0.24193
FixedParameters: 0 0 0

#Transform 168
Transform: AffineTransform_float_3_3
Parameters: 0.999999 -0.000700453 0.00161794 0.000697547 0.999998 0.00151613 -0.00161906 -0.00151487 0.999997 -0.0248088 -0.00640278 -0.241896
FixedParameters: 0 0 0

#Transform 169
Transform: AffineTransform_float_3_3
Parameters: 0.999999 -0.000766452 0.00161784 0.000764547 0.999998 0.00151624 -0.00161916 -0.00151476 0.999997 -0.0197201 -0.0136447 -0.24191
FixedParameters: 0 0 0

#Transform 170
Transform: AffineTransform_float_3_3
Parameters: 0.999998 -0.000700295 0.00151394 0.000697704 0.999998 0.00151606 -0.00151506 -0.00151494 0.999997 -0.0140712 0.0158518 -0.217442
FixedParameters: 0 0 0

#Transform 171
Transform: AffineTransform_float_3_3
Parameters: 0.999998 -0.000700286 0.00150794 0.000697713 0.999998 0.00151605 -0.00150906 -0.00151494 0.999997 -0.0126851 -0.00730747 -0.26116
FixedParameters: 0 0 0

#Transform 172
Transform: AffineTransform_float_3_3
Parameters: 0.999998 -0.000700926 0.00159171 0.000697073 0.999998 0.00183811 -0.00159328 -0.00183689 0.999997 -0.0168254 0.00111139 -0.270446
FixedParameters: 0 0 0

#Transform 173
Transform: AffineTransform_float_3_3
Parameters: 0.999999 -0.00070093 0.00167378 0.000697072 0.999998 0.00175017 -0.00167422 -0.00174883 0.999997 -0.0271589 0.00442435 -0.291589
FixedParameters: 0 0 0

#Transform 174
Transform: AffineTransform_float_3_3
Parameters: 0.999998 -0.000701771 0.00174449 0.000697232 0.999998 0.00216022 -0.00174551 -0.00215978 0.999996 -0.025926 0.00752503 -0.275578
FixedParameters: 0 0 0

#Transform 175
Transform: AffineTransform_float_3_3
Parameters: 0.999998 -0.000701172 0.00186381 0.000697829 0.999999 0.0017023 -0.00186419 -0.0017007 0.999997 -0.0287653 0.025142 -0.278614
FixedParameters: 0 0 0

#Transform 176
Transform: AffineTransform_float_3_3
Parameters: 0.999998 -0.000898106 0.00173239 0.000894894 0.999998 0.00179355 -0.00173361 -0.00179145 0.999997 -0.0228529 0.0220427 -0.292156
FixedParameters: 0 0 0

#Transform 177
Transform: AffineTransform_float_3_3
Parameters: 0.999999 -0.000701036 0.00173278 0.000697964 0.999998 0.00175221 -0.00173423 -0.00175079 0.999997 -0.0211998 0.0232399 -0.291889
FixedParameters: 0 0 0

#Transform 178
Transform: AffineTransform_float_3_3
Parameters: 0.999997 -0.000594486 0.0023001 0.000591513 0.999998 0.00151636 -0.0023009 -0.00151464 0.999996 -0.0481057 0.0320648 -0.320227
FixedParameters: 0 0 0

#Transform 179
Transform: AffineTransform_float_3_3
Parameters: 0.999998 -0.000797533 0.00210604 0.000794467 0.999999 0.00120368 -0.00210696 -0.00120132 0.999997 -0.0541205 0.0260211 -0.345308
FixedParameters: 0 0 0
