#Insight Transform File V1.0
#Transform 0
Transform: AffineTransform_float_3_3
Parameters: 0.999999 3.63118e-06 0.001761 -3.68802e-07 0.999998 -0.002062 -0.00176101 0.002062 0.999997 0.0509467 -0.0486367 0.0433225
FixedParameters: 0 0 0

#Transform 1
Transform: AffineTransform_float_3_3
Parameters: 0.999998 3.58233e-06 0.001583 -4.17655e-07 0.999998 -0.002263 -0.001583 0.002263 0.999996 0.0596907 -0.0498784 0.0427006
FixedParameters: 0 0 0

#Transform 2
Transform: AffineTransform_float_3_3
Parameters: 0.999999 -0.000403759 0.00118111 0.00040724 0.999996 -0.00274452 -0.00117989 0.00274548 0.999995 0.0488246 -0.070305 0.0143142
FixedParameters: 0 0 0

#Transform 3
Transform: AffineTransform_float_3_3
Parameters: 1 -0.000258594 0.00116554 0.000261405 0.999998 -0.0020647 -0.00116446 0.0020653 0.999997 0.0480854 -0.0651943 0.0214478
FixedParameters: 0 0 0

#Transform 4
Transform: AffineTransform_float_3_3
Parameters: 1 -0.000404829 0.00105184 0.000407171 0.999998 -0.00206457 -0.00105116 0.00206543 0.999998 0.0480988 -0.0495897 0.0347215
FixedParameters: 0 0 0

#Transform 5
Transform: AffineTransform_float_3_3
Parameters: 0.999999 -0.000404732 0.000940978 0.000407267 0.999997 -0.00241062 -0.00094002 0.00241138 0.999996 0.047308 -0.047337 0.0222163
FixedParameters: 0 0 0

#Transform 6
Transform: AffineTransform_float_3_3
Parameters: 0.999999 -0.000405192 0.00094078 0.000406808 0.999998 -0.00192262 -0.000940219 0.00192238 0.999997 0.0473022 -0.0353308 0.0244324
FixedParameters: 0 0 0

#Transform 7
Transform: AffineTransform_float_3_3
Parameters: 0.999999 -0.000352903 0.000940789 0.000355097 0.999998 -0.00222967 -0.00094021 0.00223033 0.999997 0.0470373 -0.0674292 0.0229935
FixedParameters: 0 0 0

#Transform 8
Transform: AffineTransform_float_3_3
Parameters: 0.999999 -0.000405611 0.000784719 0.000406388 0.999999 -0.00177068 -0.000783281 0.00177132 0.999998 0.0420012 -0.0645146 -0.00323856
FixedParameters: 0 0 0

#Transform 9
Transform: AffineTransform_float_3_3
Parameters: 0.999999 -0.000151829 0.000865206 0.000153171 0.999999 -0.00135387 -0.000864793 0.00135413 0.999998 0.0457024 -0.0439975 0.00838605
FixedParameters: 0 0 0

#Transform 10
Transform: AffineTransform_float_3_3
Parameters: 1 -0.000338074 0.000478655 0.000338927 0.999998 -0.00193584 -0.000478345 0.00193516 0.999998 0.0355887 -0.0503646 -0.0193294
FixedParameters: 0 0 0

#Transform 11
Transform: AffineTransform_float_3_3
Parameters: 0.999999 -7.47359e-05 0.000816117 7.62638e-05 0.999999 -0.00154894 -0.000815883 0.00154906 0.999999 0.0450511 -0.0452862 0.020554
FixedParameters: 0 0 0

#Transform 12
Transform: AffineTransform_float_3_3
Parameters: 1 -0.000217132 0.000478395 0.000217868 0.999999 -0.0018159 -0.000477605 0.0018161 0.999998 0.0437378 -0.0489823 0.00778441
FixedParameters: 0 0 0

#Transform 13
Transform: AffineTransform_float_3_3
Parameters: 1 -0.000217254 0.000478339 0.000217745 0.999999 -0.0015599 -0.000477661 0.0015601 0.999998 0.0437471 -0.034672 0.023233
FixedParameters: 0 0 0

#Transform 14
Transform: AffineTransform_float_3_3
Parameters: 1 -0.000217338 0.000478301 0.000217661 0.999999 -0.0013839 -0.000477699 0.0013841 0.999999 0.0210231 -0.0325293 0.00969969
FixedParameters: 0 0 0

#Transform 15
Transform: AffineTransform_float_3_3
Parameters: 1 -0.000217295 0.000412372 0.000217705 0.999998 -0.00170891 -0.000412629 0.00170909 0.999999 0.0262311 -0.0130145 0.0254798
FixedParameters: 0 0 0

#Transform 16
Transform: AffineTransform_float_3_3
Parameters: 1 0.000206271 0.000196716 -0.000205728 0.999999 -0.00137804 -0.000197284 0.00137796 0.999999 0.0230388 -0.0282101 0.0415889
FixedParameters: 0 0 0

#Transform 17
Transform: AffineTransform_float_3_3
Parameters: 1 -4.88996e-05 7.70638e-05 4.91003e-05 0.999999 -0.001303 -7.69361e-05 0.001303 0.999999 0.0233824 -0.0315919 0.0487803
FixedParameters: 0 0 0

#Transform 18
Transform: AffineTransform_float_3_3
Parameters: 1 -4.88324e-05 0.000374022 4.91675e-05 1 -0.000447982 -0.000373978 0.000448018 1 0.0252486 -0.0224422 0.0586088
FixedParameters: 0 0 0

#Transform 19
Transform: AffineTransform_float_3_3
Parameters: 1 -0.000275987 0.000134027 0.000276013 1 -9.8963e-05 -0.000133973 9.9037e-05 1 0.0101469 -0.0142959 0.0160572
FixedParameters: 0 0 0

#Transform 20
Transform: AffineTransform_float_3_3
Parameters: 1 -4.89996e-05 2.50007e-05 4.90003e-05 1 -1.39988e-05 -2.49993e-05 1.40012e-05 1 0.00310463 -0.00467318 0.00315261
FixedParameters: 0 0 0

#Transform 21
Transform: AffineTransform_float_3_3
Parameters: 1 -4.90066e-05 0.000228999 4.89934e-05 1 2.90112e-05 -0.000229001 -2.89888e-05 1 0.0156155 0.00205447 0.0338714
FixedParameters: 0 0 0

#Transform 22
Transform: AffineTransform_float_3_3
Parameters: 1 -4.89977e-05 2.50044e-05 4.90022e-05 1 -8.99988e-05 -2.49956e-05 9.00012e-05 1 0.024126 0.0178596 -0.0173952
FixedParameters: 0 0 0

#Transform 23
Transform: AffineTransform_float_3_3
Parameters: 1 0.000446994 2.5105e-05 -0.000447006 1 0.000234989 -2.58949e-05 -0.000235012 1 0.0221421 0.00378061 0.00238311
FixedParameters: 0 0 0

#Transform 24
Transform: AffineTransform_float_3_3
Parameters: 1 9.00942e-06 2.49966e-05 -8.99057e-06 1 -0.000377 -2.50034e-05 0.000377 1 0.0221873 -0.0118334 -0.0140638
FixedParameters: 0 0 0

#Transform 25
Transform: AffineTransform_float_3_3
Parameters: 1 8.98815e-06 2.50043e-05 -9.01185e-06 1 0.000474 -2.49957e-05 -0.000474 1 0.0227644 0.0068516 0.0226492
FixedParameters: 0 0 0

#Transform 26
Transform: AffineTransform_float_3_3
Parameters: 1 8.97706e-06 -0.000139001 -9.02293e-06 1 -0.000164999 0.000138999 0.000165001 1 0.0142756 0.0028386 0.00363641
FixedParameters: 0 0 0

#Transform 27
Transform: AffineTransform_float_3_3
Parameters: 1 -6.10064e-05 2.49843e-05 6.09936e-05 1 0.000257002 -2.50157e-05 -0.000256998 1 0.0154963 0.00612914 -0.0224669
FixedParameters: 0 0 0

#Transform 28
Transform: AffineTransform_float_3_3
Parameters: 1 9.02825e-06 -0.000218999 -8.97175e-06 1 0.000129002 0.000219001 -0.000128998 1 0.0137599 0.0135797 -0.00569262
FixedParameters: 0 0 0

#Transform 29
Transform: AffineTransform_float_3_3
Parameters: 1 8.92766e-06 -0.000391002 -9.07233e-06 1 -0.000184996 0.000390998 0.000185003 1 0.0127317 0.0067331 -0.0284654
FixedParameters: 0 0 0

#Transform 30
Transform: AffineTransform_float_3_3
Parameters: 1 0.000389008 -0.000184982 -0.000388992 1 4.5072e-05 0.000185017 -4.4928e-05 1 0.012281 0.00752088 0.00471078
FixedParameters: 0 0 0

#Transform 31
Transform: AffineTransform_float_3_3
Parameters: 1 2.80201e-05 -0.000148996 -2.79799e-05 1 0.000135004 0.000149004 -0.000134996 1 0.0141534 0.0125924 -0.0180648
FixedParameters: 0 0 0

#Transform 32
Transform: AffineTransform_float_3_3
Parameters: 1 0.000349976 3.72296e-05 -0.000350025 0.999999 0.000655987 -3.77704e-05 -0.000656013 1 0.0225507 0.0216941 0.0293208
FixedParameters: 0 0 0

#Transform 33
Transform: AffineTransform_float_3_3
Parameters: 1 0.000350029 -4.87882e-05 -0.00034997 1 0.000605017 4.92117e-05 -0.000604983 1 0.0254088 0.0303895 -0.00329307
FixedParameters: 0 0 0

#Transform 34
Transform: AffineTransform_float_3_3
Parameters: 1 0.000293256 -0.000390808 -0.000293743 0.999999 0.000656115 0.000391193 -0.000655885 0.999999 0.0115189 0.0300031 0.00778318
FixedParameters: 0 0 0

#Transform 35
Transform: AffineTransform_float_3_3
Parameters: 1 0.000350256 -0.00039077 -0.000349743 0.999999 0.000656136 0.000391229 -0.000655863 0.999999 0.0313571 0.0299419 0.00779398
FixedParameters: 0 0 0

#Transform 36
Transform: AffineTransform_float_3_3
Parameters: 1 0.000205197 -0.000390897 -0.000204803 1 0.00050408 0.000391103 -0.00050392 1 0.0177346 0.0257061 -0.0288896
FixedParameters: 0 0 0

#Transform 37
Transform: AffineTransform_float_3_3
Parameters: 1 0.000350438 -0.000390607 -0.000349562 1 0.00112114 0.000391392 -0.00112086 1 0.0111945 0.0327158 -0.00346202
FixedParameters: 0 0 0

#Transform 38
Transform: AffineTransform_float_3_3
Parameters: 1 0.000289339 -0.000390749 -0.000288661 0.999999 0.000867112 0.00039125 -0.000867886 0.999999 0.0114673 0.0312611 -0.00464965
FixedParameters: 0 0 0

#Transform 39
Transform: AffineTransform_float_3_3
Parameters: 1 0.000350007 -4.44839e-06 -0.000349993 0.999998 0.001576 4.55159e-06 -0.001576 0.999999 0.0179758 0.0354491 0.0140713
FixedParameters: 0 0 0

#Transform 40
Transform: AffineTransform_float_3_3
Parameters: 1 0.00035008 -6.0539e-05 -0.000349921 0.999999 0.00131702 6.04609e-05 -0.00131698 0.999999 0.0184797 0.0140504 0.00318097
FixedParameters: 0 0 0

#Transform 41
Transform: AffineTransform_float_3_3
Parameters: 1 0.000241417 -0.000390743 -0.000241583 1 0.0010661 0.000391258 -0.00106591 1 0.0117507 0.032426 -0.0554231
FixedParameters: 0 0 0

#Transform 42
Transform: AffineTransform_float_3_3
Parameters: 1 0.000402902 7.65162e-05 -0.000403098 0.999999 0.00128097 -7.64837e-05 -0.00128103 0.999999 0.0137549 0.0136041 0.0160156
FixedParameters: 0 0 0

#Transform 43
Transform: AffineTransform_float_3_3
Parameters: 1 -8.07274e-05 -0.000391056 8.02725e-05 1 0.000696968 0.000390944 -0.000697031 0.999999 0.00651036 -0.000652915 -0.0352334
FixedParameters: 0 0 0

#Transform 44
Transform: AffineTransform_float_3_3
Parameters: 1 1.95407e-05 -0.000390973 -1.94592e-05 0.999999 0.00138301 0.000391027 -0.00138299 0.999999 0.00910347 0.0298563 -0.00824389
FixedParameters: 0 0 0

#Transform 45
Transform: AffineTransform_float_3_3
Parameters: 1 0.000271305 -0.00022363 -0.000270696 0.999999 0.00136306 0.000223369 -0.00136294 0.999999 0.0124986 0.00558811 0.0126325
FixedParameters: 0 0 0

#Transform 46
Transform: AffineTransform_float_3_3
Parameters: 1 0.000150423 -0.000390837 -0.000150576 1 0.00108306 0.000391163 -0.00108294 1 0.0121467 0.00401594 -0.00951431
FixedParameters: 0 0 0

#Transform 47
Transform: AffineTransform_float_3_3
Parameters: 1 0.000150452 -0.000296771 -0.000150548 0.999999 0.00152104 0.000297229 -0.00152095 0.999999 0.012676 0.0260581 0.0324776
FixedParameters: 0 0 0

#Transform 48
Transform: AffineTransform_float_3_3
Parameters: 1 9.76196e-05 -0.000390846 -9.63801e-05 0.999998 0.00158504 0.000391153 -0.00158496 0.999998 0.0122968 0.0336855 0.0511572
FixedParameters: 0 0 0

#Transform 49
Transform: AffineTransform_float_3_3
Parameters: 1 -0.000338525 -0.000391412 0.000338476 0.999999 0.00121587 0.000391589 -0.00121513 0.999999 0.0143055 0.0303499 0.00754613
FixedParameters: 0 0 0

#Transform 50
Transform: AffineTransform_float_3_3
Parameters: 1 -0.000283203 -0.000391578 0.000283798 0.999998 0.00203689 0.000391423 -0.00203711 0.999998 0.0301236 0.0562366 0.0305126
FixedParameters: 0 0 0

#Transform 51
Transform: AffineTransform_float_3_3
Parameters: 1 2.29765e-05 1.40386e-05 -2.30235e-05 0.999998 0.001678 -1.39614e-05 -0.001678 0.999998 0.0331117 0.0535979 0.0275796
FixedParameters: 0 0 0

#Transform 52
Transform: AffineTransform_float_3_3
Parameters: 1 -0.000136356 -0.000391225 0.000136645 0.999998 0.00164695 0.000391775 -0.00164705 0.999998 0.0313773 0.0534944 -0.0708556
FixedParameters: 0 0 0

#Transform 53
Transform: AffineTransform_float_3_3
Parameters: 1 -0.000136314 -0.00039124 0.000136687 0.999999 0.00175395 0.000391761 -0.00175406 0.999999 0.0313603 0.0620325 -0.0304455
FixedParameters: 0 0 0

#Transform 54
Transform: AffineTransform_float_3_3
Parameters: 0.999999 -0.00013596 -0.000732193 0.000137041 0.999999 0.0014199 0.000732806 -0.0014201 0.999998 0.0339631 0.0670191 -0.0304073
FixedParameters: 0 0 0

#Transform 55
Transform: AffineTransform_float_3_3
Parameters: 0.999999 2.79703e-06 -0.000973996 -1.20296e-06 0.999999 0.001845 0.000974003 -0.001845 0.999998 0.0271489 0.0731257 -0.0472078
FixedParameters: 0 0 0

#Transform 56
Transform: AffineTransform_float_3_3
Parameters: 0.999999 7.86019e-05 -0.000713825 -7.73997e-05 0.999997 0.00224406 0.000713175 -0.00224394 0.999997 0.0375674 0.0867665 -0.00554489
FixedParameters: 0 0 0

#Transform 57
Transform: AffineTransform_float_3_3
Parameters: 0.999999 3.89059e-06 -0.000821993 -2.10939e-06 0.999998 0.0023 0.000822007 -0.0023 0.999997 0.0236678 0.0872281 -0.00506361
FixedParameters: 0 0 0

#Transform 58
Transform: AffineTransform_float_3_3
Parameters: 0.999999 -0.00013561 -0.00082223 0.00013639 0.999998 0.00169089 0.00082177 -0.00169111 0.999998 0.00847164 0.0836481 -0.0216132
FixedParameters: 0 0 0

#Transform 59
Transform: AffineTransform_float_3_3
Parameters: 0.999999 -6.24389e-05 -0.00082212 6.35608e-05 0.999998 0.00189895 0.00082188 -0.00189905 0.999998 0.0287295 0.084783 -0.0150207
FixedParameters: 0 0 0

#Transform 60
Transform: AffineTransform_float_3_3
Parameters: 0.999999 -0.000135439 -0.000822258 0.000136561 0.999998 0.00189889 0.000821742 -0.00189911 0.999998 0.0359436 0.0848794 -0.016939
FixedParameters: 0 0 0

#Transform 61
Transform: AffineTransform_float_3_3
Parameters: 0.999999 -0.000135251 -0.00082229 0.000136748 0.999997 0.00212689 0.000821711 -0.00212711 0.999998 0.0217518 0.0863853 0.0179422
FixedParameters: 0 0 0

#Transform 62
Transform: AffineTransform_float_3_3
Parameters: 1 0.000530588 -0.000297956 -0.000529412 0.999998 0.00196916 0.000299043 -0.00196884 0.999998 0.0328928 0.0844687 0.0537703
FixedParameters: 0 0 0

#Transform 63
Transform: AffineTransform_float_3_3
Parameters: 0.999999 4.31355e-06 -0.000821994 -3.68643e-06 0.999998 0.001598 0.000822007 -0.001598 0.999999 0.0170511 0.0829424 0.00663154
FixedParameters: 0 0 0

#Transform 64
Transform: AffineTransform_float_3_3
Parameters: 1 0.000280783 -0.000371409 -0.000279215 0.999997 0.0021071 0.000372589 -0.00210689 0.999997 0.0185436 0.0758069 0.0182925
FixedParameters: 0 0 0

#Transform 65
Transform: AffineTransform_float_3_3
Parameters: 1 0.000280489 -0.000244439 -0.000279511 0.999998 0.00200007 0.000244559 -0.00199993 0.999998 0.0299663 0.0664804 -0.0134287
FixedParameters: 0 0 0

#Transform 66
Transform: AffineTransform_float_3_3
Parameters: 0.999999 0.000117493 -0.000735763 -0.000116506 0.999998 0.00202909 0.000736237 -0.00202891 0.999997 0.0239432 0.0793587 -0.014269
FixedParameters: 0 0 0

#Transform 67
Transform: AffineTransform_float_3_3
Parameters: 0.999999 0.000281747 -0.000821403 -0.000279253 0.999997 0.00212723 0.000821596 -0.00212677 0.999998 0.0283687 0.0725289 -0.00578473
FixedParameters: 0 0 0

#Transform 68
Transform: AffineTransform_float_3_3
Parameters: 0.999999 0.000281547 -0.000821471 -0.000279454 0.999998 0.00188223 0.000821527 -0.00188277 0.999998 0.0157843 0.0586508 -0.0452949
FixedParameters: 0 0 0

#Transform 69
Transform: AffineTransform_float_3_3
Parameters: 1 0.000280746 -0.00032636 -0.000279255 0.999998 0.00228409 0.000326639 -0.00228391 0.999998 0.0329578 0.0612469 0.0347952
FixedParameters: 0 0 0

#Transform 70
Transform: AffineTransform_float_3_3
Parameters: 1 0.000281025 -0.00048741 -0.000279974 0.999998 0.00210114 0.000488589 -0.00210186 0.999997 0.0448818 0.0601127 0.0443038
FixedParameters: 0 0 0

#Transform 71
Transform: AffineTransform_float_3_3
Parameters: 0.999999 0.000281564 -0.000821465 -0.000279436 0.999998 0.00190423 0.000821533 -0.00190377 0.999998 0.015747 0.0715548 0.000789034
FixedParameters: 0 0 0

#Transform 72
Transform: AffineTransform_float_3_3
Parameters: 0.999999 0.000282003 -0.000821314 -0.000279997 0.999997 0.00243823 0.000821684 -0.00243777 0.999996 0.0329374 0.0780768 0.0620796
FixedParameters: 0 0 0

#Transform 73
Transform: AffineTransform_float_3_3
Parameters: 1 -0.000138024 -0.000536252 0.000138976 0.999999 0.00182093 0.000535748 -0.00182108 0.999998 0.0435109 0.0591125 0.0413957
FixedParameters: 0 0 0

#Transform 74
Transform: AffineTransform_float_3_3
Parameters: 1 -0.000156935 -0.000544308 0.000158067 0.999998 0.00195791 0.000544691 -0.00195809 0.999998 0.0400576 0.0790844 0.0044502
FixedParameters: 0 0 0

#Transform 75
Transform: AffineTransform_float_3_3
Parameters: 1 0.000204538 -0.00025557 -0.000204461 0.999998 0.00210305 0.00025643 -0.00210295 0.999998 0.0396754 0.0790183 0.0447568
FixedParameters: 0 0 0

#Transform 76
Transform: AffineTransform_float_3_3
Parameters: 1 -0.000207388 -0.000370343 0.000207612 0.999998 0.00165192 0.000370657 -0.00165208 0.999998 0.0366878 0.0537035 -0.0100267
FixedParameters: 0 0 0

#Transform 77
Transform: AffineTransform_float_3_3
Parameters: 1 -0.000207267 -0.000360422 0.000207732 0.999998 0.00203492 0.000359578 -0.00203407 0.999998 0.033269 0.0694168 0.0196357
FixedParameters: 0 0 0

#Transform 78
Transform: AffineTransform_float_3_3
Parameters: 1 -0.00020767 -0.000206332 0.000208331 0.999998 0.00159996 0.000206667 -0.00160004 0.999998 0.0240941 0.0654232 0.0548917
FixedParameters: 0 0 0

#Transform 79
Transform: AffineTransform_float_3_3
Parameters: 1 -0.00020715 -0.000531332 0.000207849 0.999998 0.00159989 0.000530668 -0.00160011 0.999998 0.034175 0.0754652 0.0209039
FixedParameters: 0 0 0

#Transform 80
Transform: AffineTransform_float_3_3
Parameters: 1 -0.000152307 -0.000344307 0.000152694 0.999998 0.00201295 0.000344693 -0.00201305 0.999998 0.0311419 0.0762905 0.0387596
FixedParameters: 0 0 0

#Transform 81
Transform: AffineTransform_float_3_3
Parameters: 0.999999 -0.000619027 -0.000658914 0.000619972 0.999998 0.00147659 0.000658084 -0.00147741 0.999998 0.0207041 0.0619345 0.00979097
FixedParameters: 0 0 0

#Transform 82
Transform: AffineTransform_float_3_3
Parameters: 1 -4.84591e-05 -0.000338078 4.95407e-05 0.999998 0.00159998 0.000337921 -0.00160002 0.999998 0.036304 0.0758766 0.0161713
FixedParameters: 0 0 0

#Transform 83
Transform: AffineTransform_float_3_3
Parameters: 0.999999 -4.76847e-05 -0.000822077 4.93151e-05 0.999998 0.00159996 0.000821922 -0.00160004 0.999999 0.0311797 0.0617958 0.031317
FixedParameters: 0 0 0

#Transform 84
Transform: AffineTransform_float_3_3
Parameters: 0.999999 -4.76847e-05 -0.000822077 4.93151e-05 0.999998 0.00159996 0.000821922 -0.00160004 0.999999 0.0373678 0.0588266 0.0191078
FixedParameters: 0 0 0

#Transform 85
Transform: AffineTransform_float_3_3
Parameters: 0.999999 -4.73254e-05 -0.000822097 4.96743e-05 0.999998 0.00203696 0.0008219 -0.00203704 0.999997 0.0412999 0.0874528 0.0331264
FixedParameters: 0 0 0

#Transform 86
Transform: AffineTransform_float_3_3
Parameters: 0.999999 3.03151e-05 -0.000821953 -2.86847e-05 0.999998 0.00160002 0.000822047 -0.00159998 0.999999 0.0547779 0.0749731 0.0457324
FixedParameters: 0 0 0

#Transform 87
Transform: AffineTransform_float_3_3
Parameters: 0.999999 -0.000461561 -0.00123254 0.000462441 0.999999 0.00116843 0.00123246 -0.00116857 0.999998 0.0379246 0.0514994 -0.0150271
FixedParameters: 0 0 0

#Transform 88
Transform: AffineTransform_float_3_3
Parameters: 1 -0.000460992 -0.0010359 0.000463008 0.999998 0.00193852 0.0010351 -0.00193948 0.999997 0.0317736 0.0693413 0.0451677
FixedParameters: 0 0 0

#Transform 89
Transform: AffineTransform_float_3_3
Parameters: 1 -0.000461448 -0.00107467 0.000462552 0.999999 0.0014435 0.00107433 -0.0014445 0.999999 0.0439416 0.0667164 0.0266336
FixedParameters: 0 0 0

#Transform 90
Transform: AffineTransform_float_3_3
Parameters: 0.999999 3.02956e-05 -0.00129695 -2.77042e-05 0.999998 0.00177004 0.00129705 -0.00176996 0.999997 0.0140287 0.0871923 0.0191243
FixedParameters: 0 0 0

#Transform 91
Transform: AffineTransform_float_3_3
Parameters: 0.999999 -0.000460276 -0.00142688 0.000462721 0.999998 0.00190834 0.00142512 -0.00190966 0.999997 0.0153641 0.0695355 0.0317806
FixedParameters: 0 0 0

#Transform 92
Transform: AffineTransform_float_3_3
Parameters: 0.999999 -0.000461081 -0.00123272 0.000462919 0.999998 0.00155643 0.00123228 -0.00155757 0.999998 0.0166759 0.0674047 0.00060283
FixedParameters: 0 0 0

#Transform 93
Transform: AffineTransform_float_3_3
Parameters: 1 0.000103274 -0.0011798 -0.000100726 0.999998 0.00192712 0.0011802 -0.00192688 0.999998 0.0143157 0.0897597 0.113382
FixedParameters: 0 0 0

#Transform 94
Transform: AffineTransform_float_3_3
Parameters: 0.999999 -0.000348017 -0.00123256 0.000349983 0.999998 0.00160857 0.00123244 -0.00160943 0.999998 0.0160603 0.088486 0.0606378
FixedParameters: 0 0 0

#Transform 95
Transform: AffineTransform_float_3_3
Parameters: 0.999999 0.000146506 -0.00123171 -0.000144495 0.999998 0.00203318 0.0012323 -0.00203382 0.999997 0.0139028 0.0901925 0.0798993
FixedParameters: 0 0 0

#Transform 96
Transform: AffineTransform_float_3_3
Parameters: 0.999999 -8.01206e-05 -0.00123219 8.28789e-05 0.999998 0.0023369 0.00123181 -0.0023371 0.999997 0.00568408 0.0924485 0.108998
FixedParameters: 0 0 0

#Transform 97
Transform: AffineTransform_float_3_3
Parameters: 0.999999 -0.00022562 -0.00123244 0.000227382 0.999998 0.00193172 0.00123256 -0.00193128 0.999998 -0.00101414 0.0727295 0.0641025
FixedParameters: 0 0 0

#Transform 98
Transform: AffineTransform_float_3_3
Parameters: 0.999999 -8.02906e-05 -0.00123218 8.27089e-05 0.999997 0.0021989 0.00123182 -0.0021991 0.999997 0.0115254 0.08803 0.128531
FixedParameters: 0 0 0

#Transform 99
Transform: AffineTransform_float_3_3
Parameters: 0.999998 -7.90878e-05 -0.00167119 8.29115e-05 0.999998 0.00234086 0.00167081 -0.00234114 0.999996 -0.00453472 0.0828894 0.108278
FixedParameters: 0 0 0

#Transform 100
Transform: AffineTransform_float_3_3
Parameters: 0.999998 -0.000434135 -0.00196086 0.000437863 0.999998 0.00197015 0.00196014 -0.00197186 0.999996 0.000629072 0.0810467 0.0418507
FixedParameters: 0 0 0

#Transform 101
Transform: AffineTransform_float_3_3
Parameters: 0.999998 -0.000437754 -0.00216807 0.000443247 0.999997 0.00242004 0.00216693 -0.00242095 0.999994 -0.0126692 0.101405 0.0439424
FixedParameters: 0 0 0

#Transform 102
Transform: AffineTransform_float_3_3
Parameters: 0.999997 -7.78291e-05 -0.00216719 8.317e-05 0.999997 0.00238583 0.00216681 -0.00238617 0.999995 -0.00750765 0.100606 0.0776577
FixedParameters: 0 0 0

#Transform 103
Transform: AffineTransform_float_3_3
Parameters: 0.999997 -7.87978e-05 -0.00216716 8.32015e-05 0.999998 0.00193882 0.00216684 -0.00193918 0.999996 -0.0262116 0.0978567 0.0587818
FixedParameters: 0 0 0

#Transform 104
Transform: AffineTransform_float_3_3
Parameters: 0.999998 -0.000218222 -0.00200353 0.000222779 0.999997 0.00238456 0.00200347 -0.00238544 0.999995 -0.0136281 0.100756 0.077546
FixedParameters: 0 0 0

#Transform 105
Transform: AffineTransform_float_3_3
Parameters: 0.999998 -0.000481305 -0.00224401 0.000485694 0.999997 0.00209192 0.00224299 -0.00209309 0.999996 -0.0248061 0.0995061 0.0558189
FixedParameters: 0 0 0

#Transform 106
Transform: AffineTransform_float_3_3
Parameters: 0.999998 -7.73664e-05 -0.00207122 8.36327e-05 0.999997 0.00271983 0.00207078 -0.00272017 0.999994 -0.00959315 0.102676 0.0791069
FixedParameters: 0 0 0

#Transform 107
Transform: AffineTransform_float_3_3
Parameters: 0.999997 -0.000193697 -0.00216757 0.000200305 0.999996 0.00290857 0.00216743 -0.00290843 0.999994 -0.0257689 0.104145 0.101168
FixedParameters: 0 0 0

#Transform 108
Transform: AffineTransform_float_3_3
Parameters: 0.999997 -0.000420799 -0.00216821 0.000427203 0.999996 0.00286008 0.00216779 -0.00286092 0.999994 -0.0247101 0.104044 0.0593614
FixedParameters: 0 0 0

#Transform 109
Transform: AffineTransform_float_3_3
Parameters: 0.999997 -0.000609636 -0.00216908 0.000616363 0.999994 0.00339567 0.00216692 -0.00339733 0.999992 -0.0239195 0.114678 0.093491
FixedParameters: 0 0 0

#Transform 110
Transform: AffineTransform_float_3_3
Parameters: 0.999997 -0.00105817 -0.00217034 0.00106484 0.999995 0.0031497 0.00216765 -0.0031523 0.999992 -0.0218283 0.106828 0.0564338
FixedParameters: 0 0 0

#Transform 111
Transform: AffineTransform_float_3_3
Parameters: 0.999998 -0.000545648 -0.00216912 0.000554352 0.999993 0.00385181 0.00216688 -0.00385319 0.99999 -0.0241144 0.137239 0.0890722
FixedParameters: 0 0 0

#Transform 112
Transform: AffineTransform_float_3_3
Parameters: 0.999998 -0.000743646 -0.00216988 0.000751354 0.999993 0.00385138 0.00216712 -0.00385362 0.99999 -0.0234275 0.137776 0.167086
FixedParameters: 0 0 0

#Transform 113
Transform: AffineTransform_float_3_3
Parameters: 0.999997 -0.000757547 -0.00254683 0.000767455 0.999993 0.00371306 0.00254417 -0.00371494 0.99999 -0.0255277 0.132116 0.0874301
FixedParameters: 0 0 0

#Transform 114
Transform: AffineTransform_float_3_3
Parameters: 0.999998 -0.000758001 -0.00217016 0.000766998 0.999991 0.00414835 0.00216684 -0.00415065 0.999989 -0.0233914 0.146049 0.152622
FixedParameters: 0 0 0

#Transform 115
Transform: AffineTransform_float_3_3
Parameters: 0.999996 -0.000756636 -0.00264199 0.000767364 0.999992 0.00392399 0.00263901 -0.00392601 0.999989 -0.0238425 0.127045 0.13048
FixedParameters: 0 0 0

#Transform 116
Transform: AffineTransform_float_3_3
Parameters: 0.999996 -0.000756948 -0.00276677 0.000767053 0.999993 0.00363389 0.00276423 -0.00363611 0.999989 -0.0269444 0.125071 0.0847751
FixedParameters: 0 0 0

#Transform 117
Transform: AffineTransform_float_3_3
Parameters: 0.999998 -0.000758135 -0.00212518 0.00076687 0.999991 0.00417438 0.00212282 -0.00417562 0.999989 -0.0230161 0.148417 0.111413
FixedParameters: 0 0 0

#Transform 118
Transform: AffineTransform_float_3_3
Parameters: 0.999998 -0.000758762 -0.00211298 0.00076724 0.999992 0.00390139 0.00211002 -0.00390261 0.99999 -0.0229353 0.125247 0.110182
FixedParameters: 0 0 0

#Transform 119
Transform: AffineTransform_float_3_3
Parameters: 0.999996 -0.00075679 -0.00252808 0.00076721 0.999992 0.00404008 0.00252492 -0.00404193 0.999988 -0.0254902 0.125896 0.0784149
FixedParameters: 0 0 0

#Transform 120
Transform: AffineTransform_float_3_3
Parameters: 0.999997 -0.000577349 -0.00264157 0.000588654 0.99999 0.00441246 0.00263943 -0.00441354 0.999987 -0.00683097 0.128131 0.120074
FixedParameters: 0 0 0

#Transform 121
Transform: AffineTransform_float_3_3
Parameters: 0.999996 -0.00109707 -0.00264356 0.00110793 0.999991 0.00413509 0.00263944 -0.00413791 0.999988 -0.0191222 0.140473 0.118831
FixedParameters: 0 0 0

#Transform 122
Transform: AffineTransform_float_3_3
Parameters: 0.999997 -0.000754757 -0.00256164 0.000767246 0.999989 0.00478205 0.00255836 -0.00478395 0.999986 -0.0255818 0.149369 0.0697419
FixedParameters: 0 0 0

#Transform 123
Transform: AffineTransform_float_3_3
Parameters: 0.999997 -0.000754542 -0.00252076 0.000767455 0.999987 0.00494508 0.00251624 -0.00494691 0.999984 -0.0198996 0.159021 0.0909968
FixedParameters: 0 0 0

#Transform 124
Transform: AffineTransform_float_3_3
Parameters: 0.999997 -0.0011705 -0.00239465 0.0011825 0.999988 0.00480518 0.00238934 -0.00480781 0.999985 -0.0228176 0.177757 0.0967474
FixedParameters: 0 0 0

#Transform 125
Transform: AffineTransform_float_3_3
Parameters: 0.999995 -0.0013303 -0.00264542 0.0013437 0.999987 0.00480446 0.00263857 -0.00480753 0.999985 -0.0237191 0.17557 0.0814147
FixedParameters: 0 0 0

#Transform 126
Transform: AffineTransform_float_3_3
Parameters: 0.999996 -0.0010163 -0.00264392 0.0010287 0.999988 0.0048053 0.00263909 -0.0048077 0.999985 -0.0249602 0.162106 0.0815543
FixedParameters: 0 0 0

#Transform 127
Transform: AffineTransform_float_3_3
Parameters: 0.999996 -0.00107736 -0.00284121 0.00109064 0.999988 0.00480492 0.00283579 -0.00480808 0.999985 -0.0232306 0.158446 0.0407738
FixedParameters: 0 0 0

#Transform 128
Transform: AffineTransform_float_3_3
Parameters: 0.999996 -0.000996887 -0.00264436 0.00101111 0.999985 0.00534135 0.00263864 -0.00534365 0.999982 -0.025073 0.180171 0.0827152
FixedParameters: 0 0 0

#Transform 129
Transform: AffineTransform_float_3_3
Parameters: 0.999995 -0.000924471 -0.00300214 0.000941529 0.999985 0.0055092 0.00299686 -0.0055118 0.999981 -0.0313544 0.180977 0.0702916
FixedParameters: 0 0 0

#Transform 130
Transform: AffineTransform_float_3_3
Parameters: 0.999995 -0.000924104 -0.00310009 0.000940895 0.999984 0.00545311 0.00309491 -0.00545589 0.999981 -0.0281527 0.180649 0.0701911
FixedParameters: 0 0 0

#Transform 131
Transform: AffineTransform_float_3_3
Parameters: 0.999994 -0.00101254 -0.00310076 0.00103046 0.999983 0.00563483 0.00309524 -0.00563816 0.99998 -0.0278996 0.182096 0.101327
FixedParameters: 0 0 0

#Transform 132
Transform: AffineTransform_float_3_3
Parameters: 0.999994 -0.00111848 -0.003101 0.00113451 0.999985 0.00532851 0.00309499 -0.00533249 0.999981 -0.032082 0.180185 0.0650381
FixedParameters: 0 0 0

#Transform 133
Transform: AffineTransform_float_3_3
Parameters: 0.999995 -0.000922863 -0.00298367 0.00094114 0.999981 0.00608322 0.00297833 -0.00608578 0.999977 -0.0275605 0.205317 0.108089
FixedParameters: 0 0 0

#Transform 134
Transform: AffineTransform_float_3_3
Parameters: 0.999995 -0.000921912 -0.00310074 0.000941089 0.99998 0.00616011 0.00309526 -0.00616288 0.999976 -0.0281241 0.20551 0.0537201
FixedParameters: 0 0 0

#Transform 135
Transform: AffineTransform_float_3_3
Parameters: 0.999995 -0.00121598 -0.00310292 0.00123602 0.999979 0.00645721 0.00309508 -0.0064608 0.999975 -0.0342527 0.20794 0.0856498
FixedParameters: 0 0 0

#Transform 136
Transform: AffineTransform_float_3_3
Parameters: 0.999993 -0.000920552 -0.0034645 0.000941453 0.999982 0.00590577 0.0034595 -0.00590822 0.999976 -0.0305225 0.19533 0.101318
FixedParameters: 0 0 0

#Transform 137
Transform: AffineTransform_float_3_3
Parameters: 0.999993 -0.00128322 -0.00355368 0.00130677 0.999976 0.0066964 0.00354433 -0.0067016 0.999972 -0.0376453 0.18939 0.0408454
FixedParameters: 0 0 0

#Transform 138
Transform: AffineTransform_float_3_3
Parameters: 0.999995 -0.000920241 -0.00310123 0.000940761 0.999977 0.00669812 0.00309576 -0.00670188 0.999973 -0.0443771 0.207245 0.0457395
FixedParameters: 0 0 0

#Transform 139
Transform: AffineTransform_float_3_3
Parameters: 0.999994 -0.00106924 -0.00310223 0.00108976 0.999977 0.00669765 0.00309577 -0.00670134 0.999973 -0.0436545 0.211406 0.0291692
FixedParameters: 0 0 0

#Transform 140
Transform: AffineTransform_float_3_3
Parameters: 0.999994 -0.000918643 -0.00334023 0.000941362 0.999977 0.0066979 0.00333477 -0.0067011 0.999972 -0.0458222 0.188927 0.0583172
FixedParameters: 0 0 0

#Transform 141
Transform: AffineTransform_float_3_3
Parameters: 0.999992 -0.00131792 -0.00359891 0.00134208 0.999976 0.00669622 0.00359009 -0.00670178 0.999971 -0.0332119 0.191936 0.0301657
FixedParameters: 0 0 0

#Transform 142
Transform: AffineTransform_float_3_3
Parameters: 0.999993 -0.00108643 -0.00359751 0.00111157 0.999976 0.00683505 0.00359048 -0.00683895 0.99997 -0.0210431 0.225943 0.0732604
FixedParameters: 0 0 0

#Transform 143
Transform: AffineTransform_float_3_3
Parameters: 0.999994 -0.000912488 -0.00340738 0.000936508 0.999975 0.00690485 0.00340061 -0.00690815 0.999971 -0.0132305 0.225721 0.0826119
FixedParameters: 0 0 0

#Transform 144
Transform: AffineTransform_float_3_3
Parameters: 0.999995 -0.0011036 -0.00317188 0.0011264 0.999975 0.00706747 0.00316412 -0.00707153 0.99997 -0.0210445 0.219209 0.0735093
FixedParameters: 0 0 0

#Transform 145
Transform: AffineTransform_float_3_3
Parameters: 0.999993 -0.00117146 -0.00359842 0.00119755 0.999974 0.00710474 0.00359058 -0.00710826 0.999969 -0.0217247 0.232407 0.0340248
FixedParameters: 0 0 0

#Transform 146
Transform: AffineTransform_float_3_3
Parameters: 0.999993 -0.000915636 -0.00359681 0.000941364 0.999972 0.00733466 0.00359019 -0.00733833 0.999966 -0.0142864 0.240407 0.0781648
FixedParameters: 0 0 0

#Transform 147
Transform: AffineTransform_float_3_3
Parameters: 0.999993 -0.000916949 -0.00359648 0.000942058 0.999976 0.00697066 0.00359052 -0.00697334 0.999969 -0.0169758 0.218749 0.0767382
FixedParameters: 0 0 0

#Transform 148
Transform: AffineTransform_float_3_3
Parameters: 0.999993 -0.000918204 -0.00359616 0.000941794 0.999977 0.00662065 0.00358984 -0.00662434 0.999971 -0.0171833 0.216357 0.03988
FixedParameters: 0 0 0

#Transform 149
Transform: AffineTransform_float_3_3
Parameters: 0.999993 -0.00109339 -0.0035982 0.00112062 0.999972 0.00740302 0.0035908 -0.00740698 0.999966 -0.0281479 0.252168 0.0774598
FixedParameters: 0 0 0

#Transform 150
Transform: AffineTransform_float_3_3
Parameters: 0.999993 -0.00118396 -0.00350721 0.00120804 0.999975 0.00685981 0.00349879 -0.00686419 0.999971 -0.0316718 0.218295 0.0453449
FixedParameters: 0 0 0

#Transform 151
Transform: AffineTransform_float_3_3
Parameters: 0.999993 -0.000915392 -0.00359688 0.000941612 0.999972 0.00740367 0.00359013 -0.00740634 0.999966 -0.0335949 0.245226 0.111549
FixedParameters: 0 0 0

#Transform 152
Transform: AffineTransform_float_3_3
Parameters: 0.999994 -0.000915866 -0.00353288 0.000942139 0.999972 0.00740372 0.00352612 -0.00740628 0.999967 -0.0332601 0.259398 0.123422
FixedParameters: 0 0 0

#Transform 153
Transform: AffineTransform_float_3_3
Parameters: 0.999994 -0.000915644 -0.00353094 0.000941356 0.999971 0.00746972 0.00352407 -0.00747327 0.999966 -0.0330649 0.267106 0.0711055
FixedParameters: 0 0 0

#Transform 154
Transform: AffineTransform_float_3_3
Parameters: 0.999993 -0.00104044 -0.00359838 0.00106957 0.999968 0.00794421 0.00359061 -0.00794779 0.999962 -0.0431232 0.246313 0.0978802
FixedParameters: 0 0 0

#Transform 155
Transform: AffineTransform_float_3_3
Parameters: 0.999993 -0.00100868 -0.00359777 0.00103632 0.99997 0.00759932 0.00359022 -0.00760367 0.999964 -0.0330107 0.24371 0.045448
FixedParameters: 0 0 0

#Transform 156
Transform: AffineTransform_float_3_3
Parameters: 0.999993 -0.00091378 -0.00359729 0.000942224 0.999968 0.00785066 0.00359071 -0.00785433 0.999962 -0.0334807 0.242123 0.0794395
FixedParameters: 0 0 0

#Transform 157
Transform: AffineTransform_float_3_3
Parameters: 0.999994 -0.000919008 -0.00318273 0.000941994 0.999974 0.00723004 0.00317627 -0.00723296 0.999969 -0.0309596 0.224529 0.0638385
FixedParameters: 0 0 0

#Transform 158
Transform: AffineTransform_float_3_3
Parameters: 0.999994 -0.000918043 -0.00316704 0.000941955 0.999971 0.00757106 0.00315996 -0.00757394 0.999967 -0.0357475 0.24211 0.0866385
FixedParameters: 0 0 0

#Transform 159
Transform: AffineTransform_float_3_3
Parameters: 0.999994 -0.000914291 -0.00353129 0.000941714 0.999968 0.00785272 0.00352471 -0.00785627 0.999963 -0.033072 0.256043 0.0857098
FixedParameters: 0 0 0

#Transform 160
Transform: AffineTransform_float_3_3
Parameters: 0.999993 -0.000914805 -0.00359703 0.000942197 0.999971 0.00756666 0.00358997 -0.00756934 0.999965 -0.0335456 0.254464 0.0967984
FixedParameters: 0 0 0

#Transform 161
Transform: AffineTransform_float_3_3
Parameters: 0.999992 -0.00110269 -0.00378736 0.00113131 0.999972 0.00748078 0.00377864 -0.00748523 0.999965 -0.0468225 0.264544 0.0691053
FixedParameters: 0 0 0

#Transform 162
Transform: AffineTransform_float_3_3
Parameters: 0.999993 -0.00111676 -0.0034097 0.00114223 0.999969 0.00770215 0.0034003 -0.00770684 0.999964 -0.031607 0.240041 0.0877836
FixedParameters: 0 0 0

#Transform 163
Transform: AffineTransform_float_3_3
Parameters: 0.999994 -0.0012962 -0.00342288 0.0013218 0.99997 0.00754552 0.00341312 -0.00754947 0.999965 -0.0364872 0.237147 0.0654177
FixedParameters: 0 0 0

#Transform 164
Transform: AffineTransform_float_3_3
Parameters: 0.999992 -0.000909075 -0.00405153 0.000941929 0.999966 0.00813225 0.00404447 -0.00813574 0.999958 -0.0528664 0.262071 0.0905336
FixedParameters: 0 0 0

#Transform 165
Transform: AffineTransform_float_3_3
Parameters: 0.999992 -0.000908143 -0.00405174 0.00094186 0.999964 0.00836225 0.00404426 -0.00836574 0.999957 -0.0526655 0.266085 0.0411535
FixedParameters: 0 0 0

#Transform 166
Transform: AffineTransform_float_3_3
Parameters: 0.999992 -0.000909699 -0.00405139 0.000941303 0.999967 0.00797725 0.00404462 -0.00798175 0.99996 -0.0526508 0.263608 0.0395729
FixedParameters: 0 0 0

#Transform 167
Transform: AffineTransform_float_3_3
Parameters: 0.999992 -0.000906389 -0.00405213 0.000941607 0.999961 0.00879426 0.00404388 -0.00879874 0.999953 -0.0528987 0.301067 0.0906639
FixedParameters: 0 0 0

#Transform 168
Transform: AffineTransform_float_3_3
Parameters: 0.999993 -0.00131368 -0.00370734 0.00134833 0.999956 0.00927008 0.00369566 -0.00927493 0.99995 -0.0445864 0.304354 0.0755557
FixedParameters: 0 0 0

#Transform 169
Transform: AffineTransform_float_3_3
Parameters: 0.999993 -0.00127823 -0.00355532 0.00131177 0.999954 0.00951141 0.00354368 -0.0095166 0.999949 -0.0480333 0.30225 0.0392163
FixedParameters: 0 0 0

#Transform 170
Transform: AffineTransform_float_3_3
Parameters: 0.999993 -0.00102568 -0.00338558 0.00106032 0.999948 0.0101495 0.00337541 -0.0101535 0.999943 -0.0482353 0.295985 0.0612528
FixedParameters: 0 0 0

#Transform 171
Transform: AffineTransform_float_3_3
Parameters: 0.999991 -0.00139259 -0.00405739 0.00143142 0.999954 0.00948028 0.00404461 -0.00948572 0.999947 -0.0669027 0.283236 0.0537258
FixedParameters: 0 0 0

#Transform 172
Transform: AffineTransform_float_3_3
Parameters: 0.999994 -0.000967447 -0.00339674 0.00100055 0.99995 0.00988966 0.00338727 -0.00989334 0.999946 -0.0648334 0.303038 0.0819128
FixedParameters: 0 0 0

#Transform 173
Transform: AffineTransform_float_3_3
Parameters: 0.999993 -0.000909027 -0.00348477 0.000941973 0.999954 0.00947178 0.00347623 -0.00947522 0.999949 -0.0656794 0.276667 0.0944193
FixedParameters: 0 0 0

#Transform 174
Transform: AffineTransform_float_3_3
Parameters: 0.999991 -0.00132887 -0.00405669 0.00136613 0.999955 0.00940955 0.00404432 -0.00941546 0.999948 -0.0573244 0.264239 0.0556531
FixedParameters: 0 0 0

#Transform 175
Transform: AffineTransform_float_3_3
Parameters: 0.999993 -0.000905567 -0.00366918 0.000941434 0.99995 0.00994062 0.00365982 -0.00994339 0.999944 -0.0348864 0.267224 0.0991638
FixedParameters: 0 0 0

#Transform 176
Transform: AffineTransform_float_3_3
Parameters: 0.999992 -0.00122905 -0.0038274 0.00126694 0.99995 0.00992823 0.00381461 -0.00993377 0.999944 -0.0406519 0.267202 0.050549
FixedParameters: 0 0 0

#Transform 177
Transform: AffineTransform_float_3_3
Parameters: 0.999993 -0.000926793 -0.00367584 0.000965207 0.999946 0.0104055 0.00366615 -0.0104095 0.999939 -0.0348705 0.302176 0.142521
FixedParameters: 0 0 0

#Transform 178
Transform: AffineTransform_float_3_3
Parameters: 0.999993 -0.00122569 -0.00370954 0.00126331 0.999948 0.0100714 0.00369746 -0.0100766 0.999943 -0.0260529 0.30547 0.124912
FixedParameters: 0 0 0

#Transform 179
Transform: AffineTransform_float_3_3
Parameters: 0.999991 -0.00126133 -0.00407115 0.00130267 0.999946 0.0102508 0.00405786 -0.0102552 0.999939 -0.0421586 0.298325 0.0963651
FixedParameters: 0 0 0
