# transform file /out/sourcedata/freesurfer/sub-v1s15x0050193_ses-1/mri/transforms/cc_up.lta
# created by oesteban on Thu Mar 12 12:42:38 2026

type      = 0 # LINEAR_VOX_TO_VOX
nxforms   = 1
mean      = 132.0000 93.0000 122.0000
sigma     = 10000.0000
1 4 4
9.919071793556213e-01 -3.305703401565552e-02 1.225861683487892e-01 -1.409259605407715e+01 
3.280743956565857e-02 9.994534254074097e-01 4.054551012814045e-03 4.925981140136719e+01 
-1.226532012224197e-01 0.000000000000000e+00 9.924495816230774e-01 3.402832031250000e+01 
0.000000000000000e+00 0.000000000000000e+00 0.000000000000000e+00 1.000000000000000e+00 
src volume info
valid = 1  # volume info valid
filename = /out/sourcedata/freesurfer/sub-v1s15x0050193_ses-1/mri/norm.mgz
volume = 256 256 256
voxelsize = 1.000000000000000e+00 1.000000000000000e+00 1.000000000000000e+00
xras   = -1.000000000000000e+00 0.000000000000000e+00 0.000000000000000e+00
yras   = 0.000000000000000e+00 0.000000000000000e+00 -1.000000000000000e+00
zras   = 0.000000000000000e+00 1.000000000000000e+00 0.000000000000000e+00
cras   = 7.296600341796875e+00 6.125000000000000e+00 -5.059399414062500e+01
dst volume info
valid = 1  # volume info valid
filename = /out/sourcedata/freesurfer/sub-v1s15x0050193_ses-1/mri/norm.mgz
volume = 256 256 256
voxelsize = 1.000000000000000e+00 1.000000000000000e+00 1.000000000000000e+00
xras   = -1.000000000000000e+00 0.000000000000000e+00 0.000000000000000e+00
yras   = 0.000000000000000e+00 0.000000000000000e+00 -1.000000000000000e+00
zras   = 0.000000000000000e+00 1.000000000000000e+00 0.000000000000000e+00
cras   = 7.296600341796875e+00 6.125000000000000e+00 -5.059399414062500e+01
