# transform file /out/sourcedata/freesurfer/sub-v1s15x0050204_ses-1/mri/transforms/cc_up.lta
# created by oesteban on Thu Mar 12 13:08:43 2026

type      = 0 # LINEAR_VOX_TO_VOX
nxforms   = 1
mean      = 128.0000 106.0000 119.0000
sigma     = 10000.0000
1 4 4
9.988638758659363e-01 2.505299635231495e-02 -4.053741320967674e-02 2.672941684722900e+00 
-2.503239177167416e-02 9.996861219406128e-01 1.015902613289654e-03 4.914011764526367e+01 
4.055013880133629e-02 -1.164153218269348e-10 9.991775155067444e-01 9.861973762512207e+00 
0.000000000000000e+00 0.000000000000000e+00 0.000000000000000e+00 1.000000000000000e+00 
src volume info
valid = 1  # volume info valid
filename = /out/sourcedata/freesurfer/sub-v1s15x0050204_ses-1/mri/norm.mgz
volume = 256 256 256
voxelsize = 1.000000000000000e+00 1.000000000000000e+00 1.000000000000000e+00
xras   = -1.000000000000000e+00 0.000000000000000e+00 0.000000000000000e+00
yras   = 0.000000000000000e+00 0.000000000000000e+00 -1.000000000000000e+00
zras   = 0.000000000000000e+00 1.000000000000000e+00 0.000000000000000e+00
cras   = 3.312202453613281e+00 3.311996459960938e+00 -3.512530517578125e+01
dst volume info
valid = 1  # volume info valid
filename = /out/sourcedata/freesurfer/sub-v1s15x0050204_ses-1/mri/norm.mgz
volume = 256 256 256
voxelsize = 1.000000000000000e+00 1.000000000000000e+00 1.000000000000000e+00
xras   = -1.000000000000000e+00 0.000000000000000e+00 0.000000000000000e+00
yras   = 0.000000000000000e+00 0.000000000000000e+00 -1.000000000000000e+00
zras   = 0.000000000000000e+00 1.000000000000000e+00 0.000000000000000e+00
cras   = 3.312202453613281e+00 3.311996459960938e+00 -3.512530517578125e+01
