#Insight Transform File V1.0
#Transform 0
Transform: AffineTransform_float_3_3
Parameters: 0.999999 -0.000433476 0.000674694 0.000432523 0.999999 0.000706291 -0.000675305 -0.000705707 0.999999 -0.00539323 0.00925737 0.00562608
FixedParameters: 0 0 0

#Transform 1
Transform: AffineTransform_float_3_3
Parameters: 1 -0.000433299 0.000423694 0.0004327 0.999999 0.000706183 -0.000424305 -0.000705816 0.999999 -0.00129297 0.00864301 0.0323452
FixedParameters: 0 0 0

#Transform 2
Transform: AffineTransform_float_3_3
Parameters: 0.999999 -0.000433725 0.00068154 0.000432275 1 0.0010623 -0.00068246 -0.0010627 0.999999 -0.00552046 0.0247623 0.0389938
FixedParameters: 0 0 0

#Transform 3
Transform: AffineTransform_float_3_3
Parameters: 0.999999 -0.000343481 0.000681757 0.000343518 0.999999 0.000706234 -0.000682242 -0.000705765 0.999999 -0.00675818 0.0421731 0.0246786
FixedParameters: 0 0 0

#Transform 4
Transform: AffineTransform_float_3_3
Parameters: 1 -0.000433133 0.000188694 0.000432867 0.999999 0.000706081 -0.000188306 -0.000705918 0.999999 0.00249366 0.0201425 0.00811138
FixedParameters: 0 0 0

#Transform 5
Transform: AffineTransform_float_3_3
Parameters: 1 -0.000140173 0.000244901 0.000139827 0.999999 0.000706034 -0.000245099 -0.000705965 0.999999 0.0062565 0.0186812 0.0235876
FixedParameters: 0 0 0

#Transform 6
Transform: AffineTransform_float_3_3
Parameters: 1 -0.000433186 0.000263694 0.000432813 0.999999 0.000706114 -0.000264305 -0.000705885 0.999999 0.00126948 0.00361369 0.00765982
FixedParameters: 0 0 0

#Transform 7
Transform: AffineTransform_float_3_3
Parameters: 0.999999 -0.000433071 0.000705956 0.000432928 1 0.000101306 -0.000705043 -0.000100695 0.999999 -0.00586247 0.0299027 0.0123983
FixedParameters: 0 0 0

#Transform 8
Transform: AffineTransform_float_3_3
Parameters: 1 -0.000305074 0.000292922 0.000304926 1 0.000254089 -0.000293077 -0.000253911 1 0.00897839 0.00878789 -0.00483632
FixedParameters: 0 0 0

#Transform 9
Transform: AffineTransform_float_3_3
Parameters: 1 -0.000293942 0.000360048 0.000294058 1 -0.000161894 -0.000359952 0.000162106 1 0.00893423 -0.000367192 -0.0397866
FixedParameters: 0 0 0

#Transform 10
Transform: AffineTransform_float_3_3
Parameters: 1 7.20077e-05 0.000129996 -7.19923e-05 1 -5.90094e-05 -0.000130004 5.89906e-05 1 0.00176002 0.00983094 -0.0130015
FixedParameters: 0 0 0

#Transform 11
Transform: AffineTransform_float_3_3
Parameters: 1 -0.00043299 -0.000440009 0.00043301 1 2.18095e-05 0.00043999 -2.21905e-05 1 0.0125771 0.010995 -0.0268603
FixedParameters: 0 0 0

#Transform 12
Transform: AffineTransform_float_3_3
Parameters: 1 -0.000323015 0.000194976 0.000322985 1 7.5063e-05 -0.000195024 -7.4937e-05 1 0.000855634 0.0382969 -0.0213512
FixedParameters: 0 0 0

#Transform 13
Transform: AffineTransform_float_3_3
Parameters: 1 -0.000433003 -4.29645e-05 0.000432996 1 -8.20186e-05 4.30355e-05 8.19814e-05 1 0.00618347 0.0284185 -0.00320228
FixedParameters: 0 0 0

#Transform 14
Transform: AffineTransform_float_3_3
Parameters: 1 -0.000134997 -4.30101e-05 0.000135003 1 7.49942e-05 4.29899e-05 -7.50058e-05 1 0.00238245 0.0462184 -0.00336919
FixedParameters: 0 0 0

#Transform 15
Transform: AffineTransform_float_3_3
Parameters: 1 -0.000327989 -0.000151025 0.000328011 1 7.49505e-05 0.000150975 -7.50495e-05 1 0.00654463 0.0374939 0.00588969
FixedParameters: 0 0 0

#Transform 16
Transform: AffineTransform_float_3_3
Parameters: 1 -0.000133989 -4.30328e-05 0.000134011 1 0.000244994 4.29672e-05 -0.000245006 1 0.00233131 0.028704 -0.0056036
FixedParameters: 0 0 0

#Transform 17
Transform: AffineTransform_float_3_3
Parameters: 1 -9.19968e-05 -4.30069e-05 9.20032e-05 1 7.4996e-05 4.29931e-05 -7.5004e-05 1 0.00673164 0.0363721 -0.00698127
FixedParameters: 0 0 0

#Transform 18
Transform: AffineTransform_float_3_3
Parameters: 1 -0.000318997 -4.30239e-05 0.000319003 1 7.49863e-05 4.29761e-05 -7.50137e-05 1 0.0047443 0.00774401 -0.00756521
FixedParameters: 0 0 0

#Transform 19
Transform: AffineTransform_float_3_3
Parameters: 1 0.00016098 0.000261012 -0.00016102 1 7.4958e-05 -0.000260988 -7.5042e-05 1 0.000788583 0.0201448 -0.00277897
FixedParameters: 0 0 0

#Transform 20
Transform: AffineTransform_float_3_3
Parameters: 1 -0.000372011 0.000147972 0.000371989 1 7.5055e-05 -0.000148028 -7.49449e-05 1 0.00233919 0.00798849 -0.0011257
FixedParameters: 0 0 0

#Transform 21
Transform: AffineTransform_float_3_3
Parameters: 1 -0.000145998 0.000163002 0.000146002 1 -1.09762e-05 -0.000162998 1.10238e-05 1 -0.000813605 0.0149061 -0.00399763
FixedParameters: 0 0 0

#Transform 22
Transform: AffineTransform_float_3_3
Parameters: 1 0.000141955 0.000295022 -0.000142045 1 0.000151958 -0.000294978 -0.000152042 1 -0.00663318 0.0375162 0.01972
FixedParameters: 0 0 0

#Transform 23
Transform: AffineTransform_float_3_3
Parameters: 1 -0.000433031 0.000113881 0.000432969 1 0.000274049 -0.000114119 -0.000273951 1 -0.000858456 0.037846 0.0461253
FixedParameters: 0 0 0

#Transform 24
Transform: AffineTransform_float_3_3
Parameters: 1 -0.000433118 0.000113552 0.000432883 1 0.00103405 -0.000113448 -0.00103395 1 0.00367914 0.043671 0.0472014
FixedParameters: 0 0 0

#Transform 25
Transform: AffineTransform_float_3_3
Parameters: 1 -0.000432592 -0.000394448 0.000432407 1 0.00103383 0.000393553 -0.00103417 1 0.00313493 0.00714246 0.0324825
FixedParameters: 0 0 0

#Transform 26
Transform: AffineTransform_float_3_3
Parameters: 1 -0.000432765 -0.000162628 0.000432236 0.999999 0.00144993 0.000162373 -0.00145007 0.999999 0.0081243 0.0404091 0.038446
FixedParameters: 0 0 0

#Transform 27
Transform: AffineTransform_float_3_3
Parameters: 1 -0.000432785 -0.000123755 0.000432216 0.999999 0.00174395 0.000123246 -0.00174406 0.999999 0.00751484 0.0256154 0.0259476
FixedParameters: 0 0 0

#Transform 28
Transform: AffineTransform_float_3_3
Parameters: 1 -0.000433223 0.000113148 0.000432777 0.999998 0.00196705 -0.000113851 -0.00196695 0.999998 -0.00523358 0.0397451 0.0346797
FixedParameters: 0 0 0

#Transform 29
Transform: AffineTransform_float_3_3
Parameters: 1 -0.000268111 0.000113738 0.000267889 1 0.000977031 -0.000114262 -0.00097697 1 0.00154799 0.0215339 0.00114705
FixedParameters: 0 0 0

#Transform 30
Transform: AffineTransform_float_3_3
Parameters: 1 -0.000433083 0.000113683 0.000432917 0.999999 0.000731049 -0.000113316 -0.000730951 0.999999 0.00368001 0.0383216 -0.000644425
FixedParameters: 0 0 0

#Transform 31
Transform: AffineTransform_float_3_3
Parameters: 1 -0.000432789 -0.000219416 0.000432211 1 0.000961905 0.000218584 -0.000962095 0.999999 0.00126102 0.0224945 0.0234692
FixedParameters: 0 0 0

#Transform 32
Transform: AffineTransform_float_3_3
Parameters: 1 -0.000433133 0.000113493 0.000432867 0.999999 0.00117105 -0.000113507 -0.00117095 1 0.0036793 0.0192454 -0.000370501
FixedParameters: 0 0 0

#Transform 33
Transform: AffineTransform_float_3_3
Parameters: 1 -0.000432679 -0.000299464 0.000432321 1 0.00107287 0.000298536 -0.00107313 1 0.0102759 -0.00460853 0.0115871
FixedParameters: 0 0 0

#Transform 34
Transform: AffineTransform_float_3_3
Parameters: 1 -0.000433178 0.000175561 0.000432821 1 0.00101408 -0.000176439 -0.00101392 1 -0.00531112 0.0302963 0.0389047
FixedParameters: 0 0 0

#Transform 35
Transform: AffineTransform_float_3_3
Parameters: 0.999999 -0.000705461 0.000572431 0.000705538 0.999999 0.000806403 -0.000572569 -0.000806596 0.999999 -0.0110911 0.045838 0.0604046
FixedParameters: 0 0 0

#Transform 36
Transform: AffineTransform_float_3_3
Parameters: 0.999999 -0.000870092 0.000113299 0.000869909 1 0.000806099 -0.000113701 -0.000805901 0.999999 0.00920409 -0.00577987 0.0218055
FixedParameters: 0 0 0

#Transform 37
Transform: AffineTransform_float_3_3
Parameters: 1 -0.000305122 0.000113673 0.000304879 1 0.00107104 -0.000113327 -0.00107097 1 0.0020478 0.0159884 0.0433227
FixedParameters: 0 0 0

#Transform 38
Transform: AffineTransform_float_3_3
Parameters: 1 -0.000499404 0.000345417 0.000498596 0.999999 0.00116817 -0.000346583 -0.00116783 1 0.00072746 0.0343659 0.05928
FixedParameters: 0 0 0

#Transform 39
Transform: AffineTransform_float_3_3
Parameters: 1 -0.000262672 -0.000224384 0.000262327 0.999999 0.00146194 0.000223617 -0.00146206 0.999999 0.0108967 0.0249495 0.0451806
FixedParameters: 0 0 0

#Transform 40
Transform: AffineTransform_float_3_3
Parameters: 1 -0.000319135 0.000113623 0.000318866 0.999999 0.00118304 -0.000113377 -0.00118296 1 0.00222455 0.0297909 0.0400895
FixedParameters: 0 0 0

#Transform 41
Transform: AffineTransform_float_3_3
Parameters: 1 -0.000213362 -0.000597228 0.000214638 1 0.00106887 0.000596771 -0.00106913 1 0.0202358 0.0108525 0.0103123
FixedParameters: 0 0 0

#Transform 42
Transform: AffineTransform_float_3_3
Parameters: 1 -0.000332527 0.000487641 0.000332473 1 0.00108016 -0.00048836 -0.00108084 1 0.00163293 0.0315038 0.0565298
FixedParameters: 0 0 0

#Transform 43
Transform: AffineTransform_float_3_3
Parameters: 1 -0.000300582 -0.000330381 0.000301418 0.999999 0.0012649 0.000330619 -0.0012651 0.999999 0.00901977 0.00318005 0.0287259
FixedParameters: 0 0 0

#Transform 44
Transform: AffineTransform_float_3_3
Parameters: 1 6.48954e-05 7.8087e-05 -6.51045e-05 0.999999 0.00134 -7.79128e-05 -0.00134001 0.999999 0.0118596 0.0327507 0.0370373
FixedParameters: 0 0 0

#Transform 45
Transform: AffineTransform_float_3_3
Parameters: 1 -0.00044445 -0.00037665 0.000444549 0.999999 0.00146183 0.00037535 -0.00146217 0.999999 0.011591 0.00626054 0.00695555
FixedParameters: 0 0 0

#Transform 46
Transform: AffineTransform_float_3_3
Parameters: 1 -0.000319387 0.000281562 0.000319613 0.999999 0.00137209 -0.000282439 -0.00137291 0.999999 -0.00074103 0.0376222 0.0322679
FixedParameters: 0 0 0

#Transform 47
Transform: AffineTransform_float_3_3
Parameters: 1 -0.000483537 -0.00034465 0.000483461 0.999999 0.00134283 0.000343351 -0.00134317 0.999999 0.0115308 0.013964 -0.00698076
FixedParameters: 0 0 0

#Transform 48
Transform: AffineTransform_float_3_3
Parameters: 1 -0.000240114 7.7649e-05 0.000239887 0.999999 0.00146202 -7.7351e-05 -0.00146298 0.999999 -0.00204256 0.0417688 0.018
FixedParameters: 0 0 0

#Transform 49
Transform: AffineTransform_float_3_3
Parameters: 1 -0.000159648 -0.000259217 0.000160352 0.999999 0.00135996 0.000258782 -0.00136004 0.999999 0.00600414 -0.00486637 -0.0297808
FixedParameters: 0 0 0

#Transform 50
Transform: AffineTransform_float_3_3
Parameters: 1 0.000108856 7.8201e-05 -0.000108144 0.999999 0.00184499 -7.78006e-05 -0.00184501 0.999999 -0.00291145 0.0104284 -0.00899792
FixedParameters: 0 0 0

#Transform 51
Transform: AffineTransform_float_3_3
Parameters: 1 -0.00031002 -0.000236292 0.000310979 0.999992 0.00416093 0.000234708 -0.00416108 0.999992 0.00744471 -0.000456476 0.0614101
FixedParameters: 0 0 0

#Transform 52
Transform: AffineTransform_float_3_3
Parameters: 1 -0.00031848 -9.86925e-05 0.000319521 0.999986 0.00530997 9.73047e-05 -0.00531003 0.999986 0.00530217 0.0289135 0.0817126
FixedParameters: 0 0 0

#Transform 53
Transform: AffineTransform_float_3_3
Parameters: 1 -0.000248894 0.000193858 0.000248105 0.99999 0.00459805 -0.000195143 -0.00459796 0.99999 0.00716209 -0.0165258 0.0393028
FixedParameters: 0 0 0

#Transform 54
Transform: AffineTransform_float_3_3
Parameters: 1 7.1242e-05 0.000351361 -7.27612e-05 0.999988 0.00500598 -0.00035164 -0.00500603 0.999988 0.00292612 0.0170392 0.0588315
FixedParameters: 0 0 0

#Transform 55
Transform: AffineTransform_float_3_3
Parameters: 1 -0.000284739 0.000304382 0.000283262 0.999983 0.00570008 -0.000305619 -0.00569991 0.999983 -0.00150634 0.023701 0.0847226
FixedParameters: 0 0 0

#Transform 56
Transform: AffineTransform_float_3_3
Parameters: 1 -0.000285255 0.000381323 0.000282741 0.999982 0.0059001 -0.000383675 -0.00589989 0.999982 -0.00600328 0.0560881 0.090439
FixedParameters: 0 0 0

#Transform 57
Transform: AffineTransform_float_3_3
Parameters: 1 -0.000181243 -0.00011421 0.000182755 0.999978 0.00666198 0.000112785 -0.00666202 0.999978 0.00380084 0.0213077 0.0826749
FixedParameters: 0 0 0

#Transform 58
Transform: AffineTransform_float_3_3
Parameters: 1 0.000316702 0.000603276 -0.000321296 0.999975 0.00713781 -0.000600722 -0.0071382 0.999975 -0.0142055 0.0235922 0.0854347
FixedParameters: 0 0 0

#Transform 59
Transform: AffineTransform_float_3_3
Parameters: 1 3.01486e-05 0.000578213 -3.38566e-05 0.999978 0.00666198 -0.000578787 -0.00666201 0.999977 -0.0100773 0.0236138 0.101134
FixedParameters: 0 0 0

#Transform 60
Transform: AffineTransform_float_3_3
Parameters: 1 -0.000286294 0.000546286 0.000282708 0.999982 0.00602015 -0.000547712 -0.00602084 0.999981 0.00896373 -0.00118542 0.0639596
FixedParameters: 0 0 0

#Transform 61
Transform: AffineTransform_float_3_3
Parameters: 1 -0.000129114 0.000663212 0.000124887 0.999981 0.00620008 -0.000663787 -0.00619991 0.99998 -0.000656641 0.00634238 0.096197
FixedParameters: 0 0 0

#Transform 62
Transform: AffineTransform_float_3_3
Parameters: 1 -0.000364878 0.000961791 0.000359122 0.999982 0.00610335 -0.00096421 -0.00610365 0.999981 -0.0110344 -0.00188774 0.103552
FixedParameters: 0 0 0

#Transform 63
Transform: AffineTransform_float_3_3
Parameters: 1 -0.000289191 0.00103529 0.000282811 0.999982 0.00597529 -0.00103671 -0.0059747 0.999981 -0.00559909 0.00659368 0.0947614
FixedParameters: 0 0 0

#Transform 64
Transform: AffineTransform_float_3_3
Parameters: 1 -0.000345305 0.000957751 0.000338695 0.999979 0.00657433 -0.000960248 -0.00657467 0.999978 -0.011298 0.0063228 0.105356
FixedParameters: 0 0 0

#Transform 65
Transform: AffineTransform_float_3_3
Parameters: 0.999999 -0.000440103 0.00118602 0.000431896 0.999976 0.00682452 -0.00118898 -0.00682348 0.999976 -0.0159728 -0.013063 0.110464
FixedParameters: 0 0 0

#Transform 66
Transform: AffineTransform_float_3_3
Parameters: 0.999999 -0.000184313 0.00127683 0.000176685 0.999979 0.00650823 -0.00127818 -0.00650777 0.999978 -0.0185034 0.0140879 0.122239
FixedParameters: 0 0 0

#Transform 67
Transform: AffineTransform_float_3_3
Parameters: 1 -0.000290102 0.00104506 0.000282899 0.999977 0.0067893 -0.00104695 -0.0067887 0.999977 -0.013278 0.00394824 0.134562
FixedParameters: 0 0 0

#Transform 68
Transform: AffineTransform_float_3_3
Parameters: 0.999999 -0.00052875 0.00124131 0.000520244 0.999975 0.00703966 -0.00124569 -0.00703835 0.999975 -0.0135519 -0.00436168 0.119013
FixedParameters: 0 0 0

#Transform 69
Transform: AffineTransform_float_3_3
Parameters: 1 -0.00110206 0.000516341 0.00109694 0.999953 0.00969458 -0.000527659 -0.00969443 0.999953 0.00563641 -0.0987006 0.0729773
FixedParameters: 0 0 0

#Transform 70
Transform: AffineTransform_float_3_3
Parameters: 0.999998 -0.0011122 0.00126176 0.00109681 0.999927 0.0119854 -0.00127424 -0.0119836 0.999928 -0.00646924 -0.0542101 0.0495838
FixedParameters: 0 0 0

#Transform 71
Transform: AffineTransform_float_3_3
Parameters: 0.999998 -0.000586763 0.00191736 0.00056824 0.999952 0.00977211 -0.00192265 -0.0097709 0.999951 -0.0237824 0.0476903 0.229555
FixedParameters: 0 0 0

#Transform 72
Transform: AffineTransform_float_3_3
Parameters: 0.999999 -0.00056187 0.00147003 0.00054513 0.999942 0.0107738 -0.00147596 -0.0107732 0.999941 -0.000426809 -0.00687968 0.0765495
FixedParameters: 0 0 0

#Transform 73
Transform: AffineTransform_float_3_3
Parameters: 0.999999 -0.000530214 0.0016613 0.000511779 0.99994 0.0109449 -0.0016677 -0.0109441 0.999938 -0.0206605 -0.00723173 0.0610536
FixedParameters: 0 0 0

#Transform 74
Transform: AffineTransform_float_3_3
Parameters: 0.999999 -0.000553483 0.0011858 0.000540515 0.999935 0.0113406 -0.00119221 -0.0113403 0.999935 -0.0102987 -0.0455359 0.0050301
FixedParameters: 0 0 0

#Transform 75
Transform: AffineTransform_float_3_3
Parameters: 1 -0.000647433 0.000855202 0.000637571 0.999926 0.0121426 -0.000862806 -0.0121424 0.999926 0.00396516 -0.143325 -0.0733782
FixedParameters: 0 0 0

#Transform 76
Transform: AffineTransform_float_3_3
Parameters: 0.999999 -0.000933408 0.000988428 0.000920585 0.999921 0.0124799 -0.00100057 -0.0124791 0.999921 0.00680875 -0.0997443 -0.0703172
FixedParameters: 0 0 0

#Transform 77
Transform: AffineTransform_float_3_3
Parameters: 0.999999 -0.000376432 0.00167992 0.000353566 0.999903 0.0139276 -0.00168509 -0.0139264 0.999901 0.000150778 -0.0594255 -0.157253
FixedParameters: 0 0 0

#Transform 78
Transform: AffineTransform_float_3_3
Parameters: 0.999998 -0.000443285 0.0019189 0.000415714 0.999899 0.0141958 -0.0019251 -0.0141952 0.999898 0.0105569 -0.0744539 -0.164014
FixedParameters: 0 0 0

#Transform 79
Transform: AffineTransform_float_3_3
Parameters: 0.999998 -0.000285147 0.00164014 0.000261854 0.9999 0.0140964 -0.00164385 -0.0140955 0.9999 0.0109444 -0.07816 -0.155478
FixedParameters: 0 0 0

#Transform 80
Transform: AffineTransform_float_3_3
Parameters: 0.999998 -0.000571249 0.00184508 0.000545752 0.999899 0.014196 -0.00185293 -0.014195 0.999897 -0.0023814 -0.0432465 -0.145185
FixedParameters: 0 0 0

#Transform 81
Transform: AffineTransform_float_3_3
Parameters: 0.999999 -0.000304595 0.00180086 0.000279404 0.999899 0.0141955 -0.00180515 -0.0141955 0.999897 -0.00506784 -0.0783636 -0.16484
FixedParameters: 0 0 0

#Transform 82
Transform: AffineTransform_float_3_3
Parameters: 0.999997 -0.000275284 0.00241424 0.000240718 0.999894 0.0146036 -0.00241777 -0.0146024 0.999891 -0.00861943 -0.0619107 -0.111196
FixedParameters: 0 0 0

#Transform 83
Transform: AffineTransform_float_3_3
Parameters: 0.999997 0.000116599 0.002153 -0.0001494 0.999886 0.0150547 -0.00215099 -0.0150553 0.999885 -0.0162068 -0.0860701 -0.0971699
FixedParameters: 0 0 0

#Transform 84
Transform: AffineTransform_float_3_3
Parameters: 0.999996 0.000133861 0.00276236 -0.000176135 0.999883 0.0152606 -0.00275963 -0.0152604 0.999879 -0.026137 -0.0483459 -0.0742945
FixedParameters: 0 0 0

#Transform 85
Transform: AffineTransform_float_3_3
Parameters: 0.999997 -0.000315423 0.00235164 0.000280587 0.999893 0.0146237 -0.00235536 -0.0146233 0.999891 -0.00208739 -0.072431 -0.126261
FixedParameters: 0 0 0

#Transform 86
Transform: AffineTransform_float_3_3
Parameters: 0.999996 -0.000323383 0.00281345 0.000280606 0.999886 0.0150528 -0.00281854 -0.0150511 0.999882 -0.0210957 -0.0409934 -0.0699028
FixedParameters: 0 0 0

#Transform 87
Transform: AffineTransform_float_3_3
Parameters: 0.999996 -0.00077824 0.00266859 0.00073777 0.999887 0.015047 -0.0026794 -0.015045 0.999883 -0.0186879 -0.0332955 -0.0344428
FixedParameters: 0 0 0

#Transform 88
Transform: AffineTransform_float_3_3
Parameters: 0.999996 -0.000716687 0.00245257 0.000679307 0.999889 0.0149267 -0.00246341 -0.0149253 0.999885 -0.0232542 -0.0415137 -0.0575828
FixedParameters: 0 0 0

#Transform 89
Transform: AffineTransform_float_3_3
Parameters: 0.999997 -0.000663951 0.00234766 0.000630042 0.999895 0.0144335 -0.00235734 -0.0144315 0.999893 -0.0168838 -0.0540094 -0.101458
FixedParameters: 0 0 0

#Transform 90
Transform: AffineTransform_float_3_3
Parameters: 0.999996 -0.000620985 0.00248027 0.00058502 0.999895 0.0144825 -0.00248873 -0.0144815 0.999892 -0.0238721 -0.0573542 -0.0836102
FixedParameters: 0 0 0

#Transform 91
Transform: AffineTransform_float_3_3
Parameters: 0.999995 -0.000971719 0.00274962 0.000932274 0.999901 0.0140486 -0.00276337 -0.0140454 0.999898 -0.018152 -0.0375006 -0.0984858
FixedParameters: 0 0 0

#Transform 92
Transform: AffineTransform_float_3_3
Parameters: 0.999996 -0.000894309 0.002503 0.00085969 0.999906 0.0136752 -0.00251499 -0.0136728 0.999904 -0.0180637 -0.0467048 -0.0789475
FixedParameters: 0 0 0

#Transform 93
Transform: AffineTransform_float_3_3
Parameters: 0.999996 -0.000913064 0.00270477 0.000875931 0.999906 0.0136734 -0.00271723 -0.0136706 0.999903 -0.0199962 -0.0462523 -0.0561202
FixedParameters: 0 0 0

#Transform 94
Transform: AffineTransform_float_3_3
Parameters: 0.999997 -0.000879845 0.00225684 0.000847152 0.9999 0.0140729 -0.00226914 -0.014071 0.999898 -0.011096 -0.0716471 -0.0684474
FixedParameters: 0 0 0

#Transform 95
Transform: AffineTransform_float_3_3
Parameters: 0.999996 -0.000956568 0.00245983 0.000921429 0.999902 0.0140163 -0.00247315 -0.0140137 0.999898 0.00223432 -0.0516363 -0.0584764
FixedParameters: 0 0 0

#Transform 96
Transform: AffineTransform_float_3_3
Parameters: 0.999997 -0.000899908 0.00234691 0.00086509 0.999889 0.0148331 -0.00236009 -0.0148309 0.999887 -0.00493125 -0.0475262 -0.0862122
FixedParameters: 0 0 0

#Transform 97
Transform: AffineTransform_float_3_3
Parameters: 0.999996 -0.00122838 0.00233221 0.00119462 0.999892 0.0146878 -0.0023498 -0.0146852 0.99989 -0.0112932 -0.0588131 -0.123945
FixedParameters: 0 0 0

#Transform 98
Transform: AffineTransform_float_3_3
Parameters: 0.999997 -0.00103167 0.00222872 0.000997325 0.999886 0.0150563 -0.00224427 -0.0150537 0.999884 -0.0108895 -0.0563527 -0.0990408
FixedParameters: 0 0 0

#Transform 99
Transform: AffineTransform_float_3_3
Parameters: 0.999997 -0.000784415 0.00251051 0.000749593 0.999906 0.0136799 -0.00252049 -0.0136781 0.999904 0.00835613 -0.0512709 -0.0660038
FixedParameters: 0 0 0

#Transform 100
Transform: AffineTransform_float_3_3
Parameters: 0.999999 -0.000731898 0.00161236 0.000708107 0.99989 0.0147732 -0.00162264 -0.0147718 0.999889 0.0111937 -0.0761001 -0.189891
FixedParameters: 0 0 0

#Transform 101
Transform: AffineTransform_float_3_3
Parameters: 0.999998 -0.00124971 0.00167816 0.0012233 0.999883 0.0152321 -0.00169683 -0.0152299 0.999882 0.0204875 -0.0848472 -0.155639
FixedParameters: 0 0 0

#Transform 102
Transform: AffineTransform_float_3_3
Parameters: 0.999997 -0.00135192 0.00205131 0.00132007 0.999879 0.0154838 -0.00207269 -0.0154812 0.999878 0.00607219 -0.0526703 -0.141865
FixedParameters: 0 0 0

#Transform 103
Transform: AffineTransform_float_3_3
Parameters: 0.999999 -0.000659205 0.00162098 0.000633795 0.999879 0.015501 -0.00163102 -0.0154999 0.999878 0.00837834 -0.0739021 -0.177594
FixedParameters: 0 0 0

#Transform 104
Transform: AffineTransform_float_3_3
Parameters: 0.999998 -0.00109986 0.00201897 0.00106814 0.999876 0.0157142 -0.00203604 -0.0157118 0.999875 0.0138681 -0.0449353 -0.170951
FixedParameters: 0 0 0

#Transform 105
Transform: AffineTransform_float_3_3
Parameters: 0.999996 -0.00138985 0.00244542 0.00135314 0.999887 0.0150074 -0.00246658 -0.0150036 0.999885 -0.0142132 -0.0581191 -0.201767
FixedParameters: 0 0 0

#Transform 106
Transform: AffineTransform_float_3_3
Parameters: 0.999996 -0.0012067 0.00261403 0.0011663 0.999884 0.0151371 -0.00263195 -0.0151339 0.999882 -0.0163628 -0.0723035 -0.19827
FixedParameters: 0 0 0

#Transform 107
Transform: AffineTransform_float_3_3
Parameters: 0.999996 -0.00135507 0.00255212 0.00131493 0.999877 0.0156384 -0.00257288 -0.0156356 0.999875 -0.00373457 -0.0929121 -0.229461
FixedParameters: 0 0 0

#Transform 108
Transform: AffineTransform_float_3_3
Parameters: 0.999995 -0.00107032 0.00295931 0.00102267 0.999873 0.0159441 -0.00297668 -0.0159409 0.999868 -0.0122357 -0.0815694 -0.200967
FixedParameters: 0 0 0

#Transform 109
Transform: AffineTransform_float_3_3
Parameters: 0.999995 -0.00139416 0.00263109 0.00135183 0.999871 0.0159606 -0.00265291 -0.0159564 0.999869 -0.00999011 -0.0831768 -0.250969
FixedParameters: 0 0 0

#Transform 110
Transform: AffineTransform_float_3_3
Parameters: 0.999994 -0.00195636 0.00263969 0.00191163 0.999858 0.0167051 -0.0026723 -0.0166999 0.999857 0.00166118 -0.0656966 -0.235477
FixedParameters: 0 0 0

#Transform 111
Transform: AffineTransform_float_3_3
Parameters: 0.999995 -0.00173251 0.00241545 0.00169249 0.99986 0.0166752 -0.00244356 -0.0166708 0.999858 -0.00561837 -0.0670053 -0.27231
FixedParameters: 0 0 0

#Transform 112
Transform: AffineTransform_float_3_3
Parameters: 0.999994 -0.00132071 0.00300808 0.00127229 0.999869 0.0161379 -0.00302892 -0.0161341 0.999865 -0.00766628 -0.0586886 -0.180523
FixedParameters: 0 0 0

#Transform 113
Transform: AffineTransform_float_3_3
Parameters: 0.999996 -0.0012828 0.00227262 0.00124621 0.99987 0.0161209 -0.00229239 -0.0161171 0.999868 0.0155648 -0.107535 -0.273664
FixedParameters: 0 0 0

#Transform 114
Transform: AffineTransform_float_3_3
Parameters: 0.999994 -0.00142193 0.00295805 0.00137106 0.999852 0.0171481 -0.00298294 -0.0171438 0.999848 -0.00599767 -0.0704031 -0.298945
FixedParameters: 0 0 0

#Transform 115
Transform: AffineTransform_float_3_3
Parameters: 0.999997 -0.00145827 0.00231028 0.00141972 0.999863 0.0164824 -0.00233472 -0.0164787 0.999862 0.00404447 -0.0818502 -0.248984
FixedParameters: 0 0 0

#Transform 116
Transform: AffineTransform_float_3_3
Parameters: 0.999995 -0.0016194 0.00295493 0.0015696 0.999854 0.0169797 -0.00298208 -0.0169753 0.999852 -0.005591 -0.0440656 -0.254554
FixedParameters: 0 0 0

#Transform 117
Transform: AffineTransform_float_3_3
Parameters: 0.999997 -0.00158755 0.00221316 0.00154745 0.999841 0.0177605 -0.00224084 -0.0177575 0.99984 0.0185665 -0.0905577 -0.309627
FixedParameters: 0 0 0

#Transform 118
Transform: AffineTransform_float_3_3
Parameters: 0.999997 -0.00110788 0.00244099 0.00106512 0.999847 0.0174977 -0.00246001 -0.0174953 0.999844 0.0233045 -0.0882826 -0.295351
FixedParameters: 0 0 0

#Transform 119
Transform: AffineTransform_float_3_3
Parameters: 0.999994 -0.00149497 0.00295678 0.00144403 0.999851 0.0171654 -0.00298222 -0.0171606 0.999849 0.0193688 -0.0811794 -0.316353
FixedParameters: 0 0 0

#Transform 120
Transform: AffineTransform_float_3_3
Parameters: 0.999995 -0.00111355 0.00296385 0.00106445 0.99986 0.0166672 -0.00298215 -0.0166637 0.999856 0.0248455 -0.0874789 -0.25662
FixedParameters: 0 0 0

#Transform 121
Transform: AffineTransform_float_3_3
Parameters: 0.999997 -0.000950261 0.00255799 0.000905738 0.999851 0.0172494 -0.00257401 -0.0172466 0.999848 0.0214379 -0.106911 -0.333321
FixedParameters: 0 0 0

#Transform 122
Transform: AffineTransform_float_3_3
Parameters: 0.999997 -0.000747765 0.0025619 0.000705234 0.999861 0.0166529 -0.0025741 -0.0166511 0.999858 0.0213593 -0.0752315 -0.272828
FixedParameters: 0 0 0

#Transform 123
Transform: AffineTransform_float_3_3
Parameters: 0.999996 -0.00144781 0.00234933 0.00140718 0.999849 0.0172804 -0.00237467 -0.0172766 0.999848 0.0267579 -0.116478 -0.345439
FixedParameters: 0 0 0

#Transform 124
Transform: AffineTransform_float_3_3
Parameters: 0.999995 -0.000881917 0.0032393 0.00082609 0.999852 0.0172228 -0.00325371 -0.0172202 0.999847 0.0014619 -0.0736936 -0.243983
FixedParameters: 0 0 0

#Transform 125
Transform: AffineTransform_float_3_3
Parameters: 0.999993 -0.000749311 0.00346409 0.000692689 0.999864 0.0165165 -0.00347591 -0.0165135 0.999857 -0.0112619 -0.0625516 -0.196447
FixedParameters: 0 0 0

#Transform 126
Transform: AffineTransform_float_3_3
Parameters: 0.999995 -0.000772925 0.00301933 0.000730079 0.999899 0.0141923 -0.00302967 -0.0141897 0.999894 -0.00329274 -0.0151871 -0.148486
FixedParameters: 0 0 0

#Transform 127
Transform: AffineTransform_float_3_3
Parameters: 0.999995 -0.00113278 0.00293601 0.00108522 0.999868 0.0162253 -0.002954 -0.0162217 0.999864 0.00243214 -0.0449598 -0.180301
FixedParameters: 0 0 0

#Transform 128
Transform: AffineTransform_float_3_3
Parameters: 0.999994 -0.00115161 0.00304707 0.00110339 0.999873 0.0159074 -0.00306494 -0.0159045 0.999869 0.000829406 -0.0303224 -0.174714
FixedParameters: 0 0 0

#Transform 129
Transform: AffineTransform_float_3_3
Parameters: 0.999995 -0.00114738 0.00271869 0.00110364 0.999867 0.0162681 -0.00273631 -0.0162649 0.999864 0.00616579 -0.0626367 -0.21422
FixedParameters: 0 0 0

#Transform 130
Transform: AffineTransform_float_3_3
Parameters: 0.999994 -0.00115345 0.00321333 0.00110353 0.999877 0.0156596 -0.00323168 -0.0156554 0.999872 0.00705114 -0.0626298 -0.191433
FixedParameters: 0 0 0

#Transform 131
Transform: AffineTransform_float_3_3
Parameters: 0.999996 -0.0010539 0.00280964 0.00101211 0.999889 0.0148729 -0.00282437 -0.0148691 0.999886 0.0159497 -0.0928193 -0.239418
FixedParameters: 0 0 0

#Transform 132
Transform: AffineTransform_float_3_3
Parameters: 0.999995 -0.00124015 0.00311967 0.00119386 0.999885 0.0150708 -0.00313735 -0.0150662 0.999881 0.013555 -0.0869301 -0.207548
FixedParameters: 0 0 0

#Transform 133
Transform: AffineTransform_float_3_3
Parameters: 0.999995 -0.00127157 0.00313714 0.00122343 0.999885 0.0151189 -0.00315586 -0.0151151 0.999881 0.00128489 -0.0879725 -0.218228
FixedParameters: 0 0 0

#Transform 134
Transform: AffineTransform_float_3_3
Parameters: 0.999993 -0.00102534 0.00339233 0.000972668 0.999877 0.0156874 -0.00340768 -0.0156846 0.999871 0.0020221 -0.0753506 -0.236883
FixedParameters: 0 0 0

#Transform 135
Transform: AffineTransform_float_3_3
Parameters: 0.999994 -0.00119047 0.00328882 0.00113953 0.999877 0.0156078 -0.00330718 -0.0156031 0.999873 -0.00251713 -0.0762508 -0.236114
FixedParameters: 0 0 0

#Transform 136
Transform: AffineTransform_float_3_3
Parameters: 0.999993 -0.0013189 0.00344558 0.0012671 0.999887 0.0150235 -0.00346443 -0.0150185 0.999881 0.00895754 -0.0545556 -0.209577
FixedParameters: 0 0 0

#Transform 137
Transform: AffineTransform_float_3_3
Parameters: 0.999992 -0.00116632 0.00383633 0.00110968 0.999892 0.0146504 -0.00385267 -0.0146456 0.999886 0.0206985 -0.0464372 -0.172412
FixedParameters: 0 0 0

#Transform 138
Transform: AffineTransform_float_3_3
Parameters: 0.999994 -0.00125433 0.00309021 0.00120667 0.999882 0.0152698 -0.00310878 -0.0152662 0.999878 0.0232453 -0.083191 -0.215193
FixedParameters: 0 0 0

#Transform 139
Transform: AffineTransform_float_3_3
Parameters: 0.999995 -0.00106037 0.00318732 0.00101163 0.999885 0.0151393 -0.00320268 -0.0151357 0.999881 0.0285632 -0.0688221 -0.214683
FixedParameters: 0 0 0

#Transform 140
Transform: AffineTransform_float_3_3
Parameters: 0.999995 -0.000700492 0.00303586 0.000655506 0.999888 0.0149601 -0.00304615 -0.0149579 0.999884 0.0113708 -0.0672292 -0.186545
FixedParameters: 0 0 0

#Transform 141
Transform: AffineTransform_float_3_3
Parameters: 0.999993 -0.00145157 0.00339044 0.00140443 0.999905 0.0136969 -0.00341056 -0.0136922 0.999901 0.0133031 -0.0421293 -0.127609
FixedParameters: 0 0 0

#Transform 142
Transform: AffineTransform_float_3_3
Parameters: 0.999994 -0.000780723 0.00339875 0.000730274 0.999888 0.0148996 -0.00341026 -0.0148974 0.999883 0.00394387 -0.0474513 -0.164267
FixedParameters: 0 0 0

#Transform 143
Transform: AffineTransform_float_3_3
Parameters: 0.999993 -0.00115273 0.00339254 0.00110027 0.999879 0.0155028 -0.00341046 -0.0154992 0.999874 -0.00898492 -0.024648 -0.158181
FixedParameters: 0 0 0

#Transform 144
Transform: AffineTransform_float_3_3
Parameters: 0.999991 -0.00151027 0.00396356 0.00144972 0.999884 0.0151649 -0.00398644 -0.0151591 0.999877 -0.0208461 -0.0173928 -0.16195
FixedParameters: 0 0 0

#Transform 145
Transform: AffineTransform_float_3_3
Parameters: 0.999993 -0.00144471 0.00324719 0.00139629 0.999891 0.0146486 -0.0032678 -0.0146444 0.999888 -0.00679451 -0.0280885 -0.176438
FixedParameters: 0 0 0

#Transform 146
Transform: AffineTransform_float_3_3
Parameters: 0.999993 -0.00140825 0.0032475 0.00135976 0.99989 0.0148125 -0.0032675 -0.0148085 0.999885 -0.00248218 -0.0125157 -0.179612
FixedParameters: 0 0 0

#Transform 147
Transform: AffineTransform_float_3_3
Parameters: 0.999995 -0.00169978 0.00261292 0.00165923 0.999878 0.0155314 -0.00263808 -0.0155266 0.999876 0.00215323 -0.0268077 -0.213315
FixedParameters: 0 0 0

#Transform 148
Transform: AffineTransform_float_3_3
Parameters: 0.999995 -0.00156153 0.00266497 0.00151847 0.999866 0.0162581 -0.00269004 -0.0162539 0.999865 0.000916946 -0.0195755 -0.214692
FixedParameters: 0 0 0

#Transform 149
Transform: AffineTransform_float_3_3
Parameters: 0.999995 -0.00178975 0.00252524 0.00174626 0.999857 0.0168285 -0.00255475 -0.0168245 0.999855 0.0111514 -0.044695 -0.258795
FixedParameters: 0 0 0

#Transform 150
Transform: AffineTransform_float_3_3
Parameters: 0.999995 -0.0018392 0.00259694 0.00179582 0.999861 0.0165397 -0.00262606 -0.0165342 0.99986 0.0258167 -0.0790884 -0.30098
FixedParameters: 0 0 0

#Transform 151
Transform: AffineTransform_float_3_3
Parameters: 0.999994 -0.0013 0.00302441 0.00125101 0.999869 0.0161459 -0.00304459 -0.0161421 0.999865 0.0117219 -0.0782274 -0.328263
FixedParameters: 0 0 0

#Transform 152
Transform: AffineTransform_float_3_3
Parameters: 0.999995 -0.00134055 0.00266908 0.00129645 0.999861 0.0166245 -0.00269092 -0.0166215 0.999858 0.0160718 -0.0705258 -0.297803
FixedParameters: 0 0 0

#Transform 153
Transform: AffineTransform_float_3_3
Parameters: 0.999996 -0.00146313 0.00266726 0.00141886 0.999864 0.0164739 -0.00269174 -0.0164701 0.99986 0.0258603 -0.080357 -0.32459
FixedParameters: 0 0 0

#Transform 154
Transform: AffineTransform_float_3_3
Parameters: 0.999995 -0.00167832 0.00289541 0.00162767 0.999849 0.0172948 -0.00292459 -0.0172902 0.999846 0.0157802 -0.070252 -0.328086
FixedParameters: 0 0 0

#Transform 155
Transform: AffineTransform_float_3_3
Parameters: 0.999995 -0.00122142 0.0026894 0.00117458 0.999852 0.0171922 -0.00271059 -0.0171898 0.999848 0.0348088 -0.0777604 -0.326056
FixedParameters: 0 0 0

#Transform 156
Transform: AffineTransform_float_3_3
Parameters: 0.999995 -0.00152733 0.00274823 0.00147967 0.999852 0.0171422 -0.00277377 -0.0171379 0.99985 0.0258728 -0.112213 -0.321792
FixedParameters: 0 0 0

#Transform 157
Transform: AffineTransform_float_3_3
Parameters: 0.999994 -0.00143293 0.00319595 0.00137107 0.999813 0.0192955 -0.00322305 -0.0192905 0.999808 0.00317249 -0.107499 -0.321274
FixedParameters: 0 0 0

#Transform 158
Transform: AffineTransform_float_3_3
Parameters: 0.999995 -0.00161534 0.00268722 0.00156267 0.999811 0.0193663 -0.00271777 -0.0193617 0.999809 0.00723869 -0.0850222 -0.331059
FixedParameters: 0 0 0

#Transform 159
Transform: AffineTransform_float_3_3
Parameters: 0.999994 -0.00141413 0.00313427 0.00135085 0.999798 0.0200544 -0.00316272 -0.0200496 0.999794 0.00756626 -0.0903891 -0.347614
FixedParameters: 0 0 0

#Transform 160
Transform: AffineTransform_float_3_3
Parameters: 0.999995 -0.00155676 0.00270769 0.00150123 0.999789 0.0204762 -0.00273931 -0.0204718 0.999786 0.00588312 -0.0994961 -0.33668
FixedParameters: 0 0 0

#Transform 161
Transform: AffineTransform_float_3_3
Parameters: 0.999994 -0.00146704 0.00315626 0.00139897 0.999769 0.0214515 -0.00318674 -0.0214465 0.999765 -0.00285235 -0.0891512 -0.385632
FixedParameters: 0 0 0

#Transform 162
Transform: AffineTransform_float_3_3
Parameters: 0.999995 -0.00139602 0.00283873 0.00133698 0.999785 0.0206869 -0.00286727 -0.0206831 0.999782 0.00138678 -0.068513 -0.375291
FixedParameters: 0 0 0

#Transform 163
Transform: AffineTransform_float_3_3
Parameters: 0.999994 -0.0013974 0.00323953 0.00132758 0.999765 0.0216344 -0.00326948 -0.0216296 0.99976 -0.00519508 -0.0627394 -0.348471
FixedParameters: 0 0 0

#Transform 164
Transform: AffineTransform_float_3_3
Parameters: 0.999993 -0.00157616 0.00323575 0.00150683 0.999766 0.021573 -0.00326926 -0.021568 0.999762 -0.00283516 -0.0829777 -0.352629
FixedParameters: 0 0 0

#Transform 165
Transform: AffineTransform_float_3_3
Parameters: 0.999993 -0.0017867 0.00323409 0.0017223 0.9998 0.0198987 -0.00326891 -0.0198933 0.999797 -0.00743032 -0.0515065 -0.410069
FixedParameters: 0 0 0

#Transform 166
Transform: AffineTransform_float_3_3
Parameters: 0.999993 -0.00184429 0.00332105 0.00177771 0.999802 0.0198531 -0.00335695 -0.019847 0.999798 0.00331032 -0.0747355 -0.415842
FixedParameters: 0 0 0

#Transform 167
Transform: AffineTransform_float_3_3
Parameters: 0.999993 -0.0019548 0.00319079 0.0018902 0.9998 0.0198752 -0.0032292 -0.0198698 0.999798 0.0144352 -0.0866005 -0.424285
FixedParameters: 0 0 0

#Transform 168
Transform: AffineTransform_float_3_3
Parameters: 0.999992 -0.00214497 0.00318687 0.00208003 0.999799 0.0199418 -0.00322911 -0.0199352 0.999796 0.00449466 -0.0758872 -0.407025
FixedParameters: 0 0 0

#Transform 169
Transform: AffineTransform_float_3_3
Parameters: 0.999991 -0.00232246 0.00356432 0.00225354 0.999815 0.0190932 -0.00360768 -0.0190848 0.999812 -0.0164334 -0.0798813 -0.454526
FixedParameters: 0 0 0

#Transform 170
Transform: AffineTransform_float_3_3
Parameters: 0.99999 -0.00220713 0.00386515 0.00213387 0.99982 0.0188244 -0.00390585 -0.0188156 0.999816 -0.00207254 -0.0968364 -0.496226
FixedParameters: 0 0 0

#Transform 171
Transform: AffineTransform_float_3_3
Parameters: 0.999991 -0.00203604 0.00374322 0.00196497 0.999819 0.0188845 -0.00378077 -0.0188765 0.999814 0.00180004 -0.0883644 -0.464561
FixedParameters: 0 0 0

#Transform 172
Transform: AffineTransform_float_3_3
Parameters: 0.999991 -0.00215499 0.00361765 0.00208401 0.999808 0.0195127 -0.00365935 -0.0195053 0.999803 0.00842418 -0.0890989 -0.414915
FixedParameters: 0 0 0

#Transform 173
Transform: AffineTransform_float_3_3
Parameters: 0.999991 -0.00238801 0.00369381 0.00231498 0.999805 0.0196468 -0.00374019 -0.0196373 0.9998 -9.214e-05 -0.0740102 -0.355227
FixedParameters: 0 0 0

#Transform 174
Transform: AffineTransform_float_3_3
Parameters: 0.999992 -0.00216629 0.00313585 0.0021067 0.999821 0.0187897 -0.00317614 -0.0187833 0.999818 0.0136376 -0.0566651 -0.316649
FixedParameters: 0 0 0

#Transform 175
Transform: AffineTransform_float_3_3
Parameters: 0.999993 -0.00195991 0.00313939 0.0019001 0.999818 0.0189731 -0.00317562 -0.0189669 0.999815 0.0223526 -0.0868865 -0.366874
FixedParameters: 0 0 0

#Transform 176
Transform: AffineTransform_float_3_3
Parameters: 0.999992 -0.00176119 0.00341213 0.00169579 0.999818 0.0190149 -0.00344586 -0.0190091 0.999814 0.0107431 -0.0865115 -0.399055
FixedParameters: 0 0 0

#Transform 177
Transform: AffineTransform_float_3_3
Parameters: 0.999992 -0.00202037 0.0036545 0.00195065 0.999819 0.0188853 -0.00369149 -0.0188787 0.999815 0.00380599 -0.0603416 -0.3877
FixedParameters: 0 0 0

#Transform 178
Transform: AffineTransform_float_3_3
Parameters: 0.999992 -0.00206809 0.00359367 0.00199993 0.999821 0.0188474 -0.00363133 -0.0188397 0.999816 0.00916414 -0.0665521 -0.38109
FixedParameters: 0 0 0

#Transform 179
Transform: AffineTransform_float_3_3
Parameters: 0.999991 -0.00211533 0.00372181 0.00204267 0.999811 0.0193308 -0.00376218 -0.0193232 0.999806 0.00525981 -0.0669024 -0.40612
FixedParameters: 0 0 0
