#Insight Transform File V1.0
#Transform 0
Transform: AffineTransform_float_3_3
Parameters: 0.999978 0.00249025 -0.00605645 -0.00255675 0.999937 -0.0108717 0.00602953 0.0108872 0.999922 0.105677 0.568226 -0.85669
FixedParameters: 0 0 0

#Transform 1
Transform: AffineTransform_float_3_3
Parameters: 0.999994 0.00254084 -0.00208065 -0.00255616 0.99997 -0.00731672 0.00206234 0.00732228 0.999971 -0.0346734 0.497823 -0.53419
FixedParameters: 0 0 0

#Transform 2
Transform: AffineTransform_float_3_3
Parameters: 0.999995 0.00200962 -0.00249041 -0.00202038 0.99999 -0.00417299 0.00248259 0.00417801 0.999988 0.00707739 0.368439 -0.260649
FixedParameters: 0 0 0

#Transform 3
Transform: AffineTransform_float_3_3
Parameters: 0.999996 0.00159182 -0.00231695 -0.00159918 0.999994 -0.00310231 0.00231205 0.00310569 0.999993 0.0504514 0.305203 -0.27976
FixedParameters: 0 0 0

#Transform 4
Transform: AffineTransform_float_3_3
Parameters: 0.999994 0.00160075 -0.0030871 -0.00159925 0.999998 0.00056794 0.00308791 -0.00056306 0.999995 0.0794142 0.0991848 -0.185133
FixedParameters: 0 0 0

#Transform 5
Transform: AffineTransform_float_3_3
Parameters: 0.99999 0.00163196 -0.0040544 -0.00162304 0.999996 0.0022126 0.00405759 -0.0022054 0.99999 0.116599 0.0756946 -0.201888
FixedParameters: 0 0 0

#Transform 6
Transform: AffineTransform_float_3_3
Parameters: 0.999988 0.00113246 -0.00463607 -0.00114954 0.999993 -0.00356571 0.00463292 0.00357129 0.999983 0.202858 0.378268 -0.473679
FixedParameters: 0 0 0

#Transform 7
Transform: AffineTransform_float_3_3
Parameters: 0.999989 0.00424194 -0.00167341 -0.00430005 0.999329 -0.0363712 0.00151759 0.0363778 0.999337 -0.184493 1.5489 -1.55608
FixedParameters: 0 0 0

#Transform 8
Transform: AffineTransform_float_3_3
Parameters: 0.999979 0.00411674 -0.0048571 -0.00424125 0.999656 -0.0258549 0.00474889 0.0258751 0.999654 0.0387551 0.941436 -0.979758
FixedParameters: 0 0 0

#Transform 9
Transform: AffineTransform_float_3_3
Parameters: 0.999998 0.00174424 -0.000910937 -0.00175476 0.99994 -0.0108254 0.000892056 0.0108266 0.999941 -0.213577 0.527216 -1.17949
FixedParameters: 0 0 0

#Transform 10
Transform: AffineTransform_float_3_3
Parameters: 0.999999 0.000357677 -0.000835568 -0.000359323 0.999998 -0.0015837 0.000835432 0.0015843 0.999999 -0.100608 0.107661 -0.205112
FixedParameters: 0 0 0

#Transform 11
Transform: AffineTransform_float_3_3
Parameters: 0.999999 0.000784715 -0.000462896 -0.000787286 0.999988 -0.00495764 0.000459102 0.00495836 0.999987 -0.1308 0.221308 -0.430809
FixedParameters: 0 0 0

#Transform 12
Transform: AffineTransform_float_3_3
Parameters: 0.999998 0.00146941 -0.00177168 -0.0014816 0.999978 -0.00656139 0.00176232 0.00656361 0.999977 -0.0647497 0.38468 -0.364393
FixedParameters: 0 0 0

#Transform 13
Transform: AffineTransform_float_3_3
Parameters: 0.999997 0.00119983 -0.00243409 -0.00122717 0.999932 -0.0116061 0.00241992 0.0116089 0.999929 -0.0150014 0.528007 -0.474535
FixedParameters: 0 0 0

#Transform 14
Transform: AffineTransform_float_3_3
Parameters: 1 0.000349613 0.0005545 -0.000344392 0.999949 -0.0100912 -0.000557503 0.0100908 0.999949 -0.160674 0.432875 -0.508645
FixedParameters: 0 0 0

#Transform 15
Transform: AffineTransform_float_3_3
Parameters: 0.999998 0.000345663 -0.00162865 -0.000344338 1 0.00102056 0.00162935 -0.00102044 0.999998 0.0314538 0.046862 -0.00258305
FixedParameters: 0 0 0

#Transform 16
Transform: AffineTransform_float_3_3
Parameters: 1 -0.000353636 9.87493e-05 0.000352362 0.999979 0.00637003 -0.000101247 -0.00636996 0.999979 0.00232319 -0.168957 -0.0373049
FixedParameters: 0 0 0

#Transform 17
Transform: AffineTransform_float_3_3
Parameters: 1 0.00023678 0.000101515 -0.000237219 0.999997 0.00217297 -0.000100485 -0.00217302 0.999997 -0.0138999 -0.0618138 -0.0978382
FixedParameters: 0 0 0

#Transform 18
Transform: AffineTransform_float_3_3
Parameters: 1 -0.000134126 0.000100833 0.000133874 0.999999 0.00124801 -0.000101167 -0.00124799 0.999999 -0.0163783 -0.0122499 -0.0375627
FixedParameters: 0 0 0

#Transform 19
Transform: AffineTransform_float_3_3
Parameters: 1 -0.000163025 -0.000362989 0.000162975 1 -6.90592e-05 0.000363011 6.89408e-05 1 0.0297026 0.00279181 0.0151202
FixedParameters: 0 0 0

#Transform 20
Transform: AffineTransform_float_3_3
Parameters: 1 6.99806e-06 -5.10003e-05 -7.00194e-06 1 -3.79996e-05 5.09997e-05 3.80004e-05 1 -0.00450386 0.000862365 0.00227297
FixedParameters: 0 0 0

#Transform 21
Transform: AffineTransform_float_3_3
Parameters: 0.999999 -0.000233526 0.000865858 0.000232473 1 0.000608202 -0.000866142 -0.000607798 1 -0.0238697 -0.00455625 0.0394959
FixedParameters: 0 0 0

#Transform 22
Transform: AffineTransform_float_3_3
Parameters: 0.999999 -0.00023203 -0.000753299 0.00023297 0.999999 0.00128882 0.0007527 -0.00128818 0.999999 0.0905793 -0.0366784 -0.0173018
FixedParameters: 0 0 0

#Transform 23
Transform: AffineTransform_float_3_3
Parameters: 0.999998 0.000243134 -0.00198262 -0.000239868 0.999998 0.00158048 0.00198238 -0.00158052 0.999997 0.154029 -0.0716165 0.0198531
FixedParameters: 0 0 0

#Transform 24
Transform: AffineTransform_float_3_3
Parameters: 0.999996 0.000327368 -0.00298742 -0.000321632 0.999999 0.00179697 0.00298858 -0.00179603 0.999994 0.192705 -0.0604966 0.0461038
FixedParameters: 0 0 0

#Transform 25
Transform: AffineTransform_float_3_3
Parameters: 0.999997 -0.000144358 -0.00219924 0.000148643 0.999998 0.00165568 0.00219976 -0.00165632 0.999996 0.160211 -0.0770257 0.0611122
FixedParameters: 0 0 0

#Transform 26
Transform: AffineTransform_float_3_3
Parameters: 0.999998 -0.000553814 -0.00200833 0.000554186 0.999999 0.000589888 0.00200867 -0.000591113 0.999998 0.131664 -0.00967682 0.0837434
FixedParameters: 0 0 0

#Transform 27
Transform: AffineTransform_float_3_3
Parameters: 0.999999 -0.000795832 -0.000955139 0.000796167 0.999999 0.00017424 0.00095486 -0.00017576 0.999999 0.105111 0.00754694 0.0822099
FixedParameters: 0 0 0

#Transform 28
Transform: AffineTransform_float_3_3
Parameters: 1 -0.0011 5.0605e-06 0.0011 1 -5.49945e-05 -4.9395e-06 5.50055e-05 1 0.0677342 -0.00968867 0.053829
FixedParameters: 0 0 0

#Transform 29
Transform: AffineTransform_float_3_3
Parameters: 1 -0.00100018 -0.000430592 0.000999825 1 -0.000408431 0.000431409 0.000408569 1 0.0832665 0.0190391 0.0788855
FixedParameters: 0 0 0

#Transform 30
Transform: AffineTransform_float_3_3
Parameters: 0.999999 -0.000275052 -0.00180784 0.000273949 1 -0.000581496 0.00180816 0.000581504 0.999998 0.173346 0.0146213 0.0538812
FixedParameters: 0 0 0

#Transform 31
Transform: AffineTransform_float_3_3
Parameters: 0.999999 -0.000561521 -0.000569486 0.000561478 1 -0.000915321 0.000570514 0.000914681 1 0.12292 0.0287605 0.0653853
FixedParameters: 0 0 0

#Transform 32
Transform: AffineTransform_float_3_3
Parameters: 0.999999 -0.00056137 -0.00050659 0.00056163 1 -0.000729285 0.000507409 0.000728715 0.999999 0.120441 0.0486441 0.0371833
FixedParameters: 0 0 0

#Transform 33
Transform: AffineTransform_float_3_3
Parameters: 0.999999 -0.000561642 -0.000569367 0.000561357 0.999999 -0.00112732 0.000570633 0.00112668 0.999999 0.107398 0.042804 0.0401264
FixedParameters: 0 0 0

#Transform 34
Transform: AffineTransform_float_3_3
Parameters: 0.999999 -0.000561363 -0.000569641 0.000561636 0.999999 -0.00063832 0.000570358 0.00063768 0.999999 0.120342 0.0108305 0.0194599
FixedParameters: 0 0 0

#Transform 35
Transform: AffineTransform_float_3_3
Parameters: 1 -0.000833208 -0.000569697 0.000832792 0.999999 -0.000364474 0.000570304 0.000364525 1 0.126238 -0.0141238 -0.00207806
FixedParameters: 0 0 0

#Transform 36
Transform: AffineTransform_float_3_3
Parameters: 1 -0.00108512 -0.000330605 0.00108488 1 -0.000364359 0.000331396 0.000364641 1 0.110245 -0.000624445 0.0102902
FixedParameters: 0 0 0

#Transform 37
Transform: AffineTransform_float_3_3
Parameters: 0.999999 -0.0005593 -0.000569704 0.000558699 0.999999 -0.000528318 0.000570295 0.000527681 0.999999 0.123007 -0.000948745 0.0226095
FixedParameters: 0 0 0

#Transform 38
Transform: AffineTransform_float_3_3
Parameters: 1 -0.000559257 -0.000972853 0.000558743 1 -0.000264544 0.000972148 0.000263457 1 0.138758 -0.0185542 0.0268043
FixedParameters: 0 0 0

#Transform 39
Transform: AffineTransform_float_3_3
Parameters: 1 -0.000558598 -0.000973232 0.000558403 1 0.000413457 0.00097277 -0.000413544 1 0.138772 -0.0377111 0.0231808
FixedParameters: 0 0 0

#Transform 40
Transform: AffineTransform_float_3_3
Parameters: 1 -0.000558564 -0.000759321 0.000558436 0.999999 0.000573576 0.00075868 -0.000574424 0.999999 0.108415 -0.0215864 0.0318117
FixedParameters: 0 0 0

#Transform 41
Transform: AffineTransform_float_3_3
Parameters: 0.999999 -0.000903985 -0.000865063 0.000905016 0.999999 0.00117422 0.000863938 -0.00117478 0.999999 0.118983 -0.0509524 0.0195935
FixedParameters: 0 0 0

#Transform 42
Transform: AffineTransform_float_3_3
Parameters: 1 -0.00103604 -0.000118666 0.00103596 1 -0.000322123 0.000119335 0.000322877 1 0.0937748 -0.00214806 0.014054
FixedParameters: 0 0 0

#Transform 43
Transform: AffineTransform_float_3_3
Parameters: 0.999999 -0.00103627 -0.000793652 0.00103573 1 -0.000335822 0.000794347 0.000335177 0.999999 0.144151 -0.0026089 0.0267203
FixedParameters: 0 0 0

#Transform 44
Transform: AffineTransform_float_3_3
Parameters: 0.999999 -0.00103603 -0.00112097 0.00103597 1 -2.81613e-05 0.00112103 2.68386e-05 1 0.1568 0.00219322 0.0234272
FixedParameters: 0 0 0

#Transform 45
Transform: AffineTransform_float_3_3
Parameters: 1 -0.00103599 -0.000573029 0.00103602 1 2.74064e-05 0.000572972 -2.75936e-05 1 0.13545 5.89628e-05 0.0433044
FixedParameters: 0 0 0

#Transform 46
Transform: AffineTransform_float_3_3
Parameters: 0.999999 -0.00103583 -0.000735244 0.00103517 1 0.000235239 0.000734756 -0.000235761 0.999999 0.122136 -0.0103083 0.0742284
FixedParameters: 0 0 0

#Transform 47
Transform: AffineTransform_float_3_3
Parameters: 1 -0.00103593 -0.00033521 0.00103607 1 0.000202653 0.00033479 -0.000203347 1 0.105799 -0.00943181 0.049823
FixedParameters: 0 0 0

#Transform 48
Transform: AffineTransform_float_3_3
Parameters: 1 -0.00103605 -0.000356851 0.00103595 1 -0.00014437 0.00035715 0.00014463 1 0.12338 0.0026177 0.0492977
FixedParameters: 0 0 0

#Transform 49
Transform: AffineTransform_float_3_3
Parameters: 0.999999 -0.00103615 -0.00142989 0.00103585 1 -0.000108481 0.00143011 0.000106518 0.999999 0.246689 0.0233487 0.14264
FixedParameters: 0 0 0

#Transform 50
Transform: AffineTransform_float_3_3
Parameters: 1 -0.000535159 6.26542e-05 0.00053484 0.999996 0.00251503 -6.43453e-05 -0.00251496 0.999997 0.135571 -0.0874392 0.108505
FixedParameters: 0 0 0

#Transform 51
Transform: AffineTransform_float_3_3
Parameters: 0.999999 -0.00151875 -0.000947463 0.00152325 0.999984 0.00556157 0.000938542 -0.00556344 0.999984 0.204456 -0.15885 0.264126
FixedParameters: 0 0 0

#Transform 52
Transform: AffineTransform_float_3_3
Parameters: 0.999996 -0.00216563 -0.00174942 0.00217837 0.999973 0.00709922 0.00173358 -0.00710279 0.999974 0.205375 -0.306484 0.150831
FixedParameters: 0 0 0

#Transform 53
Transform: AffineTransform_float_3_3
Parameters: 0.999996 -0.00108172 -0.00255603 0.00111228 0.999929 0.0118762 0.00254297 -0.0118788 0.999926 0.26882 -0.346072 0.233938
FixedParameters: 0 0 0

#Transform 54
Transform: AffineTransform_float_3_3
Parameters: 0.999995 -0.00111044 -0.0029016 0.00111156 0.999999 0.000536777 0.0029004 -0.000540223 0.999995 0.258988 -0.0494265 -0.0364658
FixedParameters: 0 0 0

#Transform 55
Transform: AffineTransform_float_3_3
Parameters: 0.999995 -0.000806097 -0.00302531 0.000810905 0.999999 0.00162056 0.00302369 -0.00162245 0.999994 0.282696 -0.0285131 0.0156456
FixedParameters: 0 0 0

#Transform 56
Transform: AffineTransform_float_3_3
Parameters: 0.999998 -0.00136134 -0.000890263 0.00136765 0.999971 0.00751979 0.000879741 -0.00752021 0.999972 0.202652 -0.295775 0.0986146
FixedParameters: 0 0 0

#Transform 57
Transform: AffineTransform_float_3_3
Parameters: 0.999998 -0.00144492 -0.00150692 0.00144808 0.999996 0.00270883 0.00150208 -0.00271118 0.999995 0.226128 -0.0958067 0.0673916
FixedParameters: 0 0 0

#Transform 58
Transform: AffineTransform_float_3_3
Parameters: 0.999998 -0.00181081 -0.000959362 0.00181119 0.999999 0.000199263 0.000959637 -0.000200738 0.999999 0.191628 -0.0355557 0.0189844
FixedParameters: 0 0 0

#Transform 59
Transform: AffineTransform_float_3_3
Parameters: 0.999999 -0.00129082 -0.00119328 0.00129218 0.999998 0.000987459 0.00119172 -0.000988539 0.999999 0.215139 -0.0682449 0.0321787
FixedParameters: 0 0 0

#Transform 60
Transform: AffineTransform_float_3_3
Parameters: 0.999998 -0.00181003 -0.000960818 0.00181096 0.999998 0.00100326 0.000959181 -0.00100574 0.999999 0.20251 -0.0669031 0.0519628
FixedParameters: 0 0 0

#Transform 61
Transform: AffineTransform_float_3_3
Parameters: 0.999999 -0.00160443 -0.000525742 0.00160457 0.999998 0.00108516 0.000524259 -0.00108584 1 0.186987 -0.0544006 0.0691139
FixedParameters: 0 0 0

#Transform 62
Transform: AffineTransform_float_3_3
Parameters: 0.999998 -0.00163398 -2.52238e-05 0.00163402 0.999999 0.00074896 2.37761e-05 -0.00074904 0.999999 0.164674 -0.0424961 0.0593328
FixedParameters: 0 0 0

#Transform 63
Transform: AffineTransform_float_3_3
Parameters: 0.999999 -0.00175906 0.000109124 0.00175895 0.999999 0.000498193 -0.000110876 -0.000497806 1 0.161099 -0.0313651 0.0386402
FixedParameters: 0 0 0

#Transform 64
Transform: AffineTransform_float_3_3
Parameters: 0.999999 -0.00152905 5.97797e-05 0.00152895 0.999998 0.000798092 -6.122e-05 -0.000797907 0.999999 0.164626 -0.0575574 0.0685358
FixedParameters: 0 0 0

#Transform 65
Transform: AffineTransform_float_3_3
Parameters: 0.999998 -0.00158797 -3.53037e-05 0.00158803 0.999999 0.000820945 3.36962e-05 -0.000821055 0.999999 0.167926 -0.0583009 0.0981198
FixedParameters: 0 0 0

#Transform 66
Transform: AffineTransform_float_3_3
Parameters: 0.999998 -0.00161597 -2.2146e-05 0.00161603 0.999998 0.00132797 1.98539e-05 -0.00132803 0.999999 0.167182 -0.0748228 0.0947495
FixedParameters: 0 0 0

#Transform 67
Transform: AffineTransform_float_3_3
Parameters: 0.999999 -0.00151215 0.000108992 0.00151185 0.999998 0.00132817 -0.000111009 -0.00132883 0.999999 0.162841 -0.0783457 0.103214
FixedParameters: 0 0 0

#Transform 68
Transform: AffineTransform_float_3_3
Parameters: 0.999998 -0.00195138 0.000299545 0.00195062 0.999998 0.00125859 -0.000301456 -0.00125841 0.999999 0.155194 -0.0603229 0.0790619
FixedParameters: 0 0 0

#Transform 69
Transform: AffineTransform_float_3_3
Parameters: 0.999999 -0.00181105 3.75949e-05 0.00181095 0.999998 0.00132807 -4.04067e-05 -0.00132893 0.999999 0.151825 -0.074102 0.0945478
FixedParameters: 0 0 0

#Transform 70
Transform: AffineTransform_float_3_3
Parameters: 0.999999 -0.00121266 -0.00100761 0.00121334 0.999999 0.00132678 0.00100639 -0.00132822 0.999998 0.200983 -0.0840972 0.110397
FixedParameters: 0 0 0

#Transform 71
Transform: AffineTransform_float_3_3
Parameters: 0.999998 -0.00120601 -0.00144367 0.001208 0.999999 0.00138226 0.00144233 -0.00138374 0.999998 0.225424 -0.0661896 0.152692
FixedParameters: 0 0 0

#Transform 72
Transform: AffineTransform_float_3_3
Parameters: 0.999998 -0.00161268 -0.000996141 0.00161432 0.999998 0.00132639 0.000993857 -0.0013286 0.999998 0.214634 -0.0648034 0.133231
FixedParameters: 0 0 0

#Transform 73
Transform: AffineTransform_float_3_3
Parameters: 0.999998 -0.00148808 -0.00144398 0.00148991 0.999998 0.00132585 0.00144202 -0.00132815 0.999998 0.237083 -0.0746382 0.107527
FixedParameters: 0 0 0

#Transform 74
Transform: AffineTransform_float_3_3
Parameters: 0.999998 -0.00161367 -0.00029681 0.00161433 0.999998 0.00112152 0.000295189 -0.00112248 1 0.205858 -0.0770378 0.0878464
FixedParameters: 0 0 0

#Transform 75
Transform: AffineTransform_float_3_3
Parameters: 0.999996 -0.00234294 0.00109285 0.00234106 0.999995 0.00177156 -0.00109714 -0.00176843 0.999998 0.13048 -0.0841821 0.010949
FixedParameters: 0 0 0

#Transform 76
Transform: AffineTransform_float_3_3
Parameters: 0.999997 -0.0019179 0.00109016 0.0019141 0.999992 0.00357009 -0.00109684 -0.0035679 0.999993 0.0580708 0.0652815 -0.208068
FixedParameters: 0 0 0

#Transform 77
Transform: AffineTransform_float_3_3
Parameters: 0.999999 -0.00114384 0.000518966 0.00114216 0.999993 0.00352959 -0.000523035 -0.0035294 0.999993 0.0727414 0.0236553 -0.359064
FixedParameters: 0 0 0

#Transform 78
Transform: AffineTransform_float_3_3
Parameters: 0.999998 -0.00155789 0.000582618 0.00155711 0.999997 0.00152991 -0.000584382 -0.00152909 0.999998 0.139262 0.0184874 -0.092821
FixedParameters: 0 0 0

#Transform 79
Transform: AffineTransform_float_3_3
Parameters: 0.999996 -0.00213928 0.00176088 0.00213972 0.999997 -0.000407234 -0.00176012 0.000411767 0.999999 0.0587486 0.0768204 -0.0911789
FixedParameters: 0 0 0

#Transform 80
Transform: AffineTransform_float_3_3
Parameters: 0.999972 -0.00194659 0.00713853 0.00197341 0.99999 -0.00383502 -0.00713047 0.00384898 0.999967 -0.346529 0.482558 -0.3963
FixedParameters: 0 0 0

#Transform 81
Transform: AffineTransform_float_3_3
Parameters: 0.999986 -0.000430397 0.00538461 0.000437602 0.999999 -0.00141066 -0.00538439 0.00141334 0.999984 -0.306159 0.130469 -0.519491
FixedParameters: 0 0 0

#Transform 82
Transform: AffineTransform_float_3_3
Parameters: 0.999989 -0.00129627 0.00452149 0.00129872 0.999999 -0.000378132 -0.0045215 0.000384865 0.999989 -0.198976 0.12781 -0.366989
FixedParameters: 0 0 0

#Transform 83
Transform: AffineTransform_float_3_3
Parameters: 0.999982 -0.00183275 0.00559938 0.00184024 0.999997 -0.00128872 -0.00559662 0.00129928 0.999984 -0.220546 0.193708 -0.282601
FixedParameters: 0 0 0

#Transform 84
Transform: AffineTransform_float_3_3
Parameters: 0.999983 -0.00196283 0.00545522 0.00196917 0.999998 -0.00112628 -0.00545277 0.00113672 0.999984 -0.209659 0.159794 -0.318329
FixedParameters: 0 0 0

#Transform 85
Transform: AffineTransform_float_3_3
Parameters: 0.999989 -0.00155685 0.0044521 0.00156015 0.999998 -0.000704061 -0.0044509 0.000710937 0.99999 -0.140071 0.141762 -0.334354
FixedParameters: 0 0 0

#Transform 86
Transform: AffineTransform_float_3_3
Parameters: 0.999986 -0.00197256 0.00487939 0.00197645 0.999998 -0.000701366 -0.00487861 0.000710633 0.999988 -0.162663 0.143267 -0.258843
FixedParameters: 0 0 0

#Transform 87
Transform: AffineTransform_float_3_3
Parameters: 0.999987 -0.00187538 0.00469185 0.00187962 0.999998 -0.000981194 -0.00469015 0.000989809 0.999989 -0.137338 0.15377 -0.256279
FixedParameters: 0 0 0

#Transform 88
Transform: AffineTransform_float_3_3
Parameters: 0.999988 -0.00173887 0.00443323 0.00174213 0.999998 -0.000703285 -0.00443177 0.000710714 0.99999 -0.132209 0.129632 -0.282505
FixedParameters: 0 0 0

#Transform 89
Transform: AffineTransform_float_3_3
Parameters: 0.999987 -0.00192435 0.0047099 0.00192864 0.999997 -0.000981929 -0.0047081 0.000991073 0.999989 -0.13546 0.127731 -0.261383
FixedParameters: 0 0 0

#Transform 90
Transform: AffineTransform_float_3_3
Parameters: 0.99999 -0.00155475 0.00405525 0.00155825 0.999999 -0.000797689 -0.00405375 0.000804311 0.999992 -0.104549 0.118926 -0.274281
FixedParameters: 0 0 0

#Transform 91
Transform: AffineTransform_float_3_3
Parameters: 0.999997 -0.000906311 0.00237864 0.000908689 1 -0.000708841 -0.00237835 0.000711158 0.999997 -0.0316681 0.14018 -0.339748
FixedParameters: 0 0 0

#Transform 92
Transform: AffineTransform_float_3_3
Parameters: 0.99999 -0.0017675 0.00407426 0.0017755 0.999996 -0.00183778 -0.00407174 0.00184521 0.99999 -0.109069 0.171177 -0.360157
FixedParameters: 0 0 0

#Transform 93
Transform: AffineTransform_float_3_3
Parameters: 0.99881 0.0113062 0.0474546 -0.0113208 0.999936 4.28282e-05 -0.0474515 -0.000580187 0.998874 -3.01268 0.0580754 -1.86782
FixedParameters: 0 0 0

#Transform 94
Transform: AffineTransform_float_3_3
Parameters: 0.999858 -0.00464932 0.016228 0.00459968 0.999984 0.00307508 -0.016242 -0.00299991 0.999863 -0.731416 0.0190751 -0.651815
FixedParameters: 0 0 0

#Transform 95
Transform: AffineTransform_float_3_3
Parameters: 0.99986 -0.00395 0.0163003 0.003914 0.99999 0.00224011 -0.0163087 -0.00217589 0.999864 -0.779503 0.0408236 -0.644428
FixedParameters: 0 0 0

#Transform 96
Transform: AffineTransform_float_3_3
Parameters: 0.999854 -0.00394573 0.0166645 0.00390126 0.999988 0.00271641 -0.0166745 -0.0026506 0.999858 -0.770775 0.0413247 -0.651572
FixedParameters: 0 0 0

#Transform 97
Transform: AffineTransform_float_3_3
Parameters: 0.999838 -0.0038477 0.0175538 0.00378629 0.999986 0.00349003 -0.0175672 -0.00342296 0.99984 -0.669519 -0.0193872 -0.874139
FixedParameters: 0 0 0

#Transform 98
Transform: AffineTransform_float_3_3
Parameters: 0.997492 0.00415783 0.0706591 -0.00359315 0.99996 -0.00811925 -0.07069 0.00784476 0.997468 -3.36896 0.747882 -1.85222
FixedParameters: 0 0 0

#Transform 99
Transform: AffineTransform_float_3_3
Parameters: 0.99857 0.00879406 0.0527333 -0.00880792 0.999961 3.15743e-05 -0.0527306 -0.000496426 0.998608 -2.7274 0.431929 -1.9777
FixedParameters: 0 0 0

#Transform 100
Transform: AffineTransform_float_3_3
Parameters: 0.999053 0.00779784 0.0427894 -0.00784412 0.999969 0.000910215 -0.0427805 -0.00124577 0.999083 -2.29576 0.291244 -1.85952
FixedParameters: 0 0 0

#Transform 101
Transform: AffineTransform_float_3_3
Parameters: 0.999144 0.00440606 0.0411444 -0.00483695 0.999934 0.0103559 -0.0410967 -0.0105461 0.9991 -2.06334 -0.00900955 -1.80546
FixedParameters: 0 0 0

#Transform 102
Transform: AffineTransform_float_3_3
Parameters: 0.999177 0.00348568 0.0404088 -0.00380434 0.999962 0.00782871 -0.0403792 -0.00797531 0.999152 -2.0078 0.089395 -1.70111
FixedParameters: 0 0 0

#Transform 103
Transform: AffineTransform_float_3_3
Parameters: 0.999891 -0.00238168 0.0146179 0.00224233 0.999952 0.00956383 -0.0146401 -0.00953018 0.999848 -0.547219 -0.131225 -0.765711
FixedParameters: 0 0 0

#Transform 104
Transform: AffineTransform_float_3_3
Parameters: 0.999935 0.00146897 0.0113171 -0.00129803 0.999885 -0.0150997 -0.0113379 0.0150843 0.999822 -0.512118 0.749652 -2.03508
FixedParameters: 0 0 0

#Transform 105
Transform: AffineTransform_float_3_3
Parameters: 0.999969 0.00106083 0.0078056 -0.000898161 0.999782 -0.0208347 -0.00782641 0.0208273 0.999753 -0.454337 0.910718 -2.06413
FixedParameters: 0 0 0

#Transform 106
Transform: AffineTransform_float_3_3
Parameters: 0.99994 -0.000155233 0.0109528 0.000328763 0.999874 -0.0158644 -0.0109492 0.0158677 0.999814 -0.528211 0.626094 -1.6104
FixedParameters: 0 0 0

#Transform 107
Transform: AffineTransform_float_3_3
Parameters: 0.999912 -0.00116099 0.0132005 0.00125401 0.999975 -0.00704007 -0.0131915 0.00705594 0.999888 -0.616694 0.284367 -1.64748
FixedParameters: 0 0 0

#Transform 108
Transform: AffineTransform_float_3_3
Parameters: 0.999872 -0.0014161 0.0159337 0.00154189 0.999967 -0.00789144 -0.0159223 0.00791556 0.999842 -0.748972 0.398536 -1.50686
FixedParameters: 0 0 0

#Transform 109
Transform: AffineTransform_float_3_3
Parameters: 0.99846 0.0223919 0.0507551 -0.0230581 0.999655 0.0125761 -0.0504559 -0.0137269 0.998632 -2.7183 -0.0334451 -2.2537
FixedParameters: 0 0 0

#Transform 110
Transform: AffineTransform_float_3_3
Parameters: 0.999141 0.00658632 0.0409106 -0.00716668 0.999876 0.0140389 -0.0408135 -0.0143201 0.999064 -2.00038 -0.242952 -1.4687
FixedParameters: 0 0 0

#Transform 111
Transform: AffineTransform_float_3_3
Parameters: 0.999555 0.00132557 0.0297831 -0.00159342 0.999959 0.00899054 -0.0297698 -0.00903448 0.999516 -1.45733 -0.0351125 -1.55565
FixedParameters: 0 0 0

#Transform 112
Transform: AffineTransform_float_3_3
Parameters: 0.99952 0.000902057 0.0309862 -0.00106696 0.999986 0.00530749 -0.0309808 -0.00533751 0.999505 -1.53318 0.0552838 -1.68021
FixedParameters: 0 0 0

#Transform 113
Transform: AffineTransform_float_3_3
Parameters: 0.999473 0.00210835 0.0324113 -0.00218966 0.999994 0.00245332 -0.0324057 -0.00252265 0.999471 -1.59446 0.153305 -1.65872
FixedParameters: 0 0 0

#Transform 114
Transform: AffineTransform_float_3_3
Parameters: 0.999509 0.00208858 0.0312868 -0.00208544 0.999998 -0.000146319 -0.0312863 8.16964e-05 0.999511 -1.5085 0.228999 -1.62797
FixedParameters: 0 0 0

#Transform 115
Transform: AffineTransform_float_3_3
Parameters: 0.99956 0.0019536 0.0296022 -0.00192641 0.999997 -0.000960449 -0.0296038 0.000903564 0.999562 -1.4403 0.260629 -1.53177
FixedParameters: 0 0 0

#Transform 116
Transform: AffineTransform_float_3_3
Parameters: 0.999605 0.002101 0.0280513 -0.00206401 0.999997 -0.00134743 -0.0280537 0.00128957 0.999605 -1.36851 0.241741 -1.51198
FixedParameters: 0 0 0

#Transform 117
Transform: AffineTransform_float_3_3
Parameters: 0.999581 0.00187553 0.0288797 -0.00187146 0.999998 -0.000184124 -0.0288803 0.000129888 0.999583 -1.39759 0.19911 -1.34397
FixedParameters: 0 0 0

#Transform 118
Transform: AffineTransform_float_3_3
Parameters: 0.999607 0.000735446 0.0280434 -0.000712547 1 -0.000846316 -0.0280436 0.000825701 0.999607 -1.3387 0.224145 -1.3542
FixedParameters: 0 0 0

#Transform 119
Transform: AffineTransform_float_3_3
Parameters: 0.99963 0.00109935 0.0271697 -0.00106667 0.999998 -0.00120443 -0.0271713 0.00117556 0.99963 -1.30168 0.242827 -1.33301
FixedParameters: 0 0 0

#Transform 120
Transform: AffineTransform_float_3_3
Parameters: 0.999634 0.00111065 0.0270512 -0.00106637 0.999998 -0.00162744 -0.0270528 0.00159854 0.999632 -1.2977 0.239707 -1.35859
FixedParameters: 0 0 0

#Transform 121
Transform: AffineTransform_float_3_3
Parameters: 0.999624 0.00112966 0.0274175 -0.00106634 0.999997 -0.0023001 -0.0274195 0.00226988 0.999622 -1.31167 0.273166 -1.34596
FixedParameters: 0 0 0

#Transform 122
Transform: AffineTransform_float_3_3
Parameters: 0.999658 0.000784849 0.0261111 -0.000755148 0.999999 -0.00115311 -0.0261119 0.00113289 0.999659 -1.25933 0.206229 -1.21906
FixedParameters: 0 0 0

#Transform 123
Transform: AffineTransform_float_3_3
Parameters: 0.999691 0.00110189 0.0248525 -0.00106711 0.999999 -0.00141696 -0.0248545 0.00139004 0.99969 -1.19973 0.215056 -1.12903
FixedParameters: 0 0 0

#Transform 124
Transform: AffineTransform_float_3_3
Parameters: 0.999792 0.00154141 0.0203488 -0.00152459 0.999999 -0.000822195 -0.0203492 0.000790798 0.999792 -0.972148 0.189678 -0.938461
FixedParameters: 0 0 0

#Transform 125
Transform: AffineTransform_float_3_3
Parameters: 0.999837 0.00189361 0.017922 -0.00185537 0.999996 -0.0021716 -0.017926 0.0021374 0.999837 -0.852591 0.223188 -0.888529
FixedParameters: 0 0 0

#Transform 126
Transform: AffineTransform_float_3_3
Parameters: 0.999842 0.00180543 0.0176427 -0.00175258 0.999994 -0.00298639 -0.0176483 0.0029556 0.99984 -0.844186 0.261136 -0.985123
FixedParameters: 0 0 0

#Transform 127
Transform: AffineTransform_float_3_3
Parameters: 0.999841 0.00168595 0.0177476 -0.00165004 0.999996 -0.00204061 -0.0177504 0.00201039 0.999841 -0.848882 0.236469 -0.858201
FixedParameters: 0 0 0

#Transform 128
Transform: AffineTransform_float_3_3
Parameters: 0.999838 0.00136369 0.0179174 -0.00139531 0.999997 0.00173528 -0.0179146 -0.00175971 0.999838 -0.822395 0.0899461 -0.762924
FixedParameters: 0 0 0

#Transform 129
Transform: AffineTransform_float_3_3
Parameters: 0.999841 0.00106432 0.0178252 -0.00106668 1 0.000141009 -0.0178259 -0.000159998 0.999841 -0.815446 0.134408 -0.806247
FixedParameters: 0 0 0

#Transform 130
Transform: AffineTransform_float_3_3
Parameters: 0.999825 0.00108753 0.0187098 -0.00106647 0.999999 -0.00110715 -0.0187112 0.00108684 0.999825 -0.870075 0.185145 -0.863892
FixedParameters: 0 0 0

#Transform 131
Transform: AffineTransform_float_3_3
Parameters: 0.999827 0.00108213 0.0185331 -0.00106688 0.999999 -0.000825915 -0.0185339 0.000806083 0.999828 -0.856087 0.172009 -0.808759
FixedParameters: 0 0 0

#Transform 132
Transform: AffineTransform_float_3_3
Parameters: 0.999831 0.00107709 0.0183444 -0.00106691 1 -0.000559666 -0.0183446 0.000540332 0.999831 -0.834456 0.163547 -0.739165
FixedParameters: 0 0 0

#Transform 133
Transform: AffineTransform_float_3_3
Parameters: 0.999816 0.000822517 0.0191694 -0.000807471 1 -0.00076562 -0.0191706 0.00074937 0.999816 -0.894697 0.155988 -0.763283
FixedParameters: 0 0 0

#Transform 134
Transform: AffineTransform_float_3_3
Parameters: 0.999801 0.000672301 0.0199268 -0.000665712 0.999999 -0.00037234 -0.0199273 0.000359674 0.999802 -0.916938 0.150209 -0.789408
FixedParameters: 0 0 0

#Transform 135
Transform: AffineTransform_float_3_3
Parameters: 0.999793 0.000227968 0.0203662 -0.000247037 1 0.000932163 -0.0203668 -0.000936838 0.999792 -0.961224 0.101023 -0.706743
FixedParameters: 0 0 0

#Transform 136
Transform: AffineTransform_float_3_3
Parameters: 0.999859 0.000917938 0.0167578 -0.000915055 0.999999 -0.00018336 -0.0167582 0.000167641 0.999859 -0.791937 0.201704 -0.787969
FixedParameters: 0 0 0

#Transform 137
Transform: AffineTransform_float_3_3
Parameters: 0.999899 0.000282233 0.0142223 -0.000246771 0.999997 -0.00247876 -0.0142226 0.00247524 0.999896 -0.65455 0.283156 -0.623763
FixedParameters: 0 0 0

#Transform 138
Transform: AffineTransform_float_3_3
Parameters: 0.99985 5.92614e-05 0.0172809 2.25307e-06 0.999993 -0.00354449 -0.0172811 0.00354451 0.999845 -0.823242 0.257246 -0.716851
FixedParameters: 0 0 0

#Transform 139
Transform: AffineTransform_float_3_3
Parameters: 0.999841 0.000295597 0.0178283 -0.000247406 0.999996 -0.00272785 -0.0178287 0.00272316 0.999838 -0.844592 0.236735 -0.684058
FixedParameters: 0 0 0

#Transform 140
Transform: AffineTransform_float_3_3
Parameters: 0.999826 0.000298761 0.0186743 -0.000247239 0.999996 -0.0027741 -0.0186748 0.0027689 0.999822 -0.863118 0.241081 -0.845082
FixedParameters: 0 0 0

#Transform 141
Transform: AffineTransform_float_3_3
Parameters: 0.999836 0.000287626 0.0181384 -0.000247377 0.999997 -0.00224185 -0.0181386 0.00223715 0.999833 -0.827398 0.221353 -0.730168
FixedParameters: 0 0 0

#Transform 142
Transform: AffineTransform_float_3_3
Parameters: 0.99982 -0.00021653 0.0189605 0.000257478 0.999997 -0.0021325 -0.0189595 0.00213649 0.999818 -0.844789 0.19474 -0.736218
FixedParameters: 0 0 0

#Transform 143
Transform: AffineTransform_float_3_3
Parameters: 0.999861 0.00027459 0.0166383 -0.000228408 0.999996 -0.00280219 -0.0166387 0.00279782 0.999857 -0.727532 0.211032 -0.682883
FixedParameters: 0 0 0

#Transform 144
Transform: AffineTransform_float_3_3
Parameters: 0.999871 0.000300905 0.0160973 -0.000261101 0.999997 -0.00248053 -0.0160987 0.00247648 0.999868 -0.729312 0.213346 -0.618677
FixedParameters: 0 0 0

#Transform 145
Transform: AffineTransform_float_3_3
Parameters: 0.999871 0.000495991 0.0160147 -0.000452998 0.999997 -0.0026886 -0.0160163 0.0026804 0.999868 -0.724693 0.181986 -0.598109
FixedParameters: 0 0 0

#Transform 146
Transform: AffineTransform_float_3_3
Parameters: 0.999873 0.000349867 0.01592 -0.000301131 0.999996 -0.00300918 -0.015921 0.00300381 0.999868 -0.726208 0.20091 -0.630597
FixedParameters: 0 0 0

#Transform 147
Transform: AffineTransform_float_3_3
Parameters: 0.99989 0.000643764 0.0147685 -0.000608233 0.999997 -0.00242625 -0.0147695 0.00241676 0.999888 -0.646193 0.190844 -0.529131
FixedParameters: 0 0 0

#Transform 148
Transform: AffineTransform_float_3_3
Parameters: 0.999896 0.000492746 0.0144574 -0.000474254 0.999999 -0.00129999 -0.0144586 0.00129301 0.999894 -0.647307 0.124493 -0.56111
FixedParameters: 0 0 0

#Transform 149
Transform: AffineTransform_float_3_3
Parameters: 0.999893 4.13371e-05 0.014636 -1.96563e-05 0.999999 -0.00145844 -0.014636 0.00145755 0.999892 -0.648679 0.172224 -0.530928
FixedParameters: 0 0 0

#Transform 150
Transform: AffineTransform_float_3_3
Parameters: 0.999895 -0.000174885 0.0144983 0.000196119 0.999999 -0.00145531 -0.0144977 0.00145769 0.999894 -0.673661 0.172937 -0.466876
FixedParameters: 0 0 0

#Transform 151
Transform: AffineTransform_float_3_3
Parameters: 0.999868 1.74908e-05 0.016255 4.24874e-05 0.999993 -0.0037208 -0.016255 0.00372121 0.999861 -0.753021 0.261753 -0.495446
FixedParameters: 0 0 0

#Transform 152
Transform: AffineTransform_float_3_3
Parameters: 0.999872 -0.000136635 0.0159646 0.000196368 0.999993 -0.00371734 -0.0159634 0.00371965 0.999865 -0.747729 0.251134 -0.554112
FixedParameters: 0 0 0

#Transform 153
Transform: AffineTransform_float_3_3
Parameters: 0.999845 -0.000134013 0.0176416 0.00019599 0.999994 -0.00351209 -0.0176414 0.00351491 0.999838 -0.823337 0.225043 -0.68577
FixedParameters: 0 0 0

#Transform 154
Transform: AffineTransform_float_3_3
Parameters: 0.999828 -0.000130003 0.0185086 0.000195998 0.999993 -0.00356398 -0.0185084 0.00356702 0.999823 -0.86603 0.229969 -0.689801
FixedParameters: 0 0 0

#Transform 155
Transform: AffineTransform_float_3_3
Parameters: 0.99982 -0.00744465 0.0174911 0.00747334 0.999971 -0.00155556 -0.0174789 0.00168643 0.999846 -0.69014 0.0547314 -0.920971
FixedParameters: 0 0 0

#Transform 156
Transform: AffineTransform_float_3_3
Parameters: 0.99781 -0.0644058 0.015112 0.0642852 0.997896 0.00834977 -0.015618 -0.00736023 0.999851 -0.753031 -0.141325 -1.79798
FixedParameters: 0 0 0

#Transform 157
Transform: AffineTransform_float_3_3
Parameters: 0.998448 -0.0124814 0.0542706 0.0132876 0.999807 -0.0145084 -0.0540794 0.0152066 0.998421 -3.70282 0.895028 -2.59361
FixedParameters: 0 0 0

#Transform 158
Transform: AffineTransform_float_3_3
Parameters: 0.999132 -0.0110411 0.0401837 0.0114609 0.999882 -0.0102343 -0.0400663 0.0106857 0.99914 -2.5264 0.562019 -2.1235
FixedParameters: 0 0 0

#Transform 159
Transform: AffineTransform_float_3_3
Parameters: 0.999203 -0.0126907 0.0378642 0.0131123 0.999855 -0.0109262 -0.0377199 0.0114138 0.999223 -2.48988 0.643505 -2.03765
FixedParameters: 0 0 0

#Transform 160
Transform: AffineTransform_float_3_3
Parameters: 0.999612 -0.0213566 0.0178867 0.0213993 0.999768 -0.00218008 -0.0178353 0.00256289 0.999837 -1.03279 0.208448 -1.21976
FixedParameters: 0 0 0

#Transform 161
Transform: AffineTransform_float_3_3
Parameters: 0.999636 -0.0182021 0.0198871 0.0183259 0.999813 -0.00606375 -0.0197739 0.00642626 0.999784 -1.04983 0.312385 -1.22409
FixedParameters: 0 0 0

#Transform 162
Transform: AffineTransform_float_3_3
Parameters: 0.999716 -0.0174965 0.0161945 0.0176215 0.999816 -0.00757578 -0.0160595 0.00785922 0.99984 -0.906956 0.373491 -1.05446
FixedParameters: 0 0 0

#Transform 163
Transform: AffineTransform_float_3_3
Parameters: 0.999668 -0.017665 0.0187825 0.017786 0.999822 -0.00629403 -0.0186675 0.00662596 0.999804 -1.01062 0.37316 -1.1082
FixedParameters: 0 0 0

#Transform 164
Transform: AffineTransform_float_3_3
Parameters: 0.999282 0.0160503 0.0343014 -0.0158637 0.999858 -0.00569624 -0.0343875 0.00514776 0.999396 -2.34895 0.424017 -1.87847
FixedParameters: 0 0 0

#Transform 165
Transform: AffineTransform_float_3_3
Parameters: 0.999132 0.0129684 0.0395857 -0.0124755 0.999841 -0.0126869 -0.0397443 0.0121821 0.999135 -2.5394 1.11748 -2.66697
FixedParameters: 0 0 0

#Transform 166
Transform: AffineTransform_float_3_3
Parameters: 0.999432 0.00727871 0.0329017 -0.0069013 0.999909 -0.0115786 -0.0329833 0.0113454 0.999391 -2.16983 0.743648 -2.19651
FixedParameters: 0 0 0

#Transform 167
Transform: AffineTransform_float_3_3
Parameters: 0.999554 0.00508448 0.0294067 -0.00489953 0.999968 -0.00634191 -0.0294373 0.00619509 0.999548 -2.00267 0.567545 -2.07112
FixedParameters: 0 0 0

#Transform 168
Transform: AffineTransform_float_3_3
Parameters: 0.999501 0.00474479 0.0312332 -0.0044682 0.99995 -0.00892602 -0.0312748 0.00878199 0.999473 -2.03904 0.649715 -1.98415
FixedParameters: 0 0 0

#Transform 169
Transform: AffineTransform_float_3_3
Parameters: 0.999477 0.0010945 0.0323141 -0.000901529 0.999982 -0.00597025 -0.0323199 0.00593873 0.99946 -1.99291 0.501765 -1.64253
FixedParameters: 0 0 0

#Transform 170
Transform: AffineTransform_float_3_3
Parameters: 0.999535 -0.000479371 0.0304729 0.000531617 0.999999 -0.0017186 -0.0304721 0.00173441 0.999534 -1.854 0.366399 -1.50878
FixedParameters: 0 0 0

#Transform 171
Transform: AffineTransform_float_3_3
Parameters: 0.999534 -0.000418547 0.030528 0.000545462 0.999992 -0.00413428 -0.030526 0.00414871 0.999526 -1.8607 0.403011 -1.40599
FixedParameters: 0 0 0

#Transform 172
Transform: AffineTransform_float_3_3
Parameters: 0.998802 0.0288532 0.0395201 -0.0288258 0.999583 -0.00125871 -0.0395399 0.000118288 0.999218 -2.74846 0.363311 -2.16177
FixedParameters: 0 0 0

#Transform 173
Transform: AffineTransform_float_3_3
Parameters: 0.999037 0.0164461 0.0406915 -0.0161649 0.999843 -0.00722774 -0.0408045 0.00656225 0.999145 -2.60848 0.595323 -2.40247
FixedParameters: 0 0 0

#Transform 174
Transform: AffineTransform_float_3_3
Parameters: 0.995766 0.0456997 0.0797604 -0.0481063 0.998435 0.0285248 -0.0783326 -0.0322413 0.996406 -4.62449 -0.721293 -3.13099
FixedParameters: 0 0 0

#Transform 175
Transform: AffineTransform_float_3_3
Parameters: 0.998796 0.00642756 0.0486358 -0.00758946 0.999689 0.0237545 -0.0484682 -0.0240945 0.998534 -2.52909 -0.466237 -1.8755
FixedParameters: 0 0 0

#Transform 176
Transform: AffineTransform_float_3_3
Parameters: 0.99913 0.00711447 0.0410744 -0.0077835 0.999839 0.0161383 -0.0409536 -0.0164446 0.999025 -2.16295 -0.155595 -1.71192
FixedParameters: 0 0 0

#Transform 177
Transform: AffineTransform_float_3_3
Parameters: 0.999102 0.00754225 0.0416793 -0.00817877 0.999852 0.0151287 -0.0415587 -0.0154553 0.999017 -2.21008 -0.146642 -1.72446
FixedParameters: 0 0 0

#Transform 178
Transform: AffineTransform_float_3_3
Parameters: 0.999101 0.00757457 0.0417244 -0.00819545 0.999858 0.0147193 -0.0416066 -0.0150477 0.99902 -2.20278 -0.138206 -1.74745
FixedParameters: 0 0 0

#Transform 179
Transform: AffineTransform_float_3_3
Parameters: 0.999166 0.00768575 0.0401031 -0.00828325 0.999857 0.0147481 -0.0399839 -0.0150679 0.999086 -2.13147 -0.132507 -1.71137
FixedParameters: 0 0 0
