# transform file /out/sourcedata/freesurfer/sub-v1s15x0050199_ses-1/mri/transforms/cc_up.lta
# created by oesteban on Thu Mar 12 12:49:23 2026

type      = 0 # LINEAR_VOX_TO_VOX
nxforms   = 1
mean      = 125.0000 107.0000 128.0000
sigma     = 10000.0000
1 4 4
9.978308677673340e-01 -5.144822970032692e-02 4.106868803501129e-02 2.215553045272827e+00 
5.140471085906029e-02 9.986757040023804e-01 2.115713199600577e-03 3.240201187133789e+01 
-4.112314805388451e-02 2.328306436538696e-10 9.991540312767029e-01 8.266776084899902e+00 
0.000000000000000e+00 0.000000000000000e+00 0.000000000000000e+00 1.000000000000000e+00 
src volume info
valid = 1  # volume info valid
filename = /out/sourcedata/freesurfer/sub-v1s15x0050199_ses-1/mri/norm.mgz
volume = 256 256 256
voxelsize = 1.000000000000000e+00 1.000000000000000e+00 1.000000000000000e+00
xras   = -1.000000000000000e+00 0.000000000000000e+00 0.000000000000000e+00
yras   = 0.000000000000000e+00 0.000000000000000e+00 -1.000000000000000e+00
zras   = 0.000000000000000e+00 1.000000000000000e+00 0.000000000000000e+00
cras   = 5.000000000000000e-01 1.438003540039062e+00 -1.731300354003906e+01
dst volume info
valid = 1  # volume info valid
filename = /out/sourcedata/freesurfer/sub-v1s15x0050199_ses-1/mri/norm.mgz
volume = 256 256 256
voxelsize = 1.000000000000000e+00 1.000000000000000e+00 1.000000000000000e+00
xras   = -1.000000000000000e+00 0.000000000000000e+00 0.000000000000000e+00
yras   = 0.000000000000000e+00 0.000000000000000e+00 -1.000000000000000e+00
zras   = 0.000000000000000e+00 1.000000000000000e+00 0.000000000000000e+00
cras   = 5.000000000000000e-01 1.438003540039062e+00 -1.731300354003906e+01
