# transform file /out/sourcedata/freesurfer/sub-v1s15x0050198_ses-1/mri/transforms/cc_up.lta
# created by oesteban on Sun Mar  8 22:10:01 2026

type      = 0 # LINEAR_VOX_TO_VOX
nxforms   = 1
mean      = 128.0000 97.0000 120.0000
sigma     = 10000.0000
1 4 4
9.980618357658386e-01 5.770062096416950e-03 6.196098029613495e-02 -6.249397277832031e+00 
-5.758974701166153e-03 9.999833106994629e-01 -3.575246664695442e-04 5.077910614013672e+01 
-6.196201220154762e-02 0.000000000000000e+00 9.980785250663757e-01 3.016459083557129e+01 
0.000000000000000e+00 0.000000000000000e+00 0.000000000000000e+00 1.000000000000000e+00 
src volume info
valid = 1  # volume info valid
filename = /out/sourcedata/freesurfer/sub-v1s15x0050198_ses-1/mri/norm.mgz
volume = 256 256 256
voxelsize = 1.000000000000000e+00 1.000000000000000e+00 1.000000000000000e+00
xras   = -1.000000000000000e+00 0.000000000000000e+00 0.000000000000000e+00
yras   = 0.000000000000000e+00 0.000000000000000e+00 -1.000000000000000e+00
zras   = 0.000000000000000e+00 1.000000000000000e+00 0.000000000000000e+00
cras   = 7.530998229980469e+00 1.268800354003906e+01 -4.403149414062500e+01
dst volume info
valid = 1  # volume info valid
filename = /out/sourcedata/freesurfer/sub-v1s15x0050198_ses-1/mri/norm.mgz
volume = 256 256 256
voxelsize = 1.000000000000000e+00 1.000000000000000e+00 1.000000000000000e+00
xras   = -1.000000000000000e+00 0.000000000000000e+00 0.000000000000000e+00
yras   = 0.000000000000000e+00 0.000000000000000e+00 -1.000000000000000e+00
zras   = 0.000000000000000e+00 1.000000000000000e+00 0.000000000000000e+00
cras   = 7.530998229980469e+00 1.268800354003906e+01 -4.403149414062500e+01
