#Insight Transform File V1.0
#Transform 0
Transform: AffineTransform_float_3_3
Parameters: 1 0.000773008 0.000888669 -0.000767996 0.999984 -0.00562168 -0.000892332 0.00562131 0.999984 -0.0581062 0.0168459 0.233491
FixedParameters: 0 0 0

#Transform 1
Transform: AffineTransform_float_3_3
Parameters: 0.999999 -0.000817629 -0.000276222 0.000815365 0.999982 -0.00584922 0.000281774 0.00584877 0.999983 -0.0888444 0.0387349 0.365282
FixedParameters: 0 0 0

#Transform 2
Transform: AffineTransform_float_3_3
Parameters: 0.999999 -0.000405967 -0.00134002 0.000396032 0.999973 -0.00743054 0.00134298 0.00742947 0.999972 -0.0779312 -0.0186716 0.117293
FixedParameters: 0 0 0

#Transform 3
Transform: AffineTransform_float_3_3
Parameters: 1 -0.00110454 0.000195461 0.00110646 0.99997 -0.00765479 -0.000186535 0.00765521 0.99997 -0.0485276 -0.1128 0.0285544
FixedParameters: 0 0 0

#Transform 4
Transform: AffineTransform_float_3_3
Parameters: 0.999997 -0.00234871 -0.000294654 0.00234729 0.999981 -0.00568471 0.000308348 0.00568429 0.999984 -0.0616405 0.0135455 0.0445193
FixedParameters: 0 0 0

#Transform 5
Transform: AffineTransform_float_3_3
Parameters: 0.999994 -0.00326627 -0.00101095 0.00325973 0.999976 -0.00614633 0.00103105 0.00614266 0.99998 -0.0765588 0.026975 0.104564
FixedParameters: 0 0 0

#Transform 6
Transform: AffineTransform_float_3_3
Parameters: 0.999991 -0.00418656 -0.00133439 0.00417745 0.999966 -0.00708364 0.00136362 0.00707836 0.999974 -0.0792262 0.00430666 0.140242
FixedParameters: 0 0 0

#Transform 7
Transform: AffineTransform_float_3_3
Parameters: 0.999992 -0.00374974 -0.0014067 0.00373826 0.999965 -0.00756033 0.0014353 0.00755569 0.999971 -0.0709029 -0.0279307 0.258831
FixedParameters: 0 0 0

#Transform 8
Transform: AffineTransform_float_3_3
Parameters: 0.999981 -0.00471634 -0.00391837 0.00466667 0.999911 -0.0125065 0.00397663 0.0124875 0.999914 -0.0901546 -0.134122 0.148993
FixedParameters: 0 0 0

#Transform 9
Transform: AffineTransform_float_3_3
Parameters: 0.999959 0.00485419 -0.00754599 -0.00511581 0.999371 -0.0350718 0.00737102 0.0351092 0.999357 -0.0803082 -0.561687 -0.175257
FixedParameters: 0 0 0

#Transform 10
Transform: AffineTransform_float_3_3
Parameters: 0.999954 0.00963237 0.000667445 -0.00963062 0.999951 -0.00203352 -0.000687559 0.00202747 0.999997 0.0247939 -0.190245 -0.0585143
FixedParameters: 0 0 0

#Transform 11
Transform: AffineTransform_float_3_3
Parameters: 0.999948 0.0102477 0.000475996 -0.0102483 0.999944 0.00272927 -0.000447999 -0.00273473 0.999996 -0.0551945 -0.448572 -0.183531
FixedParameters: 0 0 0

#Transform 12
Transform: AffineTransform_float_3_3
Parameters: 0.999977 0.00658141 0.00177203 -0.00652659 0.999554 -0.0291362 -0.00196296 0.0291248 0.999574 0.0813309 -0.451568 -0.181295
FixedParameters: 0 0 0

#Transform 13
Transform: AffineTransform_float_3_3
Parameters: 0.999998 0.00203102 -0.000938653 -0.00204799 0.999827 -0.0184591 0.000901348 0.0184609 0.999829 -0.0116222 -0.412697 0.00870473
FixedParameters: 0 0 0

#Transform 14
Transform: AffineTransform_float_3_3
Parameters: 0.999997 0.00209894 -0.00167562 -0.00210506 0.999991 -0.00362149 0.00166838 0.00362552 0.999992 -0.153694 -0.108659 0.0603763
FixedParameters: 0 0 0

#Transform 15
Transform: AffineTransform_float_3_3
Parameters: 0.999985 0.00542508 0.000471098 -0.00540392 0.999304 -0.0369081 -0.000670898 0.0369049 0.999318 0.109104 -1.12609 -0.267966
FixedParameters: 0 0 0

#Transform 16
Transform: AffineTransform_float_3_3
Parameters: 0.999989 0.00441892 0.00199062 -0.00442108 0.999989 0.00104121 -0.00198638 -0.00104979 0.999998 0.0108844 -0.272943 0.127727
FixedParameters: 0 0 0

#Transform 17
Transform: AffineTransform_float_3_3
Parameters: 0.999997 0.00268116 -7.46858e-05 -0.00268085 0.999995 0.00198221 8.0316e-05 -0.00198279 0.999998 -0.00283569 -0.0439856 0.0380863
FixedParameters: 0 0 0

#Transform 18
Transform: AffineTransform_float_3_3
Parameters: 0.999999 0.0014761 -7.81947e-05 -0.0014759 0.999998 0.00122312 7.9805e-05 -0.00122288 0.999999 0.0086616 -0.0634946 -0.0255972
FixedParameters: 0 0 0

#Transform 19
Transform: AffineTransform_float_3_3
Parameters: 1 0.000496073 -7.955e-05 -0.000495928 1 0.00090704 7.94498e-05 -0.000906961 0.999999 0.00129287 -0.0216251 -0.0138939
FixedParameters: 0 0 0

#Transform 20
Transform: AffineTransform_float_3_3
Parameters: 1 -5.39588e-05 -8.00278e-05 5.40412e-05 1 0.000514996 7.99722e-05 -0.000515004 1 0.00193717 0.00708811 -0.00245858
FixedParameters: 0 0 0

#Transform 21
Transform: AffineTransform_float_3_3
Parameters: 1 -0.000204007 -7.9982e-05 0.000203993 1 -8.80163e-05 8.00179e-05 8.79837e-05 1 -0.0101403 -0.0399235 -0.0414513
FixedParameters: 0 0 0

#Transform 22
Transform: AffineTransform_float_3_3
Parameters: 0.999999 -0.000865268 -0.000400421 0.000865731 1 -0.000669347 0.000401579 0.000668653 0.999999 -0.0252159 -0.0344962 -0.103285
FixedParameters: 0 0 0

#Transform 23
Transform: AffineTransform_float_3_3
Parameters: 0.999999 -0.00068702 -0.000654979 0.00068698 1 -3.045e-05 0.000655021 3.055e-05 1 -0.0218833 0.00739176 -0.039835
FixedParameters: 0 0 0

#Transform 24
Transform: AffineTransform_float_3_3
Parameters: 0.999983 0.00567101 -0.00133894 -0.00567099 0.999984 1.45934e-05 0.00133906 -7.40628e-06 0.999999 -0.0400675 -0.028989 -0.0627982
FixedParameters: 0 0 0

#Transform 25
Transform: AffineTransform_float_3_3
Parameters: 0.999977 0.00664923 -0.00148844 -0.00664977 0.999978 -0.000513114 0.00148556 0.00052289 0.999999 -0.0501099 -0.0816726 -0.155668
FixedParameters: 0 0 0

#Transform 26
Transform: AffineTransform_float_3_3
Parameters: 0.99999 0.00394343 -0.00211466 -0.00394756 0.999991 -0.00168367 0.00210834 0.00169233 0.999997 -0.0719947 -0.0997903 -0.191162
FixedParameters: 0 0 0

#Transform 27
Transform: AffineTransform_float_3_3
Parameters: 0.999999 0.000278917 -0.00182063 -0.000283085 0.999998 -0.00224349 0.00182037 0.00224351 0.999996 -0.0639606 -0.012075 -0.178352
FixedParameters: 0 0 0

#Transform 28
Transform: AffineTransform_float_3_3
Parameters: 0.999996 0.000797963 -0.00289762 -0.000811038 0.999989 -0.00450067 0.00289438 0.00450333 0.999985 -0.082608 -0.113257 -0.415938
FixedParameters: 0 0 0

#Transform 29
Transform: AffineTransform_float_3_3
Parameters: 0.999998 0.000278365 -0.00192168 -0.000282635 0.999997 -0.00241146 0.00192132 0.00241254 0.999995 -0.0634274 0.00950514 -0.0685787
FixedParameters: 0 0 0

#Transform 30
Transform: AffineTransform_float_3_3
Parameters: 0.999999 0.00117109 -0.00137049 -0.00117391 0.999997 -0.00212439 0.00136751 0.0021256 0.999997 -0.0596039 0.0591792 0.115308
FixedParameters: 0 0 0

#Transform 31
Transform: AffineTransform_float_3_3
Parameters: 0.999998 0.00116317 -0.00114592 -0.00116783 0.99999 -0.00422167 0.00114108 0.00422333 0.999991 -0.0160015 -0.136511 -0.0751427
FixedParameters: 0 0 0

#Transform 32
Transform: AffineTransform_float_3_3
Parameters: 1 -0.00109047 0.000251706 0.00109153 0.99998 -0.00614473 -0.000245298 0.00614427 0.999981 -0.0011808 -0.0584971 0.0967297
FixedParameters: 0 0 0

#Transform 33
Transform: AffineTransform_float_3_3
Parameters: 0.999999 -0.000179037 -0.000702233 0.000175963 0.99999 -0.00432312 0.000702767 0.00432288 0.999991 -0.032582 -0.207245 0.0438555
FixedParameters: 0 0 0

#Transform 34
Transform: AffineTransform_float_3_3
Parameters: 0.999998 -0.00164354 -0.00106849 0.00163546 0.999974 -0.00702276 0.00107951 0.00702024 0.999975 -0.0386048 -0.0248209 0.240375
FixedParameters: 0 0 0

#Transform 35
Transform: AffineTransform_float_3_3
Parameters: 0.999995 -0.000797972 0.00301439 0.000829025 0.999946 -0.0103065 -0.00300562 0.0103084 0.999943 0.156116 -0.142547 0.051466
FixedParameters: 0 0 0

#Transform 36
Transform: AffineTransform_float_3_3
Parameters: 0.999996 -4.67068e-05 0.00256145 6.72971e-05 0.999968 -0.00792285 -0.00256155 0.00792315 0.999966 0.0860154 -0.0626932 0.0446791
FixedParameters: 0 0 0

#Transform 37
Transform: AffineTransform_float_3_3
Parameters: 0.999997 -0.000937206 0.00225095 0.00094879 0.999986 -0.00524488 -0.00224505 0.00524612 0.999983 0.0595993 0.0127519 0.0749502
FixedParameters: 0 0 0

#Transform 38
Transform: AffineTransform_float_3_3
Parameters: 0.999997 -0.000936176 0.00225138 0.000948822 0.999984 -0.00570188 -0.00224563 0.00570412 0.999981 0.0433067 -0.0130741 0.0201865
FixedParameters: 0 0 0

#Transform 39
Transform: AffineTransform_float_3_3
Parameters: 0.999998 -0.000325601 0.00224936 0.000348397 0.999951 -0.00996524 -0.00224564 0.00996576 0.999948 0.0989294 -0.118083 -0.10129
FixedParameters: 0 0 0

#Transform 40
Transform: AffineTransform_float_3_3
Parameters: 0.999956 -0.00772529 0.00530356 0.00812766 0.996708 -0.0806584 -0.00466246 0.0806975 0.996727 0.116476 -1.89419 0.0898062
FixedParameters: 0 0 0

#Transform 41
Transform: AffineTransform_float_3_3
Parameters: 0.999968 -0.00715364 0.00363633 0.00737033 0.997957 -0.0634512 -0.00317465 0.0634758 0.997979 0.104377 -1.11692 0.0996593
FixedParameters: 0 0 0

#Transform 42
Transform: AffineTransform_float_3_3
Parameters: 0.999989 -0.00418498 0.00241626 0.00428402 0.999086 -0.0425461 -0.00223573 0.0425568 0.999091 0.11599 -0.568991 -0.112873
FixedParameters: 0 0 0

#Transform 43
Transform: AffineTransform_float_3_3
Parameters: 0.999991 -0.00209186 0.00372955 0.00219815 0.999586 -0.0286851 -0.00366844 0.0286929 0.999581 0.159503 -0.416639 -0.0294557
FixedParameters: 0 0 0

#Transform 44
Transform: AffineTransform_float_3_3
Parameters: 0.999996 -0.00279765 0.00112678 0.00282436 0.999706 -0.0241089 -0.00105921 0.0241121 0.999708 0.074157 -0.207102 -0.0598638
FixedParameters: 0 0 0

#Transform 45
Transform: AffineTransform_float_3_3
Parameters: 0.999997 -0.00100107 0.00192074 0.00102693 0.999907 -0.0135441 -0.00190726 0.0135469 0.999907 0.0898012 -0.0444025 0.105972
FixedParameters: 0 0 0

#Transform 46
Transform: AffineTransform_float_3_3
Parameters: 0.999993 -0.000412504 0.00369235 0.000433502 0.999985 -0.00555244 -0.00369065 0.00555356 0.999978 0.129292 -0.0358418 0.105416
FixedParameters: 0 0 0

#Transform 47
Transform: AffineTransform_float_3_3
Parameters: 0.999993 -0.00143049 0.00338532 0.00145751 0.999968 -0.00784112 -0.00337367 0.00784588 0.999963 0.124402 -0.0022991 0.118189
FixedParameters: 0 0 0

#Transform 48
Transform: AffineTransform_float_3_3
Parameters: 0.999993 -0.00243335 0.00286174 0.00246065 0.99995 -0.00969703 -0.00283826 0.00970397 0.999949 0.0326521 -0.0191761 0.0902659
FixedParameters: 0 0 0

#Transform 49
Transform: AffineTransform_float_3_3
Parameters: 0.999994 -0.00289597 0.00181088 0.00291203 0.999956 -0.00891078 -0.00178511 0.00891622 0.999958 -0.0391314 0.0315273 0.14292
FixedParameters: 0 0 0

#Transform 50
Transform: AffineTransform_float_3_3
Parameters: 0.999993 -0.00392171 0.000155701 0.00392228 0.999948 -0.00935646 -0.000118307 0.00935653 0.999956 -0.0870128 0.0154703 0.0713555
FixedParameters: 0 0 0

#Transform 51
Transform: AffineTransform_float_3_3
Parameters: 0.999979 -0.00638531 -7.56834e-05 0.00638468 0.999912 -0.0116397 0.00015032 0.0116383 0.999933 0.029656 0.0282307 0.163277
FixedParameters: 0 0 0

#Transform 52
Transform: AffineTransform_float_3_3
Parameters: 0.999982 -0.00587099 -0.000561527 0.00586501 0.999932 -0.0101365 0.00062047 0.0101325 0.999949 -0.0882458 0.074649 0.0884802
FixedParameters: 0 0 0

#Transform 53
Transform: AffineTransform_float_3_3
Parameters: 0.999975 0.00690417 0.00113302 -0.00689782 0.999962 -0.00536295 -0.00116998 0.00535505 0.999985 0.0213853 0.0360908 0.0672211
FixedParameters: 0 0 0

#Transform 54
Transform: AffineTransform_float_3_3
Parameters: 0.999972 0.00298657 0.00683321 -0.00284144 0.999771 -0.021214 -0.0068948 0.021194 0.999751 0.185282 -0.258897 -0.181713
FixedParameters: 0 0 0

#Transform 55
Transform: AffineTransform_float_3_3
Parameters: 0.999989 0.000327708 0.00480819 -0.000266292 0.999917 -0.0128294 -0.00481181 0.0128276 0.999906 0.144496 -0.0994723 0.0190818
FixedParameters: 0 0 0

#Transform 56
Transform: AffineTransform_float_3_3
Parameters: 0.999991 -0.00131679 0.00415359 0.00136521 0.999931 -0.0116244 -0.00413841 0.0116306 0.999924 0.122027 -0.0341384 -0.0473513
FixedParameters: 0 0 0

#Transform 57
Transform: AffineTransform_float_3_3
Parameters: 0.999988 -0.00363074 0.00347188 0.00367426 0.999911 -0.0128264 -0.00342513 0.0128396 0.999911 0.086937 -0.0392863 -0.116169
FixedParameters: 0 0 0

#Transform 58
Transform: AffineTransform_float_3_3
Parameters: 0.999968 0.00700249 0.00380758 -0.00691452 0.999716 -0.022778 -0.00396544 0.022751 0.999734 0.134213 -0.380033 -0.272308
FixedParameters: 0 0 0

#Transform 59
Transform: AffineTransform_float_3_3
Parameters: 0.999973 -0.000453736 0.00742037 0.000612257 0.999772 -0.02134 -0.00740862 0.0213439 0.999744 0.212556 -0.544875 -0.0784897
FixedParameters: 0 0 0

#Transform 60
Transform: AffineTransform_float_3_3
Parameters: 0.999976 -0.00278091 0.00645261 0.00288008 0.999878 -0.0153978 -0.00640839 0.0154162 0.99986 0.198058 -0.243898 -0.0186983
FixedParameters: 0 0 0

#Transform 61
Transform: AffineTransform_float_3_3
Parameters: 0.999975 -0.00338533 0.00608815 0.00347467 0.999887 -0.0146132 -0.00603783 0.0146338 0.999874 0.152168 -0.19493 -0.0362907
FixedParameters: 0 0 0

#Transform 62
Transform: AffineTransform_float_3_3
Parameters: 0.999983 -0.0036753 0.00467564 0.00374469 0.99988 -0.0149867 -0.00461937 0.0150042 0.999877 0.0994601 -0.19268 -0.0310995
FixedParameters: 0 0 0

#Transform 63
Transform: AffineTransform_float_3_3
Parameters: 0.999985 -0.00287003 0.00455149 0.00294396 0.999863 -0.0163298 -0.00450351 0.0163432 0.999857 0.160798 -0.234875 -0.0668608
FixedParameters: 0 0 0

#Transform 64
Transform: AffineTransform_float_3_3
Parameters: 0.999994 -0.00128606 0.0032141 0.00132793 0.999913 -0.0130798 -0.0031969 0.0130842 0.99991 0.0597877 -0.27033 -0.0286384
FixedParameters: 0 0 0

#Transform 65
Transform: AffineTransform_float_3_3
Parameters: 0.999996 0.000185437 0.00282217 -0.000188564 0.999999 0.000908471 -0.00282183 -0.000908526 0.999995 0.0900169 -0.303674 0.00325242
FixedParameters: 0 0 0

#Transform 66
Transform: AffineTransform_float_3_3
Parameters: 0.99999 0.000490697 0.00428329 -0.000363312 0.999557 -0.0297628 -0.00429571 0.0297612 0.999548 0.169165 -0.573819 -0.322386
FixedParameters: 0 0 0

#Transform 67
Transform: AffineTransform_float_3_3
Parameters: 0.999966 -0.00553742 0.00620852 0.00585955 0.998575 -0.0530344 -0.00590545 0.0530695 0.998574 0.100903 -1.02598 -0.133621
FixedParameters: 0 0 0

#Transform 68
Transform: AffineTransform_float_3_3
Parameters: 0.999965 -0.00771573 0.00325159 0.00784224 0.999136 -0.0407969 -0.0029334 0.0408211 0.999162 0.00769448 -0.580702 0.0159078
FixedParameters: 0 0 0

#Transform 69
Transform: AffineTransform_float_3_3
Parameters: 0.999958 -0.00879201 0.00283586 0.00888396 0.999374 -0.0342453 -0.00253215 0.0342687 0.99941 0.0027856 -0.308127 -0.00612256
FixedParameters: 0 0 0

#Transform 70
Transform: AffineTransform_float_3_3
Parameters: 0.999996 -0.00265555 0.00094844 0.00267045 0.999857 -0.0166835 -0.000903569 0.0166865 0.999861 0.0207095 -0.161809 -0.018113
FixedParameters: 0 0 0

#Transform 71
Transform: AffineTransform_float_3_3
Parameters: 0.999993 -0.00224073 0.00279338 0.00226126 0.999971 -0.00727373 -0.00277662 0.00728027 0.999969 0.0887251 -0.115197 -0.198105
FixedParameters: 0 0 0

#Transform 72
Transform: AffineTransform_float_3_3
Parameters: 0.99997 -0.00718876 0.00284422 0.00721523 0.99993 -0.00932276 -0.00277678 0.00934324 0.999953 0.0535878 -0.0126165 -0.131769
FixedParameters: 0 0 0

#Transform 73
Transform: AffineTransform_float_3_3
Parameters: 0.999966 -0.00775107 0.00284859 0.00777693 0.999928 -0.00920916 -0.00277641 0.00923083 0.999953 0.0311944 0.0284219 -0.140609
FixedParameters: 0 0 0

#Transform 74
Transform: AffineTransform_float_3_3
Parameters: 0.999968 0.00788949 -0.000737908 -0.00790952 0.999461 -0.0318792 0.000486076 0.0318839 0.999492 0.0529011 -0.602088 -0.707192
FixedParameters: 0 0 0

#Transform 75
Transform: AffineTransform_float_3_3
Parameters: 0.999988 0.00161807 0.00448717 -0.00156191 0.999921 -0.0124722 -0.00450782 0.0124648 0.999912 0.0776271 -0.291732 -0.240068
FixedParameters: 0 0 0

#Transform 76
Transform: AffineTransform_float_3_3
Parameters: 0.999992 -0.000113693 0.00394377 0.000163311 0.999918 -0.0127584 -0.00394224 0.0127585 0.999911 0.0792738 -0.108125 -0.0439794
FixedParameters: 0 0 0

#Transform 77
Transform: AffineTransform_float_3_3
Parameters: 0.999992 0.000793143 0.00375394 -0.000748852 0.99993 -0.0117469 -0.00376305 0.0117431 0.999924 0.107756 -0.0770658 0.0566777
FixedParameters: 0 0 0

#Transform 78
Transform: AffineTransform_float_3_3
Parameters: 0.999993 0.000209865 0.0037622 -0.000195133 0.999992 -0.00395176 -0.0037628 0.00395024 0.999985 0.105144 0.0368428 0.0548834
FixedParameters: 0 0 0

#Transform 79
Transform: AffineTransform_float_3_3
Parameters: 0.999979 -0.005095 0.00398635 0.005124 0.99996 -0.00729873 -0.00394866 0.00731928 0.999966 0.0537911 -0.00081791 0.241586
FixedParameters: 0 0 0

#Transform 80
Transform: AffineTransform_float_3_3
Parameters: 0.999989 -0.00122997 0.00448547 0.00126403 0.999971 -0.00759242 -0.00447553 0.00759759 0.999961 0.173836 -0.0113263 0.0807859
FixedParameters: 0 0 0

#Transform 81
Transform: AffineTransform_float_3_3
Parameters: 0.999981 -0.00539833 0.0027322 0.00541666 0.999961 -0.00687232 -0.0026948 0.00688667 0.999972 0.0189892 0.128511 0.107008
FixedParameters: 0 0 0

#Transform 82
Transform: AffineTransform_float_3_3
Parameters: 0.999997 0.000745347 0.00262549 -0.000739654 0.999997 -0.00203695 -0.00262651 0.00203505 0.999995 0.0713847 0.0728741 0.19
FixedParameters: 0 0 0

#Transform 83
Transform: AffineTransform_float_3_3
Parameters: 0.999999 0.0014804 -5.21766e-05 -0.00148059 0.999896 -0.0143009 3.08291e-05 0.0143011 0.999897 0.113729 -0.474342 -0.335503
FixedParameters: 0 0 0

#Transform 84
Transform: AffineTransform_float_3_3
Parameters: 0.999946 0.00513188 0.00895733 -0.00498313 0.999851 -0.0165645 -0.00904067 0.0165195 0.999822 0.264988 -0.20705 0.166619
FixedParameters: 0 0 0

#Transform 85
Transform: AffineTransform_float_3_3
Parameters: 0.999975 -0.000307717 0.00699144 0.000475275 0.99971 -0.0240813 -0.00698158 0.0240837 0.999686 0.302746 -0.207879 0.0269268
FixedParameters: 0 0 0

#Transform 86
Transform: AffineTransform_float_3_3
Parameters: 0.999962 -0.00166808 0.00850069 0.0018949 0.99964 -0.0267569 -0.0084523 0.0267721 0.999606 0.293861 -0.25031 -0.18255
FixedParameters: 0 0 0

#Transform 87
Transform: AffineTransform_float_3_3
Parameters: 0.999956 -0.00212385 0.00912012 0.00234814 0.999693 -0.0246367 -0.00906488 0.0246573 0.999655 0.298672 -0.230196 -0.376696
FixedParameters: 0 0 0

#Transform 88
Transform: AffineTransform_float_3_3
Parameters: 0.999987 0.00306666 0.00395049 -0.00294535 0.999532 -0.030443 -0.00404152 0.030431 0.999528 0.200428 -0.293173 -0.384218
FixedParameters: 0 0 0

#Transform 89
Transform: AffineTransform_float_3_3
Parameters: 0.999971 0.00303186 0.00698487 -0.00280013 0.999452 -0.0329685 -0.00708114 0.0329485 0.999432 0.252097 -0.656033 -0.299995
FixedParameters: 0 0 0

#Transform 90
Transform: AffineTransform_float_3_3
Parameters: 0.999981 0.000479464 0.00625465 -0.000353552 0.999799 -0.0200446 -0.00626234 0.0200424 0.999779 0.201306 -0.224044 -0.118984
FixedParameters: 0 0 0

#Transform 91
Transform: AffineTransform_float_3_3
Parameters: 0.999976 -0.000197445 0.00690041 0.00031655 0.999853 -0.0171842 -0.00689558 0.0171858 0.999828 0.168723 -0.194698 -0.077418
FixedParameters: 0 0 0

#Transform 92
Transform: AffineTransform_float_3_3
Parameters: 0.999969 -0.00142504 0.00767544 0.00154096 0.999885 -0.0151236 -0.00765256 0.0151344 0.999856 0.210146 -0.188724 -0.117118
FixedParameters: 0 0 0

#Transform 93
Transform: AffineTransform_float_3_3
Parameters: 0.999981 -0.00210928 0.00576892 0.00219172 0.999895 -0.0143706 -0.00573808 0.0143834 0.99988 0.178519 -0.153061 -0.00867305
FixedParameters: 0 0 0

#Transform 94
Transform: AffineTransform_float_3_3
Parameters: 0.999986 -0.0029851 0.00435753 0.0030419 0.99991 -0.0131109 -0.00431747 0.0131241 0.999904 0.12248 -0.098841 -0.0757796
FixedParameters: 0 0 0

#Transform 95
Transform: AffineTransform_float_3_3
Parameters: 0.999982 -0.00336005 0.00483111 0.00341694 0.999924 -0.0118277 -0.00479089 0.0118443 0.999919 0.126282 -0.0982958 -0.0296629
FixedParameters: 0 0 0

#Transform 96
Transform: AffineTransform_float_3_3
Parameters: 0.99998 -0.00402315 0.00483715 0.00407785 0.999927 -0.0113835 -0.00479085 0.0114035 0.999924 0.142637 -0.0559737 0.053377
FixedParameters: 0 0 0

#Transform 97
Transform: AffineTransform_float_3_3
Parameters: 0.999977 -0.0041717 0.00524173 0.0042423 0.9999 -0.0134731 -0.00518527 0.0134949 0.999896 0.163711 -0.103851 0.0272246
FixedParameters: 0 0 0

#Transform 98
Transform: AffineTransform_float_3_3
Parameters: 0.999981 -0.00395731 0.00484918 0.0040177 0.999913 -0.0125718 -0.00479884 0.0125902 0.999909 0.14151 -0.0907801 0.0729415
FixedParameters: 0 0 0

#Transform 99
Transform: AffineTransform_float_3_3
Parameters: 0.99998 -0.00488412 0.003892 0.00493587 0.999897 -0.013432 -0.003826 0.0134509 0.999902 0.11761 -0.11088 0.00329904
FixedParameters: 0 0 0

#Transform 100
Transform: AffineTransform_float_3_3
Parameters: 0.999983 -0.00438855 0.0038769 0.00443245 0.999923 -0.011532 -0.0038261 0.011549 0.999926 0.144796 -0.0682873 0.00844221
FixedParameters: 0 0 0

#Transform 101
Transform: AffineTransform_float_3_3
Parameters: 0.999982 -0.004895 0.00347571 0.004932 0.999931 -0.010719 -0.00342229 0.0107359 0.999936 0.119316 -0.0357539 0.0612845
FixedParameters: 0 0 0

#Transform 102
Transform: AffineTransform_float_3_3
Parameters: 0.999979 -0.00548153 0.00329572 0.00551747 0.999926 -0.010851 -0.00323627 0.010869 0.999935 0.0796206 -0.0544019 -0.00337375
FixedParameters: 0 0 0

#Transform 103
Transform: AffineTransform_float_3_3
Parameters: 0.999984 -0.00486362 0.003112 0.00489338 0.999939 -0.00983093 -0.003064 0.00984606 0.999947 0.0859717 -0.0756724 0.0348211
FixedParameters: 0 0 0

#Transform 104
Transform: AffineTransform_float_3_3
Parameters: 0.999985 -0.00458019 0.0031469 0.00460581 0.999956 -0.00824364 -0.0031091 0.00825837 0.999961 0.108901 -0.0172941 0.139082
FixedParameters: 0 0 0

#Transform 105
Transform: AffineTransform_float_3_3
Parameters: 0.999979 -0.00483277 0.00415303 0.00487722 0.999931 -0.010706 -0.00410097 0.010726 0.999934 0.106635 -0.0588233 0.0792078
FixedParameters: 0 0 0

#Transform 106
Transform: AffineTransform_float_3_3
Parameters: 0.99998 -0.00526583 0.00348376 0.00530118 0.999935 -0.0101657 -0.00343024 0.0101833 0.999943 0.11882 -0.0365905 0.0669546
FixedParameters: 0 0 0

#Transform 107
Transform: AffineTransform_float_3_3
Parameters: 0.999996 -0.000303534 0.00306477 0.00035647 0.999847 -0.01746 -0.00305924 0.017461 0.999843 0.0847753 -0.325092 -0.250059
FixedParameters: 0 0 0

#Transform 108
Transform: AffineTransform_float_3_3
Parameters: 0.999932 0.00960739 0.00659914 -0.00944862 0.999676 -0.023627 -0.00682385 0.023563 0.999699 0.285402 -0.381075 -0.0619208
FixedParameters: 0 0 0

#Transform 109
Transform: AffineTransform_float_3_3
Parameters: 0.999974 -0.00188914 0.00685604 0.00201185 0.999836 -0.0179567 -0.00682096 0.0179703 0.999816 0.221054 -0.168289 -0.111092
FixedParameters: 0 0 0

#Transform 110
Transform: AffineTransform_float_3_3
Parameters: 0.999973 -0.00155713 0.00717916 0.00168586 0.999837 -0.0179784 -0.00714983 0.0179906 0.999812 0.26748 -0.196888 -0.0878583
FixedParameters: 0 0 0

#Transform 111
Transform: AffineTransform_float_3_3
Parameters: 0.999984 -0.00198469 0.00542223 0.00206831 0.999879 -0.015403 -0.00539077 0.015414 0.999866 0.21851 -0.110807 0.103199
FixedParameters: 0 0 0

#Transform 112
Transform: AffineTransform_float_3_3
Parameters: 0.999978 -0.00290491 0.00594681 0.0029871 0.999899 -0.0138425 -0.00590619 0.0138594 0.999886 0.208685 -0.140757 -0.0394716
FixedParameters: 0 0 0

#Transform 113
Transform: AffineTransform_float_3_3
Parameters: 0.999984 -0.00412336 0.00388008 0.00416964 0.999922 -0.01183 -0.00383091 0.011846 0.999922 0.128328 -0.0661842 0.0294427
FixedParameters: 0 0 0

#Transform 114
Transform: AffineTransform_float_3_3
Parameters: 0.999983 -0.00465228 0.00352371 0.00469172 0.999928 -0.0110597 -0.00347228 0.0110763 0.999932 0.109025 -0.0200485 0.0729993
FixedParameters: 0 0 0

#Transform 115
Transform: AffineTransform_float_3_3
Parameters: 0.999945 0.00858998 0.00598468 -0.00843001 0.999619 -0.0262629 -0.00620832 0.0262111 0.999637 0.278411 -0.304928 0.0373912
FixedParameters: 0 0 0

#Transform 116
Transform: AffineTransform_float_3_3
Parameters: 0.99999 -0.00011486 0.00442739 0.000264128 0.999432 -0.0337002 -0.00442061 0.0337008 0.999422 0.132193 -0.241054 -0.127295
FixedParameters: 0 0 0

#Transform 117
Transform: AffineTransform_float_3_3
Parameters: 0.999993 -0.00226395 0.0030519 0.00233105 0.999752 -0.022147 -0.0030011 0.022154 0.99975 0.0986792 -0.123283 -0.0189512
FixedParameters: 0 0 0

#Transform 118
Transform: AffineTransform_float_3_3
Parameters: 0.999986 -0.00370668 0.00363304 0.00377531 0.999812 -0.0189815 -0.00356196 0.0189945 0.999813 0.118619 -0.156376 -0.0984255
FixedParameters: 0 0 0

#Transform 119
Transform: AffineTransform_float_3_3
Parameters: 0.999987 -0.00431613 0.00292063 0.00436688 0.999835 -0.0176415 -0.00284438 0.0176535 0.99984 0.0995283 -0.0910719 -0.0736069
FixedParameters: 0 0 0

#Transform 120
Transform: AffineTransform_float_3_3
Parameters: 0.999986 -0.00464528 0.00260655 0.00468171 0.999888 -0.014263 -0.00253945 0.014275 0.999895 0.0995832 -0.083888 -0.0897875
FixedParameters: 0 0 0

#Transform 121
Transform: AffineTransform_float_3_3
Parameters: 0.999979 -0.00611333 0.00219466 0.00614066 0.999899 -0.0128298 -0.00211535 0.0128432 0.999916 0.10103 -0.0680973 -0.0371486
FixedParameters: 0 0 0

#Transform 122
Transform: AffineTransform_float_3_3
Parameters: 0.999987 -0.00431166 0.00267546 0.00435033 0.99988 -0.0148755 -0.00261055 0.0148864 0.999886 0.0896872 -0.107516 -0.139871
FixedParameters: 0 0 0

#Transform 123
Transform: AffineTransform_float_3_3
Parameters: 0.999988 0.00460666 0.00177426 -0.00458534 0.999923 -0.0114773 -0.00182673 0.0114697 0.999932 0.108608 0.00673288 -0.0585773
FixedParameters: 0 0 0

#Transform 124
Transform: AffineTransform_float_3_3
Parameters: 0.999996 0.002271 0.00171431 -0.00225599 0.999959 -0.0087009 -0.00173469 0.00869709 0.99996 0.0868174 0.0354921 -0.139728
FixedParameters: 0 0 0

#Transform 125
Transform: AffineTransform_float_3_3
Parameters: 0.999997 -0.00053305 0.00237245 0.000560946 0.999931 -0.0117967 -0.00236555 0.0117973 0.999927 0.0757561 0.0552944 -0.218717
FixedParameters: 0 0 0

#Transform 126
Transform: AffineTransform_float_3_3
Parameters: 0.999989 -0.00443236 0.00194665 0.00446865 0.999805 -0.0192385 -0.00186136 0.0192465 0.999813 0.0357211 0.00355434 -0.153318
FixedParameters: 0 0 0

#Transform 127
Transform: AffineTransform_float_3_3
Parameters: 0.999984 -0.00417985 0.00384368 0.00422515 0.999922 -0.011814 -0.00379431 0.0118301 0.999923 -0.0468322 -0.471269 -0.385718
FixedParameters: 0 0 0

#Transform 128
Transform: AffineTransform_float_3_3
Parameters: 0.99994 -0.0107419 -0.00184666 0.0107201 0.999877 -0.0115035 0.00197034 0.0114825 0.999932 -0.135114 0.0515617 0.439769
FixedParameters: 0 0 0

#Transform 129
Transform: AffineTransform_float_3_3
Parameters: 0.999909 -0.0129449 -0.00377361 0.0128861 0.999801 -0.015229 0.00397039 0.015179 0.999877 -0.147434 0.145433 0.381954
FixedParameters: 0 0 0

#Transform 130
Transform: AffineTransform_float_3_3
Parameters: 0.999964 -0.0084059 -0.0011239 0.00838411 0.999799 -0.0182401 0.0012771 0.0182299 0.999833 0.0386117 -0.0855834 0.235005
FixedParameters: 0 0 0

#Transform 131
Transform: AffineTransform_float_3_3
Parameters: 0.99996 -0.00873554 0.00153984 0.00877146 0.999655 -0.0247615 -0.00132315 0.0247745 0.999692 0.0463438 -0.117262 0.263168
FixedParameters: 0 0 0

#Transform 132
Transform: AffineTransform_float_3_3
Parameters: 0.999942 -0.0108149 -0.000216973 0.0108081 0.999721 -0.0209976 0.000444033 0.0209944 0.99978 -0.0307709 -0.0133075 0.261086
FixedParameters: 0 0 0

#Transform 133
Transform: AffineTransform_float_3_3
Parameters: 0.999999 -0.000109361 -0.000875496 8.66265e-05 0.999675 -0.0255001 0.000878495 0.0254999 0.999675 0.0484047 -0.333119 0.0341566
FixedParameters: 0 0 0

#Transform 134
Transform: AffineTransform_float_3_3
Parameters: 0.99993 0.00944569 0.00705856 -0.00897026 0.997869 -0.0646308 -0.00765445 0.0645622 0.997885 0.0633719 -1.08925 -0.0882676
FixedParameters: 0 0 0

#Transform 135
Transform: AffineTransform_float_3_3
Parameters: 0.999996 -0.00230892 0.00153019 0.00236507 0.999285 -0.0377205 -0.00144181 0.0377245 0.999287 0.0172627 -0.239624 0.750441
FixedParameters: 0 0 0

#Transform 136
Transform: AffineTransform_float_3_3
Parameters: 0.999994 -0.000912026 0.00347384 0.000987978 0.999759 -0.0219317 -0.00345316 0.0219353 0.999754 0.109224 0.00218106 0.392466
FixedParameters: 0 0 0

#Transform 137
Transform: AffineTransform_float_3_3
Parameters: 0.999961 -0.00422209 0.0078521 0.0044189 0.999672 -0.0252303 -0.0077429 0.0252647 0.999651 0.076318 -0.435443 -0.578886
FixedParameters: 0 0 0

#Transform 138
Transform: AffineTransform_float_3_3
Parameters: 0.999953 -0.00765309 0.00591806 0.00778891 0.999699 -0.023294 -0.00573795 0.023339 0.999711 0.063396 -0.179896 -0.400461
FixedParameters: 0 0 0

#Transform 139
Transform: AffineTransform_float_3_3
Parameters: 0.999968 -0.00658647 0.00457381 0.00669053 0.999713 -0.0230011 -0.00442118 0.0230309 0.999725 0.0685405 -0.146053 -0.594084
FixedParameters: 0 0 0

#Transform 140
Transform: AffineTransform_float_3_3
Parameters: 0.999945 0.00504556 0.00912915 -0.00498143 0.999964 -0.00697186 -0.00916484 0.00692614 0.999934 0.0813257 -0.278612 -0.672896
FixedParameters: 0 0 0

#Transform 141
Transform: AffineTransform_float_3_3
Parameters: 0.999988 0.00220448 0.004271 -0.00218552 0.999987 -0.00456039 -0.004281 0.00455162 0.999981 0.0444937 -0.0465823 -0.402048
FixedParameters: 0 0 0

#Transform 142
Transform: AffineTransform_float_3_3
Parameters: 0.999974 -0.00277196 0.00672614 0.00288604 0.999851 -0.017005 -0.00667786 0.017024 0.999833 0.0535618 -0.131728 -0.632707
FixedParameters: 0 0 0

#Transform 143
Transform: AffineTransform_float_3_3
Parameters: 0.99997 -0.00619514 0.00467942 0.00626887 0.999854 -0.0159372 -0.00458058 0.0159659 0.999862 0.0431739 -0.122142 -0.767322
FixedParameters: 0 0 0

#Transform 144
Transform: AffineTransform_float_3_3
Parameters: 0.999959 -0.00788748 0.00428883 0.0079525 0.999852 -0.0152395 -0.00416715 0.0152735 0.999874 0.0110794 -0.13163 -0.773237
FixedParameters: 0 0 0

#Transform 145
Transform: AffineTransform_float_3_3
Parameters: 0.999956 -0.00880336 0.00324221 0.00884664 0.999872 -0.0133809 -0.00312378 0.0134091 0.999905 -0.00926311 -0.0772488 -0.746953
FixedParameters: 0 0 0

#Transform 146
Transform: AffineTransform_float_3_3
Parameters: 0.999967 -0.00811611 0.000757494 0.0081279 0.999818 -0.0172934 -0.000617503 0.0172996 0.99985 -0.0953303 -0.18041 -0.931121
FixedParameters: 0 0 0

#Transform 147
Transform: AffineTransform_float_3_3
Parameters: 0.999986 0.0022982 0.00478081 -0.00209079 0.999077 -0.0429026 -0.00487518 0.0428924 0.999068 0.0909318 -0.725216 -0.992513
FixedParameters: 0 0 0

#Transform 148
Transform: AffineTransform_float_3_3
Parameters: 0.999972 -0.00534731 0.00533732 0.00552773 0.999399 -0.0342415 -0.00515167 0.0342695 0.9994 0.0153525 -0.478462 -1.02705
FixedParameters: 0 0 0

#Transform 149
Transform: AffineTransform_float_3_3
Parameters: 0.999973 -0.00563481 0.00468121 0.00577921 0.999491 -0.0313818 -0.00450278 0.0314082 0.999496 0.0229648 -0.385518 -0.884037
FixedParameters: 0 0 0

#Transform 150
Transform: AffineTransform_float_3_3
Parameters: 0.999971 -0.00433904 0.00635014 0.00452496 0.999552 -0.0295691 -0.00621886 0.0295968 0.999542 0.0526857 -0.54835 -1.31302
FixedParameters: 0 0 0

#Transform 151
Transform: AffineTransform_float_3_3
Parameters: 0.999975 -0.00630452 0.00318387 0.00637848 0.9997 -0.0236203 -0.00303412 0.0236397 0.999716 -0.0240699 -0.167633 -0.714234
FixedParameters: 0 0 0

#Transform 152
Transform: AffineTransform_float_3_3
Parameters: 0.999966 -0.00730697 0.00380131 0.00739702 0.999679 -0.0242357 -0.00362269 0.0242633 0.999699 0.000483702 -0.119057 -0.792628
FixedParameters: 0 0 0

#Transform 153
Transform: AffineTransform_float_3_3
Parameters: 0.999968 0.00259691 0.0076547 -0.00230712 0.999288 -0.0376419 -0.00774631 0.0376231 0.999262 0.14132 -0.64981 -1.17689
FixedParameters: 0 0 0

#Transform 154
Transform: AffineTransform_float_3_3
Parameters: 0.999971 -0.00521473 0.00565272 0.00547624 0.998869 -0.0472354 -0.00539928 0.0472645 0.998868 0.0186364 -0.515358 -0.838253
FixedParameters: 0 0 0

#Transform 155
Transform: AffineTransform_float_3_3
Parameters: 0.999972 0.00346799 0.00661018 -0.00339101 0.999926 -0.0116227 -0.00664982 0.0116003 0.99991 0.111783 -0.26876 -0.704152
FixedParameters: 0 0 0

#Transform 156
Transform: AffineTransform_float_3_3
Parameters: 0.999982 0.000520092 0.00586474 -0.000456906 0.999942 -0.0107539 -0.00587025 0.0107511 0.999925 0.0691949 -0.296609 -1.07284
FixedParameters: 0 0 0

#Transform 157
Transform: AffineTransform_float_3_3
Parameters: 0.999985 -0.00282121 0.00472265 0.00286677 0.999948 -0.0097156 -0.00469435 0.00972938 0.999941 0.0576699 -0.232979 -0.915147
FixedParameters: 0 0 0

#Transform 158
Transform: AffineTransform_float_3_3
Parameters: 0.999995 0.00295224 -0.000189442 -0.00295778 0.998768 -0.0495246 4.35683e-05 0.0495253 0.998773 -0.0150751 -0.826325 -1.11196
FixedParameters: 0 0 0

#Transform 159
Transform: AffineTransform_float_3_3
Parameters: 0.999997 -0.00207068 0.00119494 0.00211828 0.999117 -0.0419606 -0.00110609 0.0419634 0.999118 -0.0194445 -0.478443 -0.978035
FixedParameters: 0 0 0

#Transform 160
Transform: AffineTransform_float_3_3
Parameters: 0.999985 -0.00461008 0.00287363 0.00471094 0.999335 -0.036163 -0.00270538 0.036176 0.999342 0.0102278 -0.597289 -1.17771
FixedParameters: 0 0 0

#Transform 161
Transform: AffineTransform_float_3_3
Parameters: 0.999975 -0.00605956 0.00363811 0.00616346 0.999556 -0.0291263 -0.00346088 0.0291487 0.999569 0.0218815 -0.397952 -0.902413
FixedParameters: 0 0 0

#Transform 162
Transform: AffineTransform_float_3_3
Parameters: 0.999967 -0.00689031 0.00440672 0.00700472 0.999623 -0.026566 -0.0042223 0.026596 0.999638 0.00832461 -0.279388 -0.962468
FixedParameters: 0 0 0

#Transform 163
Transform: AffineTransform_float_3_3
Parameters: 0.999971 -0.00667545 0.00367035 0.00677157 0.999613 -0.0269549 -0.00348966 0.0269791 0.99963 0.0397546 -0.269558 -0.951849
FixedParameters: 0 0 0

#Transform 164
Transform: AffineTransform_float_3_3
Parameters: 0.999993 -0.000680669 0.00370296 0.000861334 0.998789 -0.0491901 -0.00366506 0.0491928 0.998782 0.071873 -0.724862 -1.2607
FixedParameters: 0 0 0

#Transform 165
Transform: AffineTransform_float_3_3
Parameters: 0.999975 -0.00617377 0.00343079 0.00629723 0.99929 -0.0371503 -0.00319919 0.0371717 0.999304 0.0450553 -0.635184 -1.21353
FixedParameters: 0 0 0

#Transform 166
Transform: AffineTransform_float_3_3
Parameters: 0.999987 0.00250607 0.00446889 -0.00237092 0.999547 -0.029979 -0.00454211 0.029968 0.999541 -0.0160774 -0.962825 -0.927026
FixedParameters: 0 0 0

#Transform 167
Transform: AffineTransform_float_3_3
Parameters: 0.999989 -0.00460428 0.000845826 0.00462473 0.999641 -0.0263934 -0.000724183 0.0263966 0.999652 -0.0474628 -0.272719 -0.658607
FixedParameters: 0 0 0

#Transform 168
Transform: AffineTransform_float_3_3
Parameters: 0.999968 0.00395692 0.00687328 -0.00388008 0.99993 -0.011169 -0.00691671 0.011142 0.999914 0.151127 -0.106196 -0.546895
FixedParameters: 0 0 0

#Transform 169
Transform: AffineTransform_float_3_3
Parameters: 0.999955 0.0056068 0.00756023 -0.0056542 0.999964 0.00623653 -0.00752476 -0.00627847 0.999952 0.137908 -0.0592282 -0.58084
FixedParameters: 0 0 0

#Transform 170
Transform: AffineTransform_float_3_3
Parameters: 0.999988 -0.000829212 0.00497941 0.00104777 0.999026 -0.0440973 -0.0049376 0.0441026 0.999015 0.0268116 -0.854625 -1.40618
FixedParameters: 0 0 0

#Transform 171
Transform: AffineTransform_float_3_3
Parameters: 0.999978 -0.00359277 0.00567965 0.00376221 0.99954 -0.0300713 -0.00556835 0.0300917 0.999531 0.0415408 -0.357568 -1.0158
FixedParameters: 0 0 0

#Transform 172
Transform: AffineTransform_float_3_3
Parameters: 0.999975 -0.00319234 0.00631737 0.00331164 0.999816 -0.0188615 -0.00625562 0.0188824 0.999802 0.072808 -0.277512 -0.769485
FixedParameters: 0 0 0

#Transform 173
Transform: AffineTransform_float_3_3
Parameters: 0.99997 -0.00461882 0.00625343 0.00473119 0.999826 -0.018044 -0.00616956 0.018073 0.999817 0.100535 -0.14935 -0.740249
FixedParameters: 0 0 0

#Transform 174
Transform: AffineTransform_float_3_3
Parameters: 0.999962 -0.00102562 0.0086668 0.00121639 0.999755 -0.0221063 -0.00864222 0.0221157 0.999718 0.19121 -0.316019 -1.1154
FixedParameters: 0 0 0

#Transform 175
Transform: AffineTransform_float_3_3
Parameters: 0.999949 -0.00265126 0.00973526 0.00286074 0.999765 -0.0214912 -0.00967572 0.0215177 0.999721 0.147758 -0.34353 -0.697778
FixedParameters: 0 0 0

#Transform 176
Transform: AffineTransform_float_3_3
Parameters: 0.999971 -0.00384642 0.00655206 0.00394158 0.999885 -0.0146376 -0.00649495 0.0146634 0.999872 0.107299 -0.136943 -0.582405
FixedParameters: 0 0 0

#Transform 177
Transform: AffineTransform_float_3_3
Parameters: 0.999991 0.00359061 0.00256377 -0.00355239 0.999882 -0.0149082 -0.00261723 0.0148987 0.999885 0.0357861 -0.53321 -1.01551
FixedParameters: 0 0 0

#Transform 178
Transform: AffineTransform_float_3_3
Parameters: 0.999998 0.00187086 0.000554447 -0.00184316 0.998912 -0.0465861 -0.00064056 0.0465849 0.998914 0.0262446 -1.18356 -1.78991
FixedParameters: 0 0 0

#Transform 179
Transform: AffineTransform_float_3_3
Parameters: 0.999998 -0.00113448 0.00116786 0.00117752 0.999312 -0.0370757 -0.00112511 0.0370773 0.999312 0.00994498 -0.462967 -1.21098
FixedParameters: 0 0 0
