#Insight Transform File V1.0
#Transform 0
Transform: AffineTransform_float_3_3
Parameters: 1 -0.000398144 0.000531144 0.000396856 0.999997 0.00215221 -0.000531855 -0.00215179 0.999997 0.0111735 -0.0408179 0.0256843
FixedParameters: 0 0 0

#Transform 1
Transform: AffineTransform_float_3_3
Parameters: 1 -0.000406099 0.000569217 0.000404902 0.999998 0.00192923 -0.000569782 -0.00192877 0.999998 0.0106081 -0.0480481 0.00924586
FixedParameters: 0 0 0

#Transform 2
Transform: AffineTransform_float_3_3
Parameters: 0.999999 -0.000407328 0.000688215 0.00040567 0.999998 0.00192928 -0.000689783 -0.00192872 0.999998 0.00143616 -0.0365859 -0.0233047
FixedParameters: 0 0 0

#Transform 3
Transform: AffineTransform_float_3_3
Parameters: 1 -5.63516e-05 0.000264925 5.56483e-05 0.999999 0.00132702 -0.000265074 -0.00132699 0.999999 -0.00339136 -0.0455423 -0.0856353
FixedParameters: 0 0 0

#Transform 4
Transform: AffineTransform_float_3_3
Parameters: 1 -6.81153e-05 7.6898e-05 6.78846e-05 0.999999 0.001498 -7.71018e-05 -0.00149799 0.999999 -0.000904309 -0.0616378 -0.042346
FixedParameters: 0 0 0

#Transform 5
Transform: AffineTransform_float_3_3
Parameters: 1 -0.000392062 0.000109777 0.000391937 1 0.000569043 -0.000110223 -0.000568957 1 -0.000915108 -0.0359787 -0.051413
FixedParameters: 0 0 0

#Transform 6
Transform: AffineTransform_float_3_3
Parameters: 1 -0.000356187 0.000269753 0.000355814 0.999999 0.000692096 -0.000269246 -0.000691904 0.999999 -0.00294701 -0.0375153 -0.0175949
FixedParameters: 0 0 0

#Transform 7
Transform: AffineTransform_float_3_3
Parameters: 1 -0.000427305 0.000337614 0.000426695 1 0.000902144 -0.000338385 -0.000901856 0.999999 -0.00381176 -0.0106931 -0.0172888
FixedParameters: 0 0 0

#Transform 8
Transform: AffineTransform_float_3_3
Parameters: 1 -0.00042726 0.00026358 0.00042674 1 0.000984113 -0.00026442 -0.000983888 1 -0.00287704 -0.0244997 -0.0287726
FixedParameters: 0 0 0

#Transform 9
Transform: AffineTransform_float_3_3
Parameters: 1 -0.000597049 5.64889e-05 0.000596952 1 0.000856034 -5.6511e-05 -0.000855966 0.999999 4.54366e-05 -0.0347725 -0.066487
FixedParameters: 0 0 0

#Transform 10
Transform: AffineTransform_float_3_3
Parameters: 1 -0.000427144 0.000239744 0.000426856 0.999999 0.000600102 -0.000239256 -0.000599898 1 -0.0024717 -0.0242222 -0.0177919
FixedParameters: 0 0 0

#Transform 11
Transform: AffineTransform_float_3_3
Parameters: 1 -0.000427012 7.29278e-05 0.000426988 1 0.000169031 -7.30721e-05 -0.000168969 1 -0.000337412 -0.0297701 -0.0160972
FixedParameters: 0 0 0

#Transform 12
Transform: AffineTransform_float_3_3
Parameters: 1 -0.000427048 0.000107811 0.000426952 1 0.000443046 -0.000108189 -0.000442954 1 0.00455177 -0.0333322 0.00548912
FixedParameters: 0 0 0

#Transform 13
Transform: AffineTransform_float_3_3
Parameters: 1 -0.00042704 0.000238928 0.000426959 1 0.000169102 -0.000239072 -0.000168898 1 -0.00249757 -0.0297696 0.010077
FixedParameters: 0 0 0

#Transform 14
Transform: AffineTransform_float_3_3
Parameters: 1 -0.00042702 -0.000145942 0.00042698 1 -0.000135062 0.000146058 0.000134938 1 -0.00346111 -0.0257845 -0.0162922
FixedParameters: 0 0 0

#Transform 15
Transform: AffineTransform_float_3_3
Parameters: 1 -0.000427011 0.000183973 0.000426988 1 6.30786e-05 -0.000184027 -6.29214e-05 1 -0.00176292 -0.0162483 -0.0274466
FixedParameters: 0 0 0

#Transform 16
Transform: AffineTransform_float_3_3
Parameters: 1 -3.30477e-05 0.000183991 3.29523e-05 1 0.000259006 -0.000184009 -0.000258994 1 -0.00233211 -0.0238271 -0.0154217
FixedParameters: 0 0 0

#Transform 17
Transform: AffineTransform_float_3_3
Parameters: 1 -9.10311e-05 0.000183985 9.09689e-05 1 0.000169017 -0.000184015 -0.000168983 1 -0.00228579 -0.0294704 -0.025918
FixedParameters: 0 0 0

#Transform 18
Transform: AffineTransform_float_3_3
Parameters: 1 -0.000131996 -2.30223e-05 0.000132004 1 0.000168997 2.29777e-05 -0.000169003 1 0.000481057 -0.0294627 -0.0444906
FixedParameters: 0 0 0

#Transform 19
Transform: AffineTransform_float_3_3
Parameters: 1 -0.000426987 -5.21076e-05 0.000427013 1 0.000251978 5.18928e-05 -0.000251022 1 0.00129008 0.00175864 -0.0131078
FixedParameters: 0 0 0

#Transform 20
Transform: AffineTransform_float_3_3
Parameters: 1 -2.49937e-05 -9.10017e-05 2.40063e-05 1 6.89978e-05 9.09983e-05 -6.90023e-05 1 0.0012769 0.0044317 0.00173518
FixedParameters: 0 0 0

#Transform 21
Transform: AffineTransform_float_3_3
Parameters: 1 -7.69999e-05 -1.50004e-05 7.70001e-05 1 4.99884e-06 1.49996e-05 -5.00115e-06 1 -0.00723585 -0.00941475 -0.052425
FixedParameters: 0 0 0

#Transform 22
Transform: AffineTransform_float_3_3
Parameters: 1 4.99865e-05 8.00084e-05 -5.00135e-05 1 0.000168996 -7.99915e-05 -0.000169004 1 -0.0011502 0.00323567 -0.0510686
FixedParameters: 0 0 0

#Transform 23
Transform: AffineTransform_float_3_3
Parameters: 1 6.49288e-05 -5.5084e-05 -6.50711e-05 0.999999 -0.001293 5.49159e-05 0.001293 0.999999 0.00727171 0.010027 0.0144326
FixedParameters: 0 0 0

#Transform 24
Transform: AffineTransform_float_3_3
Parameters: 1 0.000194169 0.000183822 -0.000193832 0.999999 -0.000919035 -0.000183178 0.000918964 0.999999 -0.00267746 -0.0105161 -0.00825845
FixedParameters: 0 0 0

#Transform 25
Transform: AffineTransform_float_3_3
Parameters: 1 0.000283182 0.00018372 -0.000283819 1 -0.000988052 -0.00018328 0.000987948 0.999999 -0.0028073 0.00344977 0.0119995
FixedParameters: 0 0 0

#Transform 26
Transform: AffineTransform_float_3_3
Parameters: 1 0.000212859 -0.000144209 -0.000213141 0.999999 -0.000979968 0.000143791 0.00098003 0.999999 0.00148456 0.00205179 0.00804328
FixedParameters: 0 0 0

#Transform 27
Transform: AffineTransform_float_3_3
Parameters: 1 0.000131709 -0.000235163 -0.000132292 0.999999 -0.00123797 0.000235836 0.00123803 0.999999 0.00289209 -0.00295876 0.00972687
FixedParameters: 0 0 0

#Transform 28
Transform: AffineTransform_float_3_3
Parameters: 1 0.00018917 0.000183825 -0.000189831 0.999999 -0.000924034 -0.000183175 0.000923965 0.999999 -0.00474678 -0.00198448 -0.000670863
FixedParameters: 0 0 0

#Transform 29
Transform: AffineTransform_float_3_3
Parameters: 1 0.000239841 -0.000139274 -0.000240158 1 -0.00113997 0.000138726 0.00114003 1 -0.00414041 0.00109345 0.0170614
FixedParameters: 0 0 0

#Transform 30
Transform: AffineTransform_float_3_3
Parameters: 0.999999 0.000488485 -0.000533472 -0.000488514 1 -0.00096474 0.000532529 0.000965261 1 0.0234568 -0.00576241 0.0351931
FixedParameters: 0 0 0

#Transform 31
Transform: AffineTransform_float_3_3
Parameters: 0.999999 0.000422326 -0.000652437 -0.000422675 1 -0.00103373 0.000652564 0.00103328 1 0.0253338 -0.025398 0.0166823
FixedParameters: 0 0 0

#Transform 32
Transform: AffineTransform_float_3_3
Parameters: 0.999999 0.000259966 -0.000691389 -0.000261033 0.999999 -0.00149582 0.00069061 0.00149618 0.999998 0.0242762 -0.0126938 0.0321778
FixedParameters: 0 0 0

#Transform 33
Transform: AffineTransform_float_3_3
Parameters: 1 0.000222317 -0.000456333 -0.000222682 0.999999 -0.0014959 0.000455667 0.0014961 0.999999 0.0183131 -0.0127395 0.032372
FixedParameters: 0 0 0

#Transform 34
Transform: AffineTransform_float_3_3
Parameters: 1 0.000338516 -0.000323507 -0.000338483 0.999999 -0.00149589 0.000322494 0.00149611 0.999999 0.011732 0.00422424 0.0175184
FixedParameters: 0 0 0

#Transform 35
Transform: AffineTransform_float_3_3
Parameters: 0.999999 0.00019904 -0.000691277 -0.00019996 0.999999 -0.00138886 0.000690723 0.00138914 0.999999 0.0206285 -0.0216704 0.0156902
FixedParameters: 0 0 0

#Transform 36
Transform: AffineTransform_float_3_3
Parameters: 1 0.000132135 -0.000691166 -0.000132864 0.999999 -0.00125091 0.000690834 0.00125109 0.999999 0.0211067 -0.0048727 0.0149778
FixedParameters: 0 0 0

#Transform 37
Transform: AffineTransform_float_3_3
Parameters: 1 0.000211796 -0.000239181 -0.000212204 0.999999 -0.000853949 0.000238819 0.00085405 0.999999 0.00278652 -0.0126518 0.0336309
FixedParameters: 0 0 0

#Transform 38
Transform: AffineTransform_float_3_3
Parameters: 1 0.000360985 -3.81375e-05 -0.000361014 1 -0.000380986 3.78624e-05 0.000381014 1 -0.00220516 -0.00725661 0.0507681
FixedParameters: 0 0 0

#Transform 39
Transform: AffineTransform_float_3_3
Parameters: 0.999999 0.0006981 0.000179612 -0.0006979 0.999999 -0.000556125 -0.000179388 0.000555875 1 -0.00343635 -0.00455555 0.0345546
FixedParameters: 0 0 0

#Transform 40
Transform: AffineTransform_float_3_3
Parameters: 1 0.0002731 0.000179848 -0.0002729 1 -0.000556049 -0.000180152 0.000555951 1 0.00818426 0.0181612 0.0344705
FixedParameters: 0 0 0

#Transform 41
Transform: AffineTransform_float_3_3
Parameters: 1 0.000273082 0.000179876 -0.000272918 1 -0.000455049 -0.000180124 0.000454951 1 0.0110615 0.00425889 0.0126617
FixedParameters: 0 0 0

#Transform 42
Transform: AffineTransform_float_3_3
Parameters: 1 0.000170038 5.08721e-05 -0.000169962 0.999999 -0.000752008 -5.11278e-05 0.000751991 0.999999 -0.000983048 -0.0444835 -0.0580825
FixedParameters: 0 0 0

#Transform 43
Transform: AffineTransform_float_3_3
Parameters: 1 0.000273155 0.000179764 -0.000272844 0.999999 -0.000864048 -0.000180236 0.00086395 0.999999 -0.00280466 -0.0228335 -0.0251366
FixedParameters: 0 0 0

#Transform 44
Transform: AffineTransform_float_3_3
Parameters: 1 0.000162165 0.000179851 -0.000161835 0.999999 -0.000916028 -0.000180148 0.00091597 0.999999 0.00996679 -0.0114449 -0.0087109
FixedParameters: 0 0 0

#Transform 45
Transform: AffineTransform_float_3_3
Parameters: 1 0.000273146 0.000179778 -0.000272853 0.999999 -0.000813049 -0.000180222 0.00081295 0.999999 0.020516 -0.0126882 0.0295883
FixedParameters: 0 0 0

#Transform 46
Transform: AffineTransform_float_3_3
Parameters: 1 7.61001e-05 0.000179958 -7.58999e-05 1 -0.000556013 -0.000180042 0.000555986 1 0.019571 -0.0240885 0.0478369
FixedParameters: 0 0 0

#Transform 47
Transform: AffineTransform_float_3_3
Parameters: 1 0.000108218 0.00026191 -0.000107782 0.999999 -0.000832028 -0.00026209 0.000831971 0.999999 0.00277482 -0.0244116 0.0506183
FixedParameters: 0 0 0

#Transform 48
Transform: AffineTransform_float_3_3
Parameters: 1 0.000273144 0.000179782 -0.000272856 0.999999 -0.000799049 -0.000180218 0.00079895 0.999999 0.0132029 -0.0149562 0.0548503
FixedParameters: 0 0 0

#Transform 49
Transform: AffineTransform_float_3_3
Parameters: 1 0.000273175 0.000179734 -0.000272825 1 -0.000974049 -0.000180266 0.000973951 0.999999 0.0100391 -0.00470707 0.0180196
FixedParameters: 0 0 0

#Transform 50
Transform: AffineTransform_float_3_3
Parameters: 1 0.000273156 0.000179762 -0.000272843 0.999999 -0.000870048 -0.000180237 0.00086995 0.999999 0.0158567 -0.00635437 0.00179207
FixedParameters: 0 0 0

#Transform 51
Transform: AffineTransform_float_3_3
Parameters: 1 0.0002732 0.000179697 -0.0002728 1 -0.00111105 -0.000180303 0.00111095 1 0.0199116 -0.0109344 0.0192315
FixedParameters: 0 0 0

#Transform 52
Transform: AffineTransform_float_3_3
Parameters: 1 0.000273493 0.000540751 -0.000273507 0.999999 -0.000912148 -0.00054025 0.000911852 1 0.0175821 -0.00208536 0.0417728
FixedParameters: 0 0 0

#Transform 53
Transform: AffineTransform_float_3_3
Parameters: 0.999999 0.000273732 0.000749733 -0.000273268 0.999999 -0.000976205 -0.000750267 0.000976795 0.999999 0.0148 -0.00570004 0.0360886
FixedParameters: 0 0 0

#Transform 54
Transform: AffineTransform_float_3_3
Parameters: 0.999999 0.000273881 0.000849716 -0.000273118 1 -0.00103723 -0.000850283 0.00103677 0.999999 0.0135241 -0.00446932 0.0643592
FixedParameters: 0 0 0

#Transform 55
Transform: AffineTransform_float_3_3
Parameters: 0.999999 0.00027384 0.000916749 -0.000273159 0.999999 -0.000917251 -0.000917251 0.000916749 0.999999 0.0275485 -0.00202898 0.0549915
FixedParameters: 0 0 0

#Transform 56
Transform: AffineTransform_float_3_3
Parameters: 0.999999 0.000273829 0.000849733 -0.000273171 1 -0.000975233 -0.000850267 0.000974768 0.999999 0.0346705 0.0039995 0.0785953
FixedParameters: 0 0 0

#Transform 57
Transform: AffineTransform_float_3_3
Parameters: 1 0.000273951 0.00112877 -0.000273049 0.999999 -0.000842308 -0.00112923 0.000842691 0.999999 0.034197 0.0122359 0.0939597
FixedParameters: 0 0 0

#Transform 58
Transform: AffineTransform_float_3_3
Parameters: 0.999999 0.000412822 0.0008496 -0.000412177 1 -0.000968351 -0.000850399 0.00096765 0.999999 0.0347481 -0.0102415 0.0935251
FixedParameters: 0 0 0

#Transform 59
Transform: AffineTransform_float_3_3
Parameters: 0.999999 0.000273775 0.000938774 -0.000273225 0.999999 -0.000826257 -0.000938226 0.000825743 0.999999 0.0366365 -0.000805138 0.115033
FixedParameters: 0 0 0

#Transform 60
Transform: AffineTransform_float_3_3
Parameters: 0.999999 0.000332826 0.000849677 -0.000332174 1 -0.000972283 -0.000850323 0.000971718 0.999999 0.0376698 0.0138549 0.0935439
FixedParameters: 0 0 0

#Transform 61
Transform: AffineTransform_float_3_3
Parameters: 0.999999 0.000378751 0.000849665 -0.000378248 0.999999 -0.000884322 -0.000850334 0.000883678 0.999999 0.0305681 0.0128297 0.0936878
FixedParameters: 0 0 0

#Transform 62
Transform: AffineTransform_float_3_3
Parameters: 1 0.000273454 0.000577785 -0.000272545 0.999999 -0.000786157 -0.000578214 0.000785841 0.999999 0.02387 -0.0219588 0.0385508
FixedParameters: 0 0 0

#Transform 63
Transform: AffineTransform_float_3_3
Parameters: 1 0.000273346 0.00052582 -0.000272653 0.999999 -0.000659143 -0.000526179 0.000658856 0.999999 0.0419758 -0.0119991 0.0278955
FixedParameters: 0 0 0

#Transform 64
Transform: AffineTransform_float_3_3
Parameters: 0.999999 0.000482628 0.000614507 -0.000482372 1 -0.0010213 -0.000615493 0.0010207 1 0.0405437 0.00375793 0.0420649
FixedParameters: 0 0 0

#Transform 65
Transform: AffineTransform_float_3_3
Parameters: 0.999999 0.000535299 0.000537702 -0.0005357 0.999999 -0.000556288 -0.000538298 0.000555712 0.999999 0.0414697 -0.0112693 0.0195904
FixedParameters: 0 0 0

#Transform 66
Transform: AffineTransform_float_3_3
Parameters: 1 0.000401198 0.000355777 -0.000400802 1 -0.000556142 -0.000356223 0.000555857 1 0.0356986 -0.0199266 -0.0557453
FixedParameters: 0 0 0

#Transform 67
Transform: AffineTransform_float_3_3
Parameters: 0.999999 0.000633236 0.000581742 -0.000632763 0.999999 -0.000407368 -0.000582257 0.000406631 0.999999 0.0240841 -0.0216095 -0.0552624
FixedParameters: 0 0 0

#Transform 68
Transform: AffineTransform_float_3_3
Parameters: 1 0.000115108 0.000451972 -0.000114891 1 -0.000240052 -0.000452027 0.000239948 1 -0.000813995 -0.171969 -0.214334
FixedParameters: 0 0 0

#Transform 69
Transform: AffineTransform_float_3_3
Parameters: 1 0.000273673 0.00102182 -0.000273326 0.999999 -0.00065928 -0.00102218 0.000658721 1 0.0173126 -0.0130005 -0.0957717
FixedParameters: 0 0 0

#Transform 70
Transform: AffineTransform_float_3_3
Parameters: 0.999999 -0.000118323 0.00149805 0.000118677 1 -0.000451823 -0.00149795 0.000452178 0.999999 0.0165966 0.0475643 -0.0291692
FixedParameters: 0 0 0

#Transform 71
Transform: AffineTransform_float_3_3
Parameters: 0.999999 1.58295e-05 0.00157999 -1.41705e-05 1 -0.000525023 -0.00158001 0.000524975 0.999998 0.0150741 0.0499222 -0.0881197
FixedParameters: 0 0 0

#Transform 72
Transform: AffineTransform_float_3_3
Parameters: 1 -1.01828e-06 0.001215 1.98172e-06 0.999999 -0.000807998 -0.001215 0.000808002 0.999999 0.00573632 0.0219636 -0.0868278
FixedParameters: 0 0 0

#Transform 73
Transform: AffineTransform_float_3_3
Parameters: 0.999999 7.89089e-05 0.000812912 -7.8091e-05 1 -0.00111806 -0.000813088 0.00111794 0.999999 0.0141237 0.0286079 -0.070789
FixedParameters: 0 0 0

#Transform 74
Transform: AffineTransform_float_3_3
Parameters: 0.999999 2.42121e-05 0.000925968 -2.27878e-05 0.999999 -0.00130902 -0.00092603 0.00130898 0.999998 0.0049131 0.0335846 -0.0868336
FixedParameters: 0 0 0

#Transform 75
Transform: AffineTransform_float_3_3
Parameters: 1 0.000274326 0.00101264 -0.000272675 0.999999 -0.00130928 -0.00101236 0.00130872 0.999998 0.00729461 -0.0170859 -0.0785345
FixedParameters: 0 0 0

#Transform 76
Transform: AffineTransform_float_3_3
Parameters: 1 0.000274601 0.000981554 -0.000273398 0.999998 -0.00163127 -0.000982448 0.00163073 0.999998 0.0124904 -0.00438026 -0.114041
FixedParameters: 0 0 0

#Transform 77
Transform: AffineTransform_float_3_3
Parameters: 1 0.000274264 0.000965642 -0.000272735 0.999999 -0.00130926 -0.000966358 0.00130874 0.999998 0.0128282 0.0220001 -0.0888154
FixedParameters: 0 0 0

#Transform 78
Transform: AffineTransform_float_3_3
Parameters: 0.999999 0.000273895 0.000758677 -0.000273106 1 -0.00117921 -0.000758323 0.00117979 0.999999 0.0144803 -0.00535799 -0.081634
FixedParameters: 0 0 0

#Transform 79
Transform: AffineTransform_float_3_3
Parameters: 0.999999 0.000273814 0.000907755 -0.000273186 0.999999 -0.000896248 -0.000908245 0.000896751 0.999999 0.0126205 -0.0309896 -0.0699551
FixedParameters: 0 0 0

#Transform 80
Transform: AffineTransform_float_3_3
Parameters: 1 0.000274334 0.000907598 -0.000272666 0.999999 -0.00146925 -0.000908402 0.00146875 0.999998 0.0236393 -0.0016019 -0.027969
FixedParameters: 0 0 0

#Transform 81
Transform: AffineTransform_float_3_3
Parameters: 1 0.000435691 0.00052743 -0.00043531 0.999999 -0.00130923 -0.00052757 0.00130877 0.999999 0.028339 -0.00355408 -0.0546883
FixedParameters: 0 0 0

#Transform 82
Transform: AffineTransform_float_3_3
Parameters: 0.999999 0.000433096 0.000778391 -0.000431905 0.999999 -0.00140734 -0.000778608 0.00140766 0.999998 0.025017 0.0211785 -0.0716726
FixedParameters: 0 0 0

#Transform 83
Transform: AffineTransform_float_3_3
Parameters: 1 0.000273829 0.000567601 -0.00027317 0.999999 -0.00146015 -0.000568399 0.00146084 0.999999 0.0216315 0.021632 -0.0809994
FixedParameters: 0 0 0

#Transform 84
Transform: AffineTransform_float_3_3
Parameters: 1 0.00027339 0.000240557 -0.000272611 0.999998 -0.00162006 -0.000240442 0.00161993 0.999998 0.0149564 0.0119437 -0.114312
FixedParameters: 0 0 0

#Transform 85
Transform: AffineTransform_float_3_3
Parameters: 1 0.000273886 0.000533546 -0.000273113 0.999998 -0.00166014 -0.000534454 0.00165985 0.999998 -0.00391389 0.0156243 -0.108285
FixedParameters: 0 0 0

#Transform 86
Transform: AffineTransform_float_3_3
Parameters: 1 0.000273667 0.000533658 -0.000273332 0.999999 -0.00125015 -0.000534342 0.00124985 0.999999 0.0107122 -0.0028239 -0.0967979
FixedParameters: 0 0 0

#Transform 87
Transform: AffineTransform_float_3_3
Parameters: 1 0.000273699 0.000533642 -0.000273301 0.999999 -0.00130915 -0.000534358 0.00130885 0.999999 0.0121564 -0.00430323 -0.0900057
FixedParameters: 0 0 0

#Transform 88
Transform: AffineTransform_float_3_3
Parameters: 1 0.000273998 0.000533489 -0.000273001 0.999998 -0.00186915 -0.000534511 0.00186885 0.999998 0.0137497 0.0135716 -0.0742849
FixedParameters: 0 0 0

#Transform 89
Transform: AffineTransform_float_3_3
Parameters: 0.999999 0.000273981 0.000657592 -0.000273018 0.999999 -0.00149118 -0.000658408 0.00149182 0.999998 0.0130453 -0.00409799 -0.0490592
FixedParameters: 0 0 0

#Transform 90
Transform: AffineTransform_float_3_3
Parameters: 1 0.000273907 0.000587577 -0.000273092 0.999999 -0.00154416 -0.000588422 0.00154384 0.999998 0.0154328 0.00574459 -0.0282793
FixedParameters: 0 0 0

#Transform 91
Transform: AffineTransform_float_3_3
Parameters: 1 0.000273718 0.000376479 -0.000273283 0.999998 -0.0019061 -0.000376522 0.0019069 0.999998 0.00952995 0.0274282 -0.156887
FixedParameters: 0 0 0

#Transform 92
Transform: AffineTransform_float_3_3
Parameters: 1 0.000273726 0.000533628 -0.000273273 0.999999 -0.00136115 -0.000534372 0.00136085 0.999999 0.0283871 0.00934856 -0.0620352
FixedParameters: 0 0 0

#Transform 93
Transform: AffineTransform_float_3_3
Parameters: 1 0.000273885 0.000533546 -0.000273114 0.999998 -0.00165914 -0.000534453 0.00165885 0.999998 0.0283753 0.00474 -0.0761971
FixedParameters: 0 0 0

#Transform 94
Transform: AffineTransform_float_3_3
Parameters: 1 0.000273895 0.000533541 -0.000273103 0.999998 -0.00167815 -0.000534459 0.00167785 0.999999 0.0283878 0.01278 -0.0624306
FixedParameters: 0 0 0

#Transform 95
Transform: AffineTransform_float_3_3
Parameters: 1 0.000273798 0.000533591 -0.000273201 0.999999 -0.00149615 -0.000534409 0.00149585 0.999998 0.0283952 0.0218306 -0.0531469
FixedParameters: 0 0 0

#Transform 96
Transform: AffineTransform_float_3_3
Parameters: 1 0.000273728 0.000533627 -0.000273271 0.999999 -0.00136415 -0.000534373 0.00136385 0.999999 0.0211177 -0.00629502 -0.0473662
FixedParameters: 0 0 0

#Transform 97
Transform: AffineTransform_float_3_3
Parameters: 1 0.000273836 0.000533571 -0.000273163 0.999998 -0.00156715 -0.000534428 0.00156685 0.999998 0.0123331 -0.00377181 -0.0608651
FixedParameters: 0 0 0

#Transform 98
Transform: AffineTransform_float_3_3
Parameters: 1 0.000273634 0.000533675 -0.000273365 1 -0.00118815 -0.000534325 0.00118785 0.999999 0.00467623 0.026994 -0.0258596
FixedParameters: 0 0 0

#Transform 99
Transform: AffineTransform_float_3_3
Parameters: 1 0.000557149 0.00010924 -0.000556849 0.999999 -0.00136406 -0.00011076 0.00136394 0.999999 0.00916107 0.0292328 0.0195033
FixedParameters: 0 0 0

#Transform 100
Transform: AffineTransform_float_3_3
Parameters: 0.999999 0.000709914 -4.92602e-05 -0.000710086 0.999998 -0.00177497 4.77397e-05 0.00177504 0.999999 0.0155381 -0.0146017 0.00267252
FixedParameters: 0 0 0

#Transform 101
Transform: AffineTransform_float_3_3
Parameters: 1 0.000273277 0.000154512 -0.000272723 0.999999 -0.00178704 -0.000155488 0.00178696 0.999999 0.00688606 0.0119377 -0.0355992
FixedParameters: 0 0 0

#Transform 102
Transform: AffineTransform_float_3_3
Parameters: 1 0.000522176 9.80665e-05 -0.000521824 0.999999 -0.00178805 -9.89332e-05 0.00178795 0.999999 0.00885091 0.0413124 -0.0463984
FixedParameters: 0 0 0

#Transform 103
Transform: AffineTransform_float_3_3
Parameters: 1 0.000633073 3.88276e-05 -0.000632928 0.999998 -0.00185203 -3.91722e-05 0.00185198 0.999999 0.00928841 0.00742172 -0.0589158
FixedParameters: 0 0 0

#Transform 104
Transform: AffineTransform_float_3_3
Parameters: 1 0.000618427 -0.000258375 -0.000618572 0.999998 -0.00222284 0.000256625 0.00222316 0.999997 0.0205916 -0.0044723 -0.0607824
FixedParameters: 0 0 0

#Transform 105
Transform: AffineTransform_float_3_3
Parameters: 1 0.000272774 -0.000122505 -0.000273227 0.999998 -0.00185197 0.000122494 0.00185203 0.999999 0.0194479 0.015538 -0.0467571
FixedParameters: 0 0 0

#Transform 106
Transform: AffineTransform_float_3_3
Parameters: 1 0.000272935 -4.53898e-05 -0.000273064 0.999999 -0.00142799 4.46101e-05 0.00142801 0.999999 0.021549 0.0136495 -0.0271999
FixedParameters: 0 0 0

#Transform 107
Transform: AffineTransform_float_3_3
Parameters: 1 0.000466638 -0.000252669 -0.000466362 0.999999 -0.00143388 0.000252331 0.00143412 0.999999 0.0204846 0.00809263 -0.0273562
FixedParameters: 0 0 0

#Transform 108
Transform: AffineTransform_float_3_3
Parameters: 1 0.000441845 -0.000122561 -0.000442156 0.999999 -0.00126995 0.000122439 0.00127005 0.999999 0.0259847 0.022518 0.00599935
FixedParameters: 0 0 0

#Transform 109
Transform: AffineTransform_float_3_3
Parameters: 1 0.000272774 -0.000122505 -0.000273227 0.999998 -0.00185197 0.000122494 0.00185203 0.999999 0.0210321 0.0280982 0.0285125
FixedParameters: 0 0 0

#Transform 110
Transform: AffineTransform_float_3_3
Parameters: 0.999999 0.000706829 -0.000122986 -0.000706171 0.999999 -0.00139491 0.000122015 0.00139509 0.999999 0.0319443 0.0552719 0.0453902
FixedParameters: 0 0 0

#Transform 111
Transform: AffineTransform_float_3_3
Parameters: 0.999999 0.000694317 -0.000369286 -0.000694682 0.999998 -0.00185174 0.000367714 0.00185226 0.999998 0.0248507 0.0049971 0.0398153
FixedParameters: 0 0 0

#Transform 112
Transform: AffineTransform_float_3_3
Parameters: 0.999999 0.000816786 -0.000123424 -0.000816215 0.999998 -0.0017429 0.000122577 0.0017431 0.999998 0.0300782 0.0276009 0.0448625
FixedParameters: 0 0 0

#Transform 113
Transform: AffineTransform_float_3_3
Parameters: 0.999999 0.000933819 -0.000123369 -0.00093418 0.999998 -0.00146588 0.000122631 0.00146611 0.999999 0.039323 0.0317805 0.0452482
FixedParameters: 0 0 0

#Transform 114
Transform: AffineTransform_float_3_3
Parameters: 1 0.00103958 -0.000357222 -0.00104042 0.999999 -0.00117463 0.000356778 0.00117537 0.999999 0.0439864 0.0410348 0.0455386
FixedParameters: 0 0 0

#Transform 115
Transform: AffineTransform_float_3_3
Parameters: 0.999999 0.000834652 -0.000368788 -0.000834348 0.999999 -0.000944692 0.000368212 0.000944307 0.999999 0.0518798 0.0338025 0.100598
FixedParameters: 0 0 0

#Transform 116
Transform: AffineTransform_float_3_3
Parameters: 1 0.000960823 -0.000123388 -0.000961178 0.999998 -0.00144388 0.000122612 0.00144412 0.999999 0.0449426 0.0485945 0.111578
FixedParameters: 0 0 0

#Transform 117
Transform: AffineTransform_float_3_3
Parameters: 1 0.000969336 -0.000442459 -0.000970665 0.999999 -0.00150457 0.00044054 0.00150543 0.999999 0.0597231 0.0411293 0.135763
FixedParameters: 0 0 0

#Transform 118
Transform: AffineTransform_float_3_3
Parameters: 1 0.00110739 -0.000488397 -0.00110761 0.999998 -0.00126046 0.000486605 0.00126054 0.999999 0.0454413 0.0285035 0.0763976
FixedParameters: 0 0 0

#Transform 119
Transform: AffineTransform_float_3_3
Parameters: 1 0.00103133 -0.000535293 -0.00103167 0.999998 -0.00125245 0.000533708 0.00125355 0.999999 0.0500711 0.00702565 0.0693775
FixedParameters: 0 0 0

#Transform 120
Transform: AffineTransform_float_3_3
Parameters: 0.999999 0.00140599 -0.000552569 -0.00140701 0.999998 -0.00182623 0.00054943 0.00182778 0.999998 0.0263682 0.00769137 -0.146103
FixedParameters: 0 0 0

#Transform 121
Transform: AffineTransform_float_3_3
Parameters: 0.999998 0.00152987 -0.000530282 -0.00153013 0.999997 -0.00214419 0.00052672 0.00214481 0.999997 0.0257989 0.0241204 -0.115614
FixedParameters: 0 0 0

#Transform 122
Transform: AffineTransform_float_3_3
Parameters: 0.999999 0.00140617 -0.000525217 -0.00140683 0.999998 -0.00157626 0.000522783 0.00157674 0.999998 0.0260545 0.0334037 -0.099213
FixedParameters: 0 0 0

#Transform 123
Transform: AffineTransform_float_3_3
Parameters: 0.999999 0.00167103 -0.000559893 -0.00167197 0.999997 -0.00173007 0.000557108 0.00173093 0.999999 0.0260772 0.0251833 -0.126491
FixedParameters: 0 0 0

#Transform 124
Transform: AffineTransform_float_3_3
Parameters: 0.999999 0.00140568 -0.000611042 -0.00140732 0.999996 -0.00216214 0.000608958 0.00216286 0.999998 0.0271921 0.0410117 -0.117198
FixedParameters: 0 0 0

#Transform 125
Transform: AffineTransform_float_3_3
Parameters: 0.999999 0.00140579 -0.000531213 -0.00140721 0.999997 -0.00228426 0.000528787 0.00228475 0.999998 0.0261231 0.032813 -0.100191
FixedParameters: 0 0 0

#Transform 126
Transform: AffineTransform_float_3_3
Parameters: 0.999999 0.00140618 -0.000433661 -0.00140682 0.999997 -0.00189139 0.000431339 0.00189261 0.999998 0.0248531 0.0374808 -0.0995795
FixedParameters: 0 0 0

#Transform 127
Transform: AffineTransform_float_3_3
Parameters: 0.999998 0.00140474 -0.000830826 -0.00140726 0.999996 -0.00272084 0.000827173 0.00272217 0.999996 0.0299272 0.0112952 -0.101225
FixedParameters: 0 0 0

#Transform 128
Transform: AffineTransform_float_3_3
Parameters: 0.999998 0.00140473 -0.000830848 -0.00140727 0.999996 -0.00273683 0.00082715 0.00273817 0.999996 0.00966515 0.0322585 -0.129606
FixedParameters: 0 0 0

#Transform 129
Transform: AffineTransform_float_3_3
Parameters: 0.999998 0.00140457 -0.000961554 -0.00140742 0.999996 -0.00252765 0.000957445 0.00252835 0.999997 0.0197888 0.0328048 -0.147674
FixedParameters: 0 0 0

#Transform 130
Transform: AffineTransform_float_3_3
Parameters: 0.999998 0.00140486 -0.000830626 -0.00140714 0.999995 -0.00257883 0.000827373 0.00258017 0.999997 0.0210212 0.0175765 -0.159475
FixedParameters: 0 0 0

#Transform 131
Transform: AffineTransform_float_3_3
Parameters: 0.999999 0.0014041 -0.00104491 -0.0014069 0.999995 -0.00277953 0.00104109 0.00278047 0.999995 0.0104145 0.0379621 -0.153539
FixedParameters: 0 0 0

#Transform 132
Transform: AffineTransform_float_3_3
Parameters: 0.999998 0.00140456 -0.000831134 -0.00140744 0.999994 -0.00293983 0.000826865 0.00294117 0.999996 0.0256539 0.0382137 -0.105902
FixedParameters: 0 0 0

#Transform 133
Transform: AffineTransform_float_3_3
Parameters: 0.999999 0.00161006 -0.000830774 -0.00161194 0.999996 -0.00234166 0.000827226 0.00234334 0.999997 0.0245586 0.0608412 -0.0731941
FixedParameters: 0 0 0

#Transform 134
Transform: AffineTransform_float_3_3
Parameters: 0.999998 0.0014051 -0.00083023 -0.0014069 0.999997 -0.00229684 0.000826769 0.00229817 0.999997 0.0299668 0.0298735 -0.117499
FixedParameters: 0 0 0

#Transform 135
Transform: AffineTransform_float_3_3
Parameters: 0.999999 0.00133503 -0.00112354 -0.00133797 0.999995 -0.0026455 0.00111946 0.0026475 0.999996 0.0137271 0.024694 -0.137187
FixedParameters: 0 0 0

#Transform 136
Transform: AffineTransform_float_3_3
Parameters: 0.999998 0.00140478 -0.000830768 -0.00140722 0.999996 -0.00267984 0.000827231 0.00268117 0.999996 0.00289071 0.034943 -0.145071
FixedParameters: 0 0 0

#Transform 137
Transform: AffineTransform_float_3_3
Parameters: 0.999998 0.00140439 -0.00101164 -0.00140761 0.999995 -0.00258658 0.00100836 0.00258842 0.999996 0.00526393 0.0501773 -0.162381
FixedParameters: 0 0 0

#Transform 138
Transform: AffineTransform_float_3_3
Parameters: 0.999998 0.0015888 -0.00124708 -0.0015922 0.999996 -0.00256702 0.00124292 0.00256898 0.999996 0.0202488 0.0335902 -0.134327
FixedParameters: 0 0 0

#Transform 139
Transform: AffineTransform_float_3_3
Parameters: 0.999999 0.00146122 -0.00112164 -0.00146378 0.999996 -0.00248636 0.00111736 0.00248764 0.999997 0.00661598 0.032552 -0.146728
FixedParameters: 0 0 0

#Transform 140
Transform: AffineTransform_float_3_3
Parameters: 0.999999 0.00140475 -0.00107395 -0.00140725 0.999997 -0.00209849 0.00107105 0.00209951 0.999997 0.00619404 0.0499673 -0.145462
FixedParameters: 0 0 0

#Transform 141
Transform: AffineTransform_float_3_3
Parameters: 0.999998 0.00140426 -0.00126105 -0.00140674 0.999996 -0.00217123 0.00125795 0.00217277 0.999997 0.00853686 0.0284635 -0.153621
FixedParameters: 0 0 0

#Transform 142
Transform: AffineTransform_float_3_3
Parameters: 0.999999 0.00128535 -0.00115984 -0.00128766 0.999998 -0.00142751 0.00115816 0.00142949 0.999999 0.022315 0.0421688 -0.0632356
FixedParameters: 0 0 0

#Transform 143
Transform: AffineTransform_float_3_3
Parameters: 0.999998 0.00140436 -0.00124998 -0.00140764 0.999997 -0.00211624 0.00124702 0.00211775 0.999997 0.00841413 0.0567104 -0.102459
FixedParameters: 0 0 0

#Transform 144
Transform: AffineTransform_float_3_3
Parameters: 0.999999 0.00140462 -0.00112698 -0.00140738 0.999997 -0.00211642 0.00112402 0.00211758 0.999997 0.00685399 0.0482155 -0.13123
FixedParameters: 0 0 0

#Transform 145
Transform: AffineTransform_float_3_3
Parameters: 0.999998 0.0014045 -0.00127177 -0.0014075 0.999997 -0.00197021 0.00126823 0.00197279 0.999998 0.0157971 0.0360836 -0.160564
FixedParameters: 0 0 0

#Transform 146
Transform: AffineTransform_float_3_3
Parameters: 0.999998 0.00140444 -0.00127682 -0.00140756 0.999997 -0.00200421 0.00127418 0.00200579 0.999997 0.0087774 0.0326019 -0.160563
FixedParameters: 0 0 0

#Transform 147
Transform: AffineTransform_float_3_3
Parameters: 0.999999 0.00140453 -0.00122084 -0.00140747 0.999997 -0.00202229 0.00121815 0.00202471 0.999997 0.00802098 0.0328366 -0.151709
FixedParameters: 0 0 0

#Transform 148
Transform: AffineTransform_float_3_3
Parameters: 0.999998 0.00140469 -0.00127655 -0.00140732 0.999998 -0.00181421 0.00127445 0.0018158 0.999998 0.00657356 0.030156 -0.176739
FixedParameters: 0 0 0

#Transform 149
Transform: AffineTransform_float_3_3
Parameters: 0.999998 0.00104174 -0.00127585 -0.00104426 0.999998 -0.00177267 0.00127415 0.00177333 0.999997 0.00920392 0.029197 -0.17829
FixedParameters: 0 0 0

#Transform 150
Transform: AffineTransform_float_3_3
Parameters: 0.999999 0.00140474 -0.00121861 -0.00140726 0.999998 -0.00185429 0.00121639 0.00185571 0.999997 0.00802485 0.0575394 -0.144792
FixedParameters: 0 0 0

#Transform 151
Transform: AffineTransform_float_3_3
Parameters: 0.999998 0.00140532 -0.00127586 -0.00140769 0.999998 -0.00132121 0.00127414 0.00132279 0.999999 0.0087941 0.0356451 -0.167167
FixedParameters: 0 0 0

#Transform 152
Transform: AffineTransform_float_3_3
Parameters: 0.999998 0.00140477 -0.00127646 -0.00140723 0.999998 -0.00174621 0.00127454 0.00174879 0.999997 0.00883028 0.0562191 -0.172846
FixedParameters: 0 0 0

#Transform 153
Transform: AffineTransform_float_3_3
Parameters: 0.999998 0.00140479 -0.00127644 -0.00140721 0.999998 -0.00173121 0.00127456 0.00173279 0.999997 0.00879905 0.0559802 -0.148597
FixedParameters: 0 0 0

#Transform 154
Transform: AffineTransform_float_3_3
Parameters: 0.999998 0.00140503 -0.00127617 -0.00140697 0.999998 -0.00154421 0.00127483 0.00154579 0.999998 0.0087706 0.0472305 -0.139071
FixedParameters: 0 0 0

#Transform 155
Transform: AffineTransform_float_3_3
Parameters: 0.999999 0.00134685 -0.00121039 -0.00134915 0.999998 -0.00177537 0.0012076 0.00177763 0.999997 0.00799598 0.0527322 -0.15014
FixedParameters: 0 0 0

#Transform 156
Transform: AffineTransform_float_3_3
Parameters: 0.999998 0.00140471 -0.00127653 -0.0014073 0.999998 -0.00179921 0.00127447 0.00180079 0.999997 0.0110751 0.0568142 -0.137533
FixedParameters: 0 0 0

#Transform 157
Transform: AffineTransform_float_3_3
Parameters: 0.999998 0.00123566 -0.0012064 -0.00123734 0.999998 -0.00194051 0.0012036 0.00194249 0.999998 0.0134354 0.0256365 -0.160379
FixedParameters: 0 0 0

#Transform 158
Transform: AffineTransform_float_3_3
Parameters: 0.999999 0.00134053 -0.00127661 -0.00134348 0.999997 -0.00194029 0.0012744 0.00194171 0.999998 0.00890437 0.0487948 -0.168261
FixedParameters: 0 0 0

#Transform 159
Transform: AffineTransform_float_3_3
Parameters: 0.999998 0.0014047 -0.00127654 -0.0014073 0.999998 -0.00180321 0.00127446 0.00180479 0.999997 0.00880524 0.0470511 -0.160179
FixedParameters: 0 0 0

#Transform 160
Transform: AffineTransform_float_3_3
Parameters: 0.999998 0.00140501 -0.00127619 -0.00140699 0.999998 -0.00155921 0.00127481 0.00156079 0.999998 0.00878426 0.0353532 -0.15977
FixedParameters: 0 0 0

#Transform 161
Transform: AffineTransform_float_3_3
Parameters: 0.999999 0.00131482 -0.00127625 -0.00131719 0.999997 -0.00171232 0.00127475 0.00171368 0.999997 0.00894436 0.0458598 -0.160023
FixedParameters: 0 0 0

#Transform 162
Transform: AffineTransform_float_3_3
Parameters: 0.999998 0.00140493 -0.00127628 -0.00140707 0.999997 -0.00162321 0.00127472 0.00162479 0.999998 0.00878079 0.0447788 -0.146635
FixedParameters: 0 0 0

#Transform 163
Transform: AffineTransform_float_3_3
Parameters: 0.999998 0.00140517 -0.00127602 -0.00140683 0.999998 -0.00143521 0.00127398 0.00143679 0.999998 0.013746 0.0423128 -0.150261
FixedParameters: 0 0 0

#Transform 164
Transform: AffineTransform_float_3_3
Parameters: 0.999998 0.00140461 -0.00127663 -0.00140739 0.999998 -0.00187121 0.00127437 0.00187379 0.999998 0.00875816 0.0222734 -0.154509
FixedParameters: 0 0 0

#Transform 165
Transform: AffineTransform_float_3_3
Parameters: 0.999999 0.0014054 -0.00111601 -0.0014076 0.999998 -0.00143043 0.00111399 0.00143257 0.999999 0.00657019 0.0498641 -0.0693641
FixedParameters: 0 0 0

#Transform 166
Transform: AffineTransform_float_3_3
Parameters: 0.999998 0.0015437 -0.001278 -0.00154731 0.999996 -0.00258903 0.001274 0.00259097 0.999996 0.0156967 0.0170406 -0.142563
FixedParameters: 0 0 0

#Transform 167
Transform: AffineTransform_float_3_3
Parameters: 0.999998 0.00154129 -0.00127728 -0.00154371 0.999996 -0.00212603 0.00127472 0.00212797 0.999997 0.022542 0.0615618 -0.103372
FixedParameters: 0 0 0

#Transform 168
Transform: AffineTransform_float_3_3
Parameters: 0.999997 0.00177051 -0.00127745 -0.00177248 0.999996 -0.00194674 0.00127455 0.00194926 0.999998 0.0268602 0.0552019 -0.131828
FixedParameters: 0 0 0

#Transform 169
Transform: AffineTransform_float_3_3
Parameters: 0.999997 0.00177341 -0.0012776 -0.00177559 0.999997 -0.00202874 0.0012744 0.00203027 0.999997 0.0175482 0.0416309 -0.17617
FixedParameters: 0 0 0

#Transform 170
Transform: AffineTransform_float_3_3
Parameters: 0.999997 0.00164521 -0.00137534 -0.00164779 0.999996 -0.00202874 0.00137266 0.00203026 0.999997 0.0157155 0.0383634 -0.166731
FixedParameters: 0 0 0

#Transform 171
Transform: AffineTransform_float_3_3
Parameters: 0.999998 0.00177718 -0.00143077 -0.00178083 0.999995 -0.00267646 0.00142624 0.00267854 0.999996 0.0190505 0.0364467 -0.151577
FixedParameters: 0 0 0

#Transform 172
Transform: AffineTransform_float_3_3
Parameters: 0.999998 0.00184046 -0.00127911 -0.00184355 0.999995 -0.00277365 0.00127489 0.00277536 0.999996 0.0188105 0.0447967 -0.160126
FixedParameters: 0 0 0

#Transform 173
Transform: AffineTransform_float_3_3
Parameters: 0.999997 0.00175641 -0.00127895 -0.00176059 0.999994 -0.00281275 0.00127405 0.00281524 0.999995 0.00828636 0.0378502 -0.188039
FixedParameters: 0 0 0

#Transform 174
Transform: AffineTransform_float_3_3
Parameters: 0.999998 0.00177461 -0.00127873 -0.0017784 0.999995 -0.00265973 0.00127427 0.00266127 0.999995 0.0151028 0.0592602 -0.155344
FixedParameters: 0 0 0

#Transform 175
Transform: AffineTransform_float_3_3
Parameters: 0.999998 0.00177853 -0.00149534 -0.00178247 0.999994 -0.00299534 0.00148967 0.00299766 0.999995 0.0110608 0.0451407 -0.176701
FixedParameters: 0 0 0

#Transform 176
Transform: AffineTransform_float_3_3
Parameters: 0.999997 0.00176562 -0.00161281 -0.00177038 0.999994 -0.00271815 0.00160719 0.00272084 0.999995 0.0208648 0.0415284 -0.200821
FixedParameters: 0 0 0

#Transform 177
Transform: AffineTransform_float_3_3
Parameters: 0.999997 0.00177217 -0.0017569 -0.00177783 0.999993 -0.00332389 0.0017511 0.00332711 0.999993 0.0144847 0.0194641 -0.258312
FixedParameters: 0 0 0

#Transform 178
Transform: AffineTransform_float_3_3
Parameters: 0.999997 0.0018237 -0.0017007 -0.0018283 0.999994 -0.0031179 0.0016953 0.0031211 0.999993 0.0136435 0.037363 -0.230087
FixedParameters: 0 0 0

#Transform 179
Transform: AffineTransform_float_3_3
Parameters: 0.999997 0.00199607 -0.00126125 -0.00199994 0.999993 -0.00312449 0.00125576 0.00312652 0.999995 0.0135598 0.0428032 -0.214008
FixedParameters: 0 0 0
