#Insight Transform File V1.0
#Transform 0
Transform: AffineTransform_float_3_3
Parameters: 1 3.68258e-07 -0.000418 3.68258e-07 0.999999 0.000880999 0.000418 -0.000880999 0.999999 -0.0434717 -0.0306766 0.0744122
FixedParameters: 0 0 0

#Transform 1
Transform: AffineTransform_float_3_3
Parameters: 1 0 0 0 0.999999 0.000880999 0 -0.000880999 0.999999 -0.0223 -0.0286565 0.0461183
FixedParameters: 0 0 0

#Transform 2
Transform: AffineTransform_float_3_3
Parameters: 1 -0.000343 -1.98254e-07 0.000343 1 0.000578 -1.98254e-07 -0.000578 1 -0.0237268 -0.019508 0.0492149
FixedParameters: 0 0 0

#Transform 3
Transform: AffineTransform_float_3_3
Parameters: 1 0 0 0 1 0.001212 0 -0.001212 1 -0.02231 0.000294842 0.0465559
FixedParameters: 0 0 0

#Transform 4
Transform: AffineTransform_float_3_3
Parameters: 1 1.15304e-07 -0.000232 1.15304e-07 1 0.000497 0.000232 -0.000497 1 -0.00977023 -0.00604599 0.0405893
FixedParameters: 0 0 0

#Transform 5
Transform: AffineTransform_float_3_3
Parameters: 1 6.5702e-08 -0.000133 6.5702e-08 1 0.000494 0.000133 -0.000494 1 -0.0205513 0.00769567 0.0383449
FixedParameters: 0 0 0

#Transform 6
Transform: AffineTransform_float_3_3
Parameters: 1 1.40049e-07 -0.000189 1.40049e-07 0.999999 0.000741 0.000189 -0.000741 0.999999 -0.0197948 0.00445841 0.0260703
FixedParameters: 0 0 0

#Transform 7
Transform: AffineTransform_float_3_3
Parameters: 1 -1.9608e-07 0.000285 -1.9608e-07 1 0.000688 -0.000285 -0.000688 0.999999 -0.0167207 -0.0134016 0.0100533
FixedParameters: 0 0 0

#Transform 8
Transform: AffineTransform_float_3_3
Parameters: 1 3.14685e-07 -0.000405 3.14685e-07 0.999999 0.000776999 0.000405 -0.000776999 0.999999 -0.0169796 -0.0144749 0.0292162
FixedParameters: 0 0 0

#Transform 9
Transform: AffineTransform_float_3_3
Parameters: 1 1.934e-07 -0.0002 1.934e-07 0.999999 0.000966999 0.0002 -0.000966999 0.999999 -0.012152 -0.0340899 0.0252602
FixedParameters: 0 0 0

#Transform 10
Transform: AffineTransform_float_3_3
Parameters: 1 -0.000316772 -0.000340212 0.000316227 0.999999 0.000668892 0.000339788 -0.000669107 0.999999 -0.0191414 -0.00175118 0.0596499
FixedParameters: 0 0 0

#Transform 11
Transform: AffineTransform_float_3_3
Parameters: 1 2.42416e-07 -0.000218 2.42416e-07 1 0.001112 0.000218 -0.001112 1 -0.0194023 -0.0259689 0.0717099
FixedParameters: 0 0 0

#Transform 12
Transform: AffineTransform_float_3_3
Parameters: 1 2.24e-07 -0.00025 2.24e-07 0.999999 0.000895999 0.00025 -0.000895999 0.999999 -0.0190231 -0.0044099 0.0945011
FixedParameters: 0 0 0

#Transform 13
Transform: AffineTransform_float_3_3
Parameters: 1 -1.989e-08 0.000221 -1.989e-08 1 9e-05 -0.000221 -9e-05 1 -0.0139655 -0.0055446 0.0123662
FixedParameters: 0 0 0

#Transform 14
Transform: AffineTransform_float_3_3
Parameters: 1 0.000323931 0.000167133 -0.000324068 1 0.000409946 -0.000166867 -0.000410054 1 -0.00973342 -0.0146638 0.0118028
FixedParameters: 0 0 0

#Transform 15
Transform: AffineTransform_float_3_3
Parameters: 1 8.80762e-05 -0.000185964 -8.79241e-05 1 0.000410016 0.000185036 -0.000409984 1 -0.0107804 -0.0110964 0.0170367
FixedParameters: 0 0 0

#Transform 16
Transform: AffineTransform_float_3_3
Parameters: 1 0.000110955 0.000310016 -0.000111045 1 0.000143966 -0.000309984 -0.000144034 1 -0.00160705 -0.00797027 0.00111986
FixedParameters: 0 0 0

#Transform 17
Transform: AffineTransform_float_3_3
Parameters: 1 5.98729e-05 0.000310025 -6.01271e-05 1 0.000409981 -0.000309975 -0.000410018 1 -0.00181436 -0.00248638 0.000865855
FixedParameters: 0 0 0

#Transform 18
Transform: AffineTransform_float_3_3
Parameters: 1 5.60003e-05 -4.99614e-06 -5.59997e-05 1 6.90003e-05 5.00386e-06 -6.89997e-05 1 0.0022924 -0.00616751 -0.0276217
FixedParameters: 0 0 0

#Transform 19
Transform: AffineTransform_float_3_3
Parameters: 1 6.59464e-05 0.000310011 -6.60536e-05 1 0.00017298 -0.000309989 -0.00017302 1 -0.0017343 0.00654072 -0.0123782
FixedParameters: 0 0 0

#Transform 20
Transform: AffineTransform_float_3_3
Parameters: 1 7.28729e-05 0.00031003 -7.31271e-05 1 0.000409977 -0.00030997 -0.000410023 1 -0.0017171 -0.0108881 -0.00673473
FixedParameters: 0 0 0

#Transform 21
Transform: AffineTransform_float_3_3
Parameters: 1 0.000184003 3.09825e-05 -0.000183997 1 -9.50057e-05 -3.10175e-05 9.49943e-05 1 -0.0097676 -0.00594362 0.00290613
FixedParameters: 0 0 0

#Transform 22
Transform: AffineTransform_float_3_3
Parameters: 1 3.40375e-05 0.000309996 -3.39625e-05 1 -0.000121011 -0.000310004 0.000120989 1 -0.0133414 -0.00124698 0.011813
FixedParameters: 0 0 0

#Transform 23
Transform: AffineTransform_float_3_3
Parameters: 1 3.3929e-05 0.000310008 -3.4071e-05 1 0.000228989 -0.000309992 -0.000229011 1 -0.00621256 -0.00787749 -0.0137963
FixedParameters: 0 0 0

#Transform 24
Transform: AffineTransform_float_3_3
Parameters: 1 3.39963e-05 5.10025e-05 -3.40037e-05 1 7.29983e-05 -5.09975e-05 -7.30017e-05 1 -0.0039812 -0.00580481 -0.0232659
FixedParameters: 0 0 0

#Transform 25
Transform: AffineTransform_float_3_3
Parameters: 1 3.4002e-05 1.69959e-05 -3.3998e-05 1 -0.000120001 -1.70041e-05 0.000119999 1 0.000564322 -0.00327545 -0.0100258
FixedParameters: 0 0 0

#Transform 26
Transform: AffineTransform_float_3_3
Parameters: 1 3.39975e-05 -6.40013e-05 -3.40025e-05 1 -3.89978e-05 6.39987e-05 3.90022e-05 1 0.00538038 -0.00433771 -0.02946
FixedParameters: 0 0 0

#Transform 27
Transform: AffineTransform_float_3_3
Parameters: 1 3.40416e-05 0.000174992 -3.39583e-05 1 -0.000238006 -0.000175008 0.000237994 1 -0.00154943 -0.00171194 -0.0138398
FixedParameters: 0 0 0

#Transform 28
Transform: AffineTransform_float_3_3
Parameters: 1 3.39511e-05 -9.90168e-05 -3.40489e-05 1 -0.000493997 9.89832e-05 0.000494003 1 -0.00274494 0.0245668 0.0249664
FixedParameters: 0 0 0

#Transform 29
Transform: AffineTransform_float_3_3
Parameters: 1 3.3864e-05 -0.000219021 -3.4136e-05 1 -0.000620992 0.000218979 0.000621007 1 -0.00990846 0.0115204 0.0144089
FixedParameters: 0 0 0

#Transform 30
Transform: AffineTransform_float_3_3
Parameters: 1 3.3942e-05 -9.90199e-05 -3.4058e-05 1 -0.000585996 9.898e-05 0.000586003 1 -0.000391217 0.00847174 -0.00807756
FixedParameters: 0 0 0

#Transform 31
Transform: AffineTransform_float_3_3
Parameters: 1 3.39855e-05 -9.9005e-05 -3.40145e-05 1 -0.000145997 9.8995e-05 0.000146003 1 0.0100498 -0.012127 -0.0249722
FixedParameters: 0 0 0

#Transform 32
Transform: AffineTransform_float_3_3
Parameters: 1 3.39184e-05 -9.90279e-05 -3.40816e-05 0.999999 -0.000823996 9.89719e-05 0.000824003 0.999999 0.00747529 0.011671 -0.0221789
FixedParameters: 0 0 0

#Transform 33
Transform: AffineTransform_float_3_3
Parameters: 1 3.39487e-05 -9.90176e-05 -3.40513e-05 1 -0.000517996 9.89824e-05 0.000518003 1 0.00745784 -0.00319181 -0.00251803
FixedParameters: 0 0 0

#Transform 34
Transform: AffineTransform_float_3_3
Parameters: 1 3.39417e-05 -9.902e-05 -3.40583e-05 1 -0.000588996 9.89799e-05 0.000589003 1 0.00747213 0.00413126 -0.023153
FixedParameters: 0 0 0

#Transform 35
Transform: AffineTransform_float_3_3
Parameters: 1 -0.000111088 -0.00016294 0.000110912 1 -0.000540018 0.00016306 0.000539982 1 0.0105951 0.0302543 -0.00374991
FixedParameters: 0 0 0

#Transform 36
Transform: AffineTransform_float_3_3
Parameters: 1 3.39537e-05 -9.90159e-05 -3.40463e-05 1 -0.000467997 9.89841e-05 0.000468003 1 0.00980609 0.0212085 -0.0067921
FixedParameters: 0 0 0

#Transform 37
Transform: AffineTransform_float_3_3
Parameters: 1 3.39327e-05 -9.90231e-05 -3.40673e-05 1 -0.000679996 9.89768e-05 0.000680003 1 0.00980777 0.0239984 -0.022768
FixedParameters: 0 0 0

#Transform 38
Transform: AffineTransform_float_3_3
Parameters: 1 3.3948e-05 -9.90178e-05 -3.4052e-05 1 -0.000524996 9.89821e-05 0.000525003 1 0.0283061 0.0464112 -0.00868927
FixedParameters: 0 0 0

#Transform 39
Transform: AffineTransform_float_3_3
Parameters: 1 3.39259e-05 -9.90254e-05 -3.4074e-05 0.999999 -0.000747996 9.89745e-05 0.000748003 0.999999 0.0283141 0.00672488 -0.0224319
FixedParameters: 0 0 0

#Transform 40
Transform: AffineTransform_float_3_3
Parameters: 1 3.39418e-05 -9.902e-05 -3.40582e-05 1 -0.000587996 9.898e-05 0.000588003 1 0.0262712 0.0286454 -0.0153938
FixedParameters: 0 0 0

#Transform 41
Transform: AffineTransform_float_3_3
Parameters: 1 3.39768e-05 -3.60219e-05 -3.40232e-05 1 -0.000643999 3.59781e-05 0.000644001 1 0.0275055 0.0120681 -0.00383995
FixedParameters: 0 0 0

#Transform 42
Transform: AffineTransform_float_3_3
Parameters: 1 3.39328e-05 -9.9023e-05 -3.40672e-05 1 -0.000678996 9.89769e-05 0.000679003 1 0.0283145 -0.0142779 -0.0227233
FixedParameters: 0 0 0

#Transform 43
Transform: AffineTransform_float_3_3
Parameters: 1 3.39986e-05 -3.01595e-06 -3.40014e-05 1 -0.000469 2.98405e-06 0.000469 1 0.0201441 0.0262188 -0.0110825
FixedParameters: 0 0 0

#Transform 44
Transform: AffineTransform_float_3_3
Parameters: 1 3.39987e-05 -9.00496e-06 -3.40013e-05 1 -0.000146 8.99504e-06 0.000146 1 0.0109942 -0.0191076 0.0135827
FixedParameters: 0 0 0

#Transform 45
Transform: AffineTransform_float_3_3
Parameters: 1 3.39855e-05 -9.9005e-05 -3.40145e-05 1 -0.000145997 9.8995e-05 0.000146003 1 0.0121445 -0.0126756 0.067949
FixedParameters: 0 0 0

#Transform 46
Transform: AffineTransform_float_3_3
Parameters: 1 9.19541e-05 -9.90426e-05 -9.20458e-05 1 -0.000462991 9.89574e-05 0.000463009 1 0.0123655 0.0264263 0.042747
FixedParameters: 0 0 0

#Transform 47
Transform: AffineTransform_float_3_3
Parameters: 1 3.3941e-05 -9.90202e-05 -3.4059e-05 1 -0.000595996 9.89797e-05 0.000596003 1 0.0121489 0.0290999 0.038517
FixedParameters: 0 0 0

#Transform 48
Transform: AffineTransform_float_3_3
Parameters: 1 3.40108e-05 7.3995e-05 -3.39892e-05 1 -0.000146003 -7.4005e-05 0.000145997 1 0.00992575 0.0014954 0.0137235
FixedParameters: 0 0 0

#Transform 49
Transform: AffineTransform_float_3_3
Parameters: 1 3.41603e-05 0.000497989 -3.48396e-05 1 -0.000322017 -0.000498011 0.000321983 1 0.0221752 0.0253968 0.0278333
FixedParameters: 0 0 0

#Transform 50
Transform: AffineTransform_float_3_3
Parameters: 1 3.39855e-05 -9.9005e-05 -3.40145e-05 1 -0.000145997 9.8995e-05 0.000146003 1 0.0121487 0.0231757 0.0384692
FixedParameters: 0 0 0

#Transform 51
Transform: AffineTransform_float_3_3
Parameters: 1 -0.000255927 0.000176106 0.000256073 1 -0.000413955 -0.000175894 0.000414045 1 0.0335595 0.0309494 0.0243583
FixedParameters: 0 0 0

#Transform 52
Transform: AffineTransform_float_3_3
Parameters: 1 3.3945e-05 -9.90188e-05 -3.40549e-05 1 -0.000554996 9.89811e-05 0.000555003 1 0.0102784 0.047967 0.0290821
FixedParameters: 0 0 0

#Transform 53
Transform: AffineTransform_float_3_3
Parameters: 1 3.39433e-05 -9.90194e-05 -3.40567e-05 1 -0.000572996 9.89805e-05 0.000573003 1 0.0102791 0.0366648 0.0185713
FixedParameters: 0 0 0

#Transform 54
Transform: AffineTransform_float_3_3
Parameters: 1 3.39875e-05 -2.60163e-05 -3.40124e-05 1 -0.000478999 2.59837e-05 0.000479001 1 0.00933245 0.0552899 0.00486868
FixedParameters: 0 0 0

#Transform 55
Transform: AffineTransform_float_3_3
Parameters: 1 3.39329e-05 -0.000149015 -3.4067e-05 1 -0.000449995 0.000148985 0.000450005 1 0.0109934 0.0549187 0.0249159
FixedParameters: 0 0 0

#Transform 56
Transform: AffineTransform_float_3_3
Parameters: 1 3.39657e-05 -9.90118e-05 -3.40342e-05 1 -0.000345997 9.89882e-05 0.000346003 1 0.0102893 0.0301554 -0.00571144
FixedParameters: 0 0 0

#Transform 57
Transform: AffineTransform_float_3_3
Parameters: 1 3.39613e-05 -9.90133e-05 -3.40387e-05 1 -0.000390997 9.89867e-05 0.000391003 1 0.0102799 0.0390883 0.0115478
FixedParameters: 0 0 0

#Transform 58
Transform: AffineTransform_float_3_3
Parameters: 1 3.39507e-05 -9.90169e-05 -3.40493e-05 1 -0.000497997 9.8983e-05 0.000498003 1 0.0102752 0.0357386 0.0574347
FixedParameters: 0 0 0

#Transform 59
Transform: AffineTransform_float_3_3
Parameters: 1 3.38024e-05 -0.000389017 -3.41976e-05 1 -0.000507987 0.000388983 0.000508013 1 0.0141008 0.0363275 0.117866
FixedParameters: 0 0 0

#Transform 60
Transform: AffineTransform_float_3_3
Parameters: 1 -0.000426083 -9.86399e-05 0.000425917 0.999999 -0.000845041 9.83599e-05 0.000844957 0.999999 0.00829089 0.0669844 0.0850171
FixedParameters: 0 0 0

#Transform 61
Transform: AffineTransform_float_3_3
Parameters: 1 -0.000426067 -9.87086e-05 0.000425933 0.999999 -0.000684042 9.82913e-05 0.000683958 1 0.0377016 0.0649346 0.0668721
FixedParameters: 0 0 0

#Transform 62
Transform: AffineTransform_float_3_3
Parameters: 1 -0.000284068 -9.88057e-05 0.000283933 0.999999 -0.000684028 9.81942e-05 0.000683972 1 0.0340228 0.047534 0.0337828
FixedParameters: 0 0 0

#Transform 63
Transform: AffineTransform_float_3_3
Parameters: 1 -0.000180068 -9.88768e-05 0.000179933 0.999999 -0.000684017 9.81231e-05 0.000683982 1 0.0387473 0.0391965 0.0452286
FixedParameters: 0 0 0

#Transform 64
Transform: AffineTransform_float_3_3
Parameters: 1 -0.000139743 0.000431083 0.000140257 1 -0.000595939 -0.000430916 0.00059606 0.999999 0.0320024 0.0374755 0.0369058
FixedParameters: 0 0 0

#Transform 65
Transform: AffineTransform_float_3_3
Parameters: 1 -0.000209554 0.000652143 0.000209446 0.999999 -0.000683863 -0.000651856 0.000684136 0.999999 0.0287989 0.0281388 0.00632466
FixedParameters: 0 0 0

#Transform 66
Transform: AffineTransform_float_3_3
Parameters: 1 -0.000135791 0.000247115 0.000135209 0.999999 -0.000844966 -0.000246886 0.000845033 0.999999 0.0317025 0.0406059 0.028085
FixedParameters: 0 0 0

#Transform 67
Transform: AffineTransform_float_3_3
Parameters: 1 -0.000320841 0.000168303 0.000321159 0.999999 -0.000944945 -0.000168696 0.000945053 0.999999 0.0181108 0.0448094 0.0317733
FixedParameters: 0 0 0

#Transform 68
Transform: AffineTransform_float_3_3
Parameters: 1 -0.000160701 0.000265181 0.000161299 1 -0.00112696 -0.000264818 0.00112704 1 0.035238 0.0447329 0.0107532
FixedParameters: 0 0 0

#Transform 69
Transform: AffineTransform_float_3_3
Parameters: 1 -0.000174498 0.000370237 0.000175502 0.999999 -0.00135594 -0.000369762 0.00135606 0.999999 0.0330762 0.0479728 -0.00338586
FixedParameters: 0 0 0

#Transform 70
Transform: AffineTransform_float_3_3
Parameters: 1 -0.000174414 0.000431237 0.000175586 0.999999 -0.00135892 -0.000430762 0.00135908 0.999999 0.0374987 0.0227623 -0.0201592
FixedParameters: 0 0 0

#Transform 71
Transform: AffineTransform_float_3_3
Parameters: 1 -0.000174268 0.000526243 0.000175731 0.999999 -0.00139091 -0.000525756 0.00139109 0.999999 0.0362568 0.017778 -0.0296501
FixedParameters: 0 0 0

#Transform 72
Transform: AffineTransform_float_3_3
Parameters: 0.999999 -0.000174047 0.000794209 0.000174954 1 -0.00119986 -0.00079479 0.00120014 0.999999 0.0326674 0.0287806 -0.0140954
FixedParameters: 0 0 0

#Transform 73
Transform: AffineTransform_float_3_3
Parameters: 1 -0.000174499 0.000465189 0.000175502 1 -0.00107892 -0.000464811 0.00107808 1 0.0168675 0.0442621 0.00721123
FixedParameters: 0 0 0

#Transform 74
Transform: AffineTransform_float_3_3
Parameters: 0.999999 -0.000173896 0.000920209 0.000175105 1 -0.00119984 -0.00092079 0.00120016 0.999999 0.0107842 0.053679 -0.0159263
FixedParameters: 0 0 0

#Transform 75
Transform: AffineTransform_float_3_3
Parameters: 0.999999 -0.000173896 0.000920209 0.000175105 1 -0.00119984 -0.00092079 0.00120016 0.999999 0.0107856 0.045881 -0.0159356
FixedParameters: 0 0 0

#Transform 76
Transform: AffineTransform_float_3_3
Parameters: 0.999999 -0.00043197 0.000920483 0.00043303 1 -0.0011186 -0.000920515 0.0011194 0.999999 0.0325785 0.048689 -0.0310242
FixedParameters: 0 0 0

#Transform 77
Transform: AffineTransform_float_3_3
Parameters: 0.999999 -0.00046569 0.000866705 0.000466311 0.999998 -0.0015126 -0.000866295 0.0015124 0.999998 0.0422215 0.0543827 -0.028727
FixedParameters: 0 0 0

#Transform 78
Transform: AffineTransform_float_3_3
Parameters: 1 -0.000701895 0.000920843 0.000703105 0.999999 -0.00119935 -0.000920157 0.00120065 0.999999 0.0405274 0.0538306 -0.0159375
FixedParameters: 0 0 0

#Transform 79
Transform: AffineTransform_float_3_3
Parameters: 1 -0.000701413 0.000921211 0.00070359 0.999999 -0.00172435 -0.000920789 0.00172465 0.999998 0.0344885 0.0296048 -0.0137412
FixedParameters: 0 0 0

#Transform 80
Transform: AffineTransform_float_3_3
Parameters: 0.999999 -0.000627119 0.000551004 0.000627881 0.999999 -0.00160065 -0.000549995 0.00160135 0.999998 0.0414781 0.0579214 -0.00869853
FixedParameters: 0 0 0

#Transform 81
Transform: AffineTransform_float_3_3
Parameters: 0.999999 -0.000427231 0.000578568 0.000428769 0.999999 -0.00132875 -0.00057843 0.00132925 0.999999 0.0461441 0.0514446 -0.0103528
FixedParameters: 0 0 0

#Transform 82
Transform: AffineTransform_float_3_3
Parameters: 1 -0.000225198 0.000514352 0.000225801 0.999999 -0.00155988 -0.000513648 0.00156011 0.999998 0.0549998 0.0195518 -0.0385856
FixedParameters: 0 0 0

#Transform 83
Transform: AffineTransform_float_3_3
Parameters: 1 -0.000593511 0.000934948 0.000595489 0.999998 -0.00159344 -0.000934053 0.00159356 0.999999 0.0408337 0.0427121 -0.029519
FixedParameters: 0 0 0

#Transform 84
Transform: AffineTransform_float_3_3
Parameters: 1 -0.000123383 0.000514148 0.000124617 1 -0.00119994 -0.000513851 0.00120006 0.999999 0.0483298 0.0328809 -0.0159553
FixedParameters: 0 0 0

#Transform 85
Transform: AffineTransform_float_3_3
Parameters: 1 -0.000578537 0.000925917 0.000580464 0.999998 -0.00158146 -0.000925084 0.00158154 0.999999 0.0215383 0.0570963 -0.0306686
FixedParameters: 0 0 0

#Transform 86
Transform: AffineTransform_float_3_3
Parameters: 0.999999 -0.000334126 0.000728401 0.000334874 0.999999 -0.00119976 -0.000728598 0.00120024 0.999999 0.0411605 0.0459876 -0.0174066
FixedParameters: 0 0 0

#Transform 87
Transform: AffineTransform_float_3_3
Parameters: 1 -0.000428383 0.000514514 0.000428616 0.999999 -0.00119978 -0.000513486 0.00120022 0.999999 0.0510508 0.0323667 -0.0109563
FixedParameters: 0 0 0

#Transform 88
Transform: AffineTransform_float_3_3
Parameters: 1 -0.000449348 0.00051457 0.000449652 0.999999 -0.00126877 -0.00051343 0.00126823 0.999999 0.03287 0.0608 0.035138
FixedParameters: 0 0 0

#Transform 89
Transform: AffineTransform_float_3_3
Parameters: 1 -0.000296383 0.000514356 0.000296617 0.999999 -0.00119985 -0.000513644 0.00120015 0.999999 0.0332813 0.0323064 0.0305828
FixedParameters: 0 0 0

#Transform 90
Transform: AffineTransform_float_3_3
Parameters: 0.999999 -0.000708382 0.00051485 0.000709617 0.999999 -0.00119964 -0.000514149 0.00120036 0.999999 0.0391271 0.0750187 0.0608279
FixedParameters: 0 0 0

#Transform 91
Transform: AffineTransform_float_3_3
Parameters: 1 -0.000410383 0.000514493 0.000410616 0.999999 -0.00119979 -0.000513508 0.00120021 0.999999 0.0433641 0.0556566 0.0347937
FixedParameters: 0 0 0

#Transform 92
Transform: AffineTransform_float_3_3
Parameters: 1 -0.000588699 0.00100876 0.000590301 0.999999 -0.0012904 -0.00100724 0.00129059 0.999998 0.0378989 0.0761619 0.0013212
FixedParameters: 0 0 0

#Transform 93
Transform: AffineTransform_float_3_3
Parameters: 0.999999 -0.00034449 0.00125042 0.000346511 0.999999 -0.00120857 -0.00124958 0.00120843 0.999998 0.0510609 0.0465241 -0.0102647
FixedParameters: 0 0 0

#Transform 94
Transform: AffineTransform_float_3_3
Parameters: 1 -0.000344541 0.00114444 0.00034646 0.999999 -0.0012746 -0.00114456 0.00127539 0.999998 0.0524569 0.0474497 -0.012477
FixedParameters: 0 0 0

#Transform 95
Transform: AffineTransform_float_3_3
Parameters: 0.999999 -0.000701593 0.0012318 0.000703407 0.999999 -0.00114213 -0.0012312 0.00114286 0.999998 0.0497577 0.0699344 0.0145333
FixedParameters: 0 0 0

#Transform 96
Transform: AffineTransform_float_3_3
Parameters: 1 -0.000344713 0.0010994 0.000346288 1 -0.00117062 -0.0010996 0.00117138 0.999998 0.0530474 0.0449445 0.0136153
FixedParameters: 0 0 0

#Transform 97
Transform: AffineTransform_float_3_3
Parameters: 0.999999 -0.000483962 0.000782642 0.000485037 0.999999 -0.00132662 -0.000781356 0.00132738 0.999999 0.0347268 0.070892 0.0117739
FixedParameters: 0 0 0

#Transform 98
Transform: AffineTransform_float_3_3
Parameters: 0.999999 -0.000688366 0.00123591 0.000690634 0.999999 -0.00132215 -0.00123509 0.00132285 0.999999 0.0466317 0.0983267 0.0176525
FixedParameters: 0 0 0

#Transform 99
Transform: AffineTransform_float_3_3
Parameters: 0.999999 -0.00054277 0.0011106 0.000544231 0.999999 -0.0011074 -0.0011104 0.0011086 0.999999 0.0547755 0.0730123 -0.0292455
FixedParameters: 0 0 0

#Transform 100
Transform: AffineTransform_float_3_3
Parameters: 1 -0.000734623 0.000931088 0.000735377 0.999998 -0.00147932 -0.000929913 0.00147968 0.999998 0.0534877 0.0750338 -0.0392687
FixedParameters: 0 0 0

#Transform 101
Transform: AffineTransform_float_3_3
Parameters: 0.999999 -0.000782479 0.0010871 0.00078452 0.999998 -0.00139915 -0.0010859 0.00139985 0.999999 0.0473297 0.0497659 -0.0126556
FixedParameters: 0 0 0

#Transform 102
Transform: AffineTransform_float_3_3
Parameters: 0.999999 -0.000941501 0.00102438 0.000942497 0.999998 -0.00146304 -0.00102262 0.00146396 0.999999 0.0468239 0.0751735 -0.0233146
FixedParameters: 0 0 0

#Transform 103
Transform: AffineTransform_float_3_3
Parameters: 0.999998 -0.00102302 0.00128458 0.00102498 0.999999 -0.00153869 -0.00128342 0.00153932 0.999998 0.0452178 0.072922 -0.0267159
FixedParameters: 0 0 0

#Transform 104
Transform: AffineTransform_float_3_3
Parameters: 0.999998 -0.00126575 0.00148292 0.00126825 0.999998 -0.00151712 -0.00148108 0.00151988 0.999997 0.0254179 0.0931437 -0.00777194
FixedParameters: 0 0 0

#Transform 105
Transform: AffineTransform_float_3_3
Parameters: 0.999998 -0.000923901 0.00175011 0.0009261 0.999999 -0.00119938 -0.00174889 0.00120062 0.999997 0.0408674 0.06604 -0.0448505
FixedParameters: 0 0 0

#Transform 106
Transform: AffineTransform_float_3_3
Parameters: 0.999999 -0.00101722 0.00148222 0.00101878 0.999999 -0.00119949 -0.00148078 0.00120051 0.999998 0.0354993 0.0761126 -0.03032
FixedParameters: 0 0 0

#Transform 107
Transform: AffineTransform_float_3_3
Parameters: 0.999998 -0.000929314 0.00140512 0.000930685 0.999999 -0.00119969 -0.00140388 0.00120031 0.999999 0.0368745 0.0399354 -0.029255
FixedParameters: 0 0 0

#Transform 108
Transform: AffineTransform_float_3_3
Parameters: 0.999999 -0.0010471 0.00148234 0.0010489 0.999998 -0.00128045 -0.00148066 0.00128255 0.999998 0.0530335 0.0672541 -0.0411151
FixedParameters: 0 0 0

#Transform 109
Transform: AffineTransform_float_3_3
Parameters: 0.999998 -0.0010499 0.00175226 0.0010521 0.999998 -0.00119916 -0.00175074 0.00120084 0.999997 0.0371917 0.0766635 -0.0160666
FixedParameters: 0 0 0

#Transform 110
Transform: AffineTransform_float_3_3
Parameters: 0.999998 -0.00110744 0.00176161 0.00110956 0.999999 -0.00145305 -0.00176039 0.00145495 0.999998 0.0560142 0.0601272 -0.05411
FixedParameters: 0 0 0

#Transform 111
Transform: AffineTransform_float_3_3
Parameters: 0.999998 -0.00104902 0.00203354 0.00105198 0.999999 -0.00146386 -0.00203246 0.00146614 0.999997 0.0542431 0.096781 -0.0933443
FixedParameters: 0 0 0

#Transform 112
Transform: AffineTransform_float_3_3
Parameters: 0.999997 -0.00130463 0.00198057 0.00130738 0.999999 -0.00119841 -0.00197943 0.00120059 0.999998 0.0611623 0.111568 -0.118759
FixedParameters: 0 0 0

#Transform 113
Transform: AffineTransform_float_3_3
Parameters: 0.999997 -0.00104813 0.00228877 0.00105187 0.999998 -0.0016896 -0.00228622 0.0016914 0.999996 0.0743822 0.0809162 -0.159451
FixedParameters: 0 0 0

#Transform 114
Transform: AffineTransform_float_3_3
Parameters: 0.999996 -0.00126923 0.00227011 0.00127377 0.999998 -0.00166111 -0.00226888 0.00166389 0.999996 0.0700789 0.0951043 -0.166846
FixedParameters: 0 0 0

#Transform 115
Transform: AffineTransform_float_3_3
Parameters: 0.999996 -0.0012867 0.00243075 0.0012903 0.999998 -0.00135487 -0.00242925 0.00135813 0.999996 0.0805418 0.0748846 -0.17089
FixedParameters: 0 0 0

#Transform 116
Transform: AffineTransform_float_3_3
Parameters: 0.999996 -0.00120677 0.00258198 0.00121023 0.999998 -0.00163688 -0.00258002 0.00163912 0.999996 0.0707273 0.0769001 -0.184337
FixedParameters: 0 0 0

#Transform 117
Transform: AffineTransform_float_3_3
Parameters: 0.999996 -0.0012727 0.00243126 0.0012773 0.999997 -0.0017689 -0.00242874 0.0017721 0.999996 0.0635918 0.0973638 -0.194565
FixedParameters: 0 0 0

#Transform 118
Transform: AffineTransform_float_3_3
Parameters: 0.999997 -0.0011887 0.00243111 0.0011933 0.999997 -0.0017691 -0.00242889 0.00177189 0.999995 0.0640252 0.0868709 -0.176233
FixedParameters: 0 0 0

#Transform 119
Transform: AffineTransform_float_3_3
Parameters: 0.999996 -0.00128247 0.00255827 0.00128753 0.999997 -0.00176871 -0.00255672 0.00177229 0.999995 0.0618603 0.107612 -0.161545
FixedParameters: 0 0 0

#Transform 120
Transform: AffineTransform_float_3_3
Parameters: 0.999995 -0.00130704 0.00279932 0.00131195 0.999997 -0.00176833 -0.00279668 0.00177266 0.999994 0.0749814 0.108008 -0.186129
FixedParameters: 0 0 0

#Transform 121
Transform: AffineTransform_float_3_3
Parameters: 0.999996 -0.00145722 0.00270158 0.00146178 0.999998 -0.00176806 -0.00269942 0.00177194 0.999995 0.0685512 0.0876122 -0.20545
FixedParameters: 0 0 0

#Transform 122
Transform: AffineTransform_float_3_3
Parameters: 0.999995 -0.00115326 0.00314111 0.00115874 0.999997 -0.00182537 -0.00313889 0.00182863 0.999994 0.0710829 0.071694 -0.221495
FixedParameters: 0 0 0

#Transform 123
Transform: AffineTransform_float_3_3
Parameters: 0.999996 -0.00145731 0.00264758 0.00146168 0.999998 -0.00176814 -0.00264442 0.00177286 0.999995 0.0699231 0.086203 -0.165853
FixedParameters: 0 0 0

#Transform 124
Transform: AffineTransform_float_3_3
Parameters: 0.999996 -0.00145781 0.00260135 0.00146219 0.999997 -0.0016082 -0.00259965 0.0016118 0.999996 0.06786 0.0841857 -0.14416
FixedParameters: 0 0 0

#Transform 125
Transform: AffineTransform_float_3_3
Parameters: 0.999997 -0.00116859 0.00237268 0.00117241 0.999999 -0.00143522 -0.00237132 0.00143878 0.999996 0.0487023 0.0969905 -0.0605007
FixedParameters: 0 0 0

#Transform 126
Transform: AffineTransform_float_3_3
Parameters: 0.999996 -0.0013967 0.00243148 0.0014013 0.999997 -0.0017686 -0.00242952 0.0017724 0.999996 0.0664555 0.0854517 -0.146329
FixedParameters: 0 0 0

#Transform 127
Transform: AffineTransform_float_3_3
Parameters: 0.999996 -0.00145875 0.00243095 0.00146225 0.999998 -0.00133445 -0.00242905 0.00133755 0.999996 0.0729455 0.0805916 -0.179666
FixedParameters: 0 0 0

#Transform 128
Transform: AffineTransform_float_3_3
Parameters: 0.999994 -0.00145603 0.00307084 0.00146197 0.999997 -0.00194252 -0.00306717 0.00194648 0.999994 0.0887177 0.0765103 -0.263371
FixedParameters: 0 0 0

#Transform 129
Transform: AffineTransform_float_3_3
Parameters: 0.999995 -0.00145671 0.00272084 0.0014623 0.999997 -0.00194503 -0.00271816 0.00194897 0.999995 0.0855069 0.0887997 -0.257233
FixedParameters: 0 0 0

#Transform 130
Transform: AffineTransform_float_3_3
Parameters: 0.999993 -0.00156825 0.00325078 0.00157375 0.999997 -0.0017669 -0.00324822 0.00177211 0.999993 0.0899184 0.079533 -0.284379
FixedParameters: 0 0 0

#Transform 131
Transform: AffineTransform_float_3_3
Parameters: 0.999994 -0.00194663 0.00292824 0.00195237 0.999995 -0.0021733 -0.00292376 0.00217871 0.999994 0.0738117 0.0713739 -0.275059
FixedParameters: 0 0 0

#Transform 132
Transform: AffineTransform_float_3_3
Parameters: 0.999995 -0.00185084 0.00277444 0.00185316 0.999998 -0.000774863 -0.00277256 0.000780136 0.999996 0.0765055 0.0927217 -0.171632
FixedParameters: 0 0 0

#Transform 133
Transform: AffineTransform_float_3_3
Parameters: 0.999996 -0.0018072 0.00248776 0.0018118 0.999997 -0.0015245 -0.00248524 0.0015295 0.999995 0.048806 0.0835239 -0.188809
FixedParameters: 0 0 0

#Transform 134
Transform: AffineTransform_float_3_3
Parameters: 0.999996 -0.00118842 0.00230089 0.00119358 0.999997 -0.00242426 -0.00229811 0.00242774 0.999995 0.0511848 0.0650489 -0.186094
FixedParameters: 0 0 0

#Transform 135
Transform: AffineTransform_float_3_3
Parameters: 0.999995 -0.00118553 0.00292345 0.00119347 0.999995 -0.00289653 -0.00291955 0.00290048 0.999992 0.0670458 0.0788684 -0.250921
FixedParameters: 0 0 0

#Transform 136
Transform: AffineTransform_float_3_3
Parameters: 0.999995 -0.00161753 0.00266394 0.00162447 0.999995 -0.00242968 -0.00266006 0.00243332 0.999994 0.0639875 0.0757505 -0.228588
FixedParameters: 0 0 0

#Transform 137
Transform: AffineTransform_float_3_3
Parameters: 0.999995 -0.00135252 0.00292893 0.00136148 0.999995 -0.00289603 -0.00292507 0.00289997 0.999992 0.0720059 0.0782985 -0.237173
FixedParameters: 0 0 0

#Transform 138
Transform: AffineTransform_float_3_3
Parameters: 0.999996 -0.00132801 0.0025876 0.00133498 0.999996 -0.00269956 -0.0025834 0.00270344 0.999993 0.0613192 0.0940707 -0.23127
FixedParameters: 0 0 0

#Transform 139
Transform: AffineTransform_float_3_3
Parameters: 0.999997 -0.00118798 0.00241597 0.00119403 0.999996 -0.00249412 -0.00241303 0.00249688 0.999994 0.0644684 0.0655146 -0.181632
FixedParameters: 0 0 0

#Transform 140
Transform: AffineTransform_float_3_3
Parameters: 0.999995 -0.00176842 0.00241709 0.00177358 0.999996 -0.00230872 -0.00241291 0.00231328 0.999995 0.0530017 0.131516 -0.197817
FixedParameters: 0 0 0

#Transform 141
Transform: AffineTransform_float_3_3
Parameters: 0.999996 -0.00155299 0.00241687 0.00155901 0.999995 -0.00248524 -0.00241313 0.00248976 0.999994 0.052523 0.124607 -0.219227
FixedParameters: 0 0 0

#Transform 142
Transform: AffineTransform_float_3_3
Parameters: 0.999995 -0.00127146 0.0029477 0.00128054 0.999995 -0.00289624 -0.0029433 0.00290076 0.999992 0.060382 0.135809 -0.245321
FixedParameters: 0 0 0

#Transform 143
Transform: AffineTransform_float_3_3
Parameters: 0.999996 -0.001498 0.00241735 0.001505 0.999994 -0.00289637 -0.00241265 0.00290062 0.999993 0.0647515 0.123496 -0.23426
FixedParameters: 0 0 0

#Transform 144
Transform: AffineTransform_float_3_3
Parameters: 0.999995 -0.00143992 0.0030523 0.00144908 0.999994 -0.00297359 -0.0030477 0.0029784 0.999991 0.0797788 0.126294 -0.292863
FixedParameters: 0 0 0

#Transform 145
Transform: AffineTransform_float_3_3
Parameters: 0.999994 -0.00167306 0.00308786 0.00168194 0.999995 -0.00289483 -0.00308314 0.00290018 0.999991 0.0539971 0.148695 -0.293631
FixedParameters: 0 0 0

#Transform 146
Transform: AffineTransform_float_3_3
Parameters: 0.999993 -0.00155264 0.00353202 0.00156436 0.999993 -0.0032165 -0.00352698 0.0032215 0.999988 0.0592926 0.123726 -0.320537
FixedParameters: 0 0 0

#Transform 147
Transform: AffineTransform_float_3_3
Parameters: 0.999993 -0.00160721 0.00353239 0.0016188 0.999993 -0.00333831 -0.00352761 0.0033437 0.999988 0.0705334 0.129646 -0.341391
FixedParameters: 0 0 0

#Transform 148
Transform: AffineTransform_float_3_3
Parameters: 0.999994 -0.00126912 0.00325726 0.00127988 0.999993 -0.00333985 -0.00325374 0.00334415 0.999989 0.0877232 0.108376 -0.325792
FixedParameters: 0 0 0

#Transform 149
Transform: AffineTransform_float_3_3
Parameters: 0.999993 -0.00160321 0.00353238 0.0016148 0.999993 -0.00333832 -0.00352763 0.00334368 0.999988 0.0847487 0.0929197 -0.344215
FixedParameters: 0 0 0

#Transform 150
Transform: AffineTransform_float_3_3
Parameters: 0.999993 -0.00153511 0.00339939 0.00154689 0.999992 -0.00349677 -0.00339461 0.00350223 0.999988 0.0805238 0.0989917 -0.325025
FixedParameters: 0 0 0

#Transform 151
Transform: AffineTransform_float_3_3
Parameters: 0.999992 -0.00149246 0.0035319 0.00150455 0.999993 -0.00326871 -0.0035271 0.00327329 0.999989 0.0710171 0.0903651 -0.327858
FixedParameters: 0 0 0

#Transform 152
Transform: AffineTransform_float_3_3
Parameters: 0.999993 -0.00150898 0.00360106 0.00152102 0.999994 -0.00333855 -0.00359594 0.00334445 0.999988 0.0701654 0.091462 -0.328676
FixedParameters: 0 0 0

#Transform 153
Transform: AffineTransform_float_3_3
Parameters: 0.999993 -0.00166921 0.0035326 0.0016808 0.999993 -0.00333809 -0.00352741 0.00334391 0.999988 0.0703686 0.101264 -0.327599
FixedParameters: 0 0 0

#Transform 154
Transform: AffineTransform_float_3_3
Parameters: 0.999991 -0.00175115 0.00381685 0.00176585 0.999991 -0.00389129 -0.00381015 0.00389871 0.999985 0.0728292 0.085384 -0.351425
FixedParameters: 0 0 0

#Transform 155
Transform: AffineTransform_float_3_3
Parameters: 0.999992 -0.00176875 0.00353467 0.00178425 0.999989 -0.00431473 -0.00352733 0.00432128 0.999985 0.0754847 0.108268 -0.328732
FixedParameters: 0 0 0

#Transform 156
Transform: AffineTransform_float_3_3
Parameters: 0.999993 -0.00165426 0.00353394 0.00166973 0.99999 -0.00417013 -0.00352706 0.00417687 0.999985 0.070484 0.104564 -0.297419
FixedParameters: 0 0 0

#Transform 157
Transform: AffineTransform_float_3_3
Parameters: 0.99999 -0.00204334 0.00414575 0.00206267 0.999986 -0.0047445 -0.00413625 0.0047525 0.99998 0.0784896 0.0960083 -0.341719
FixedParameters: 0 0 0

#Transform 158
Transform: AffineTransform_float_3_3
Parameters: 0.99999 -0.00182581 0.00391401 0.00184519 0.999987 -0.00490483 -0.00390499 0.00491118 0.999981 0.092289 0.110101 -0.35297
FixedParameters: 0 0 0

#Transform 159
Transform: AffineTransform_float_3_3
Parameters: 0.999989 -0.00205771 0.00421896 0.00207829 0.999987 -0.00481129 -0.00420904 0.00481972 0.99998 0.0879662 0.0894064 -0.374359
FixedParameters: 0 0 0

#Transform 160
Transform: AffineTransform_float_3_3
Parameters: 0.999989 -0.00203493 0.00424166 0.00205707 0.999985 -0.00520634 -0.00423034 0.00521467 0.999978 0.0846107 0.11157 -0.37286
FixedParameters: 0 0 0

#Transform 161
Transform: AffineTransform_float_3_3
Parameters: 0.999989 -0.00203545 0.00422944 0.00205654 0.999985 -0.00509636 -0.00421856 0.00510564 0.999978 0.0773161 0.115095 -0.332876
FixedParameters: 0 0 0

#Transform 162
Transform: AffineTransform_float_3_3
Parameters: 0.99999 -0.00203705 0.00399424 0.00205695 0.999986 -0.00499783 -0.00398376 0.00500617 0.999979 0.0802757 0.120423 -0.348094
FixedParameters: 0 0 0

#Transform 163
Transform: AffineTransform_float_3_3
Parameters: 0.99999 -0.00203525 0.00413977 0.00205676 0.999984 -0.00525754 -0.00412924 0.00526546 0.999977 0.0781813 0.13412 -0.391083
FixedParameters: 0 0 0

#Transform 164
Transform: AffineTransform_float_3_3
Parameters: 0.999988 -0.00218761 0.00452838 0.0022114 0.999984 -0.00516805 -0.00451762 0.00517795 0.999977 0.0784706 0.119051 -0.417997
FixedParameters: 0 0 0

#Transform 165
Transform: AffineTransform_float_3_3
Parameters: 0.999987 -0.00210984 0.00467643 0.00213415 0.999983 -0.0053811 -0.00466458 0.00539092 0.999975 0.0894599 0.106313 -0.431589
FixedParameters: 0 0 0

#Transform 166
Transform: AffineTransform_float_3_3
Parameters: 0.999987 -0.00211533 0.00461385 0.00214066 0.999982 -0.0055652 -0.00460115 0.00557481 0.999974 0.0903684 0.108802 -0.417637
FixedParameters: 0 0 0

#Transform 167
Transform: AffineTransform_float_3_3
Parameters: 0.999987 -0.00228256 0.0046775 0.00230844 0.999982 -0.00544027 -0.0046645 0.00545072 0.999975 0.095378 0.109876 -0.440743
FixedParameters: 0 0 0

#Transform 168
Transform: AffineTransform_float_3_3
Parameters: 0.999987 -0.00207008 0.00476535 0.00209593 0.999983 -0.00544108 -0.00475466 0.00545092 0.999974 0.094083 0.104496 -0.448086
FixedParameters: 0 0 0

#Transform 169
Transform: AffineTransform_float_3_3
Parameters: 0.999986 -0.00216956 0.00467688 0.00219544 0.999983 -0.0054408 -0.00466511 0.00545119 0.999975 0.101814 0.108051 -0.414542
FixedParameters: 0 0 0

#Transform 170
Transform: AffineTransform_float_3_3
Parameters: 0.999986 -0.00256206 0.0046793 0.00258794 0.999982 -0.00554697 -0.0046647 0.00555903 0.999973 0.09849 0.0985629 -0.45366
FixedParameters: 0 0 0

#Transform 171
Transform: AffineTransform_float_3_3
Parameters: 0.999986 -0.00261136 0.00475318 0.00263665 0.999982 -0.00539755 -0.00473882 0.00540945 0.999974 0.0819576 0.135379 -0.437094
FixedParameters: 0 0 0

#Transform 172
Transform: AffineTransform_float_3_3
Parameters: 0.999985 -0.00252752 0.0048479 0.00255448 0.999982 -0.0054627 -0.0048341 0.0054753 0.999974 0.08576 0.113774 -0.439736
FixedParameters: 0 0 0

#Transform 173
Transform: AffineTransform_float_3_3
Parameters: 0.999983 -0.00267935 0.00505682 0.00270865 0.999979 -0.0058664 -0.00504118 0.0058796 0.99997 0.0941003 0.121353 -0.439583
FixedParameters: 0 0 0

#Transform 174
Transform: AffineTransform_float_3_3
Parameters: 0.999984 -0.00257335 0.0050562 0.00260365 0.99998 -0.00586693 -0.00504079 0.00588007 0.99997 0.0876987 0.133403 -0.439867
FixedParameters: 0 0 0

#Transform 175
Transform: AffineTransform_float_3_3
Parameters: 0.999984 -0.00249935 0.00505577 0.00252865 0.999979 -0.00586731 -0.00504124 0.00587969 0.99997 0.0783327 0.118754 -0.457704
FixedParameters: 0 0 0

#Transform 176
Transform: AffineTransform_float_3_3
Parameters: 0.999983 -0.00245248 0.00532862 0.00248451 0.99998 -0.00591587 -0.00531338 0.00592914 0.999969 0.0885357 0.1191 -0.516101
FixedParameters: 0 0 0

#Transform 177
Transform: AffineTransform_float_3_3
Parameters: 0.999983 -0.00272211 0.00519038 0.00275489 0.999976 -0.00633981 -0.00517262 0.00635419 0.999967 0.092853 0.117574 -0.459622
FixedParameters: 0 0 0

#Transform 178
Transform: AffineTransform_float_3_3
Parameters: 0.999982 -0.00281447 0.0054281 0.00285153 0.999974 -0.00673365 -0.0054089 0.00674935 0.999962 0.0869382 0.112373 -0.476483
FixedParameters: 0 0 0

#Transform 179
Transform: AffineTransform_float_3_3
Parameters: 0.999982 -0.00231115 0.00554094 0.00234885 0.999974 -0.00683511 -0.00552506 0.00684789 0.999962 0.0935174 0.118322 -0.448186
FixedParameters: 0 0 0
