#Insight Transform File V1.0
#Transform 0
Transform: AffineTransform_float_3_3
Parameters: 0.999999 -0.000786586 -0.000475684 0.000787413 1 0.000869626 0.000474315 -0.000870373 0.999999 0.0275181 -0.00593131 -0.101304
FixedParameters: 0 0 0

#Transform 1
Transform: AffineTransform_float_3_3
Parameters: 0.999999 -0.000786379 -0.000476026 0.00078762 0.999999 0.00130463 0.000474972 -0.00130537 0.999999 0.0178636 0.0137569 -0.0761274
FixedParameters: 0 0 0

#Transform 2
Transform: AffineTransform_float_3_3
Parameters: 1 -0.00043053 -0.000475426 0.00043147 1 0.000988796 0.000474574 -0.000989205 1 0.0141526 0.0156698 -0.101825
FixedParameters: 0 0 0

#Transform 3
Transform: AffineTransform_float_3_3
Parameters: 0.999999 -0.000560506 -0.000475583 0.000561494 1 0.00103973 0.000474416 -0.00104027 1 0.00723496 0.0155016 -0.0778412
FixedParameters: 0 0 0

#Transform 4
Transform: AffineTransform_float_3_3
Parameters: 1 -0.000256342 -0.000475355 0.000256657 0.999999 0.00138388 0.000474645 -0.00138412 0.999999 0.00277718 0.0304241 -0.0668181
FixedParameters: 0 0 0

#Transform 5
Transform: AffineTransform_float_3_3
Parameters: 1 -4.83853e-05 -0.000591051 4.86157e-05 1 0.00103997 0.00059195 -0.00104003 1 0.0064819 0.040883 -0.0724647
FixedParameters: 0 0 0

#Transform 6
Transform: AffineTransform_float_3_3
Parameters: 1 -6.5506e-05 -0.000475068 6.5494e-05 1 0.00103997 0.000474932 -0.00104003 1 0.00553983 0.0278124 -0.115813
FixedParameters: 0 0 0

#Transform 7
Transform: AffineTransform_float_3_3
Parameters: 1 -0.000114594 -0.000328142 0.000115406 0.999999 0.00123696 0.000327858 -0.00123704 0.999999 0.00456891 0.00649022 -0.0940689
FixedParameters: 0 0 0

#Transform 8
Transform: AffineTransform_float_3_3
Parameters: 1 -0.000198804 -0.000475082 0.000199196 1 0.000411905 0.000474918 -0.000412094 1 0.0187243 -0.00531943 -0.0987419
FixedParameters: 0 0 0

#Transform 9
Transform: AffineTransform_float_3_3
Parameters: 1 -0.000167849 -0.000475053 0.000168151 1 0.00031692 0.000474947 -0.00031708 1 0.0155034 0.00278573 -0.0993411
FixedParameters: 0 0 0

#Transform 10
Transform: AffineTransform_float_3_3
Parameters: 1 -0.000139884 -0.000170095 0.000140116 1 0.000680976 0.000169905 -0.000681023 1 0.00416908 0.0180783 -0.0636707
FixedParameters: 0 0 0

#Transform 11
Transform: AffineTransform_float_3_3
Parameters: 1 -7.78494e-05 -0.000475025 7.81505e-05 1 0.000316963 0.000474975 -0.000317037 1 -0.000834898 0.0211089 -0.0652077
FixedParameters: 0 0 0

#Transform 12
Transform: AffineTransform_float_3_3
Parameters: 1 -0.000194881 -0.000475049 0.000194119 1 0.000250908 0.000474951 -0.000250093 1 0.016981 0.0158282 -0.0529425
FixedParameters: 0 0 0

#Transform 13
Transform: AffineTransform_float_3_3
Parameters: 1 -0.00029581 -0.000299188 0.00029519 1 0.000634911 0.000299813 -0.000635088 1 0.0161141 0.00325761 -0.0404921
FixedParameters: 0 0 0

#Transform 14
Transform: AffineTransform_float_3_3
Parameters: 1 -0.000311762 -0.000294253 0.000312238 1 0.000810908 0.000293747 -0.000811092 0.999999 0.0117961 0.0171795 -0.0236019
FixedParameters: 0 0 0

#Transform 15
Transform: AffineTransform_float_3_3
Parameters: 1 -0.000196855 -0.000328087 0.000197146 1 0.000443935 0.000328913 -0.000443065 1 0.00756159 0.0117002 -0.045493
FixedParameters: 0 0 0

#Transform 16
Transform: AffineTransform_float_3_3
Parameters: 1 -0.000164949 -0.000475018 0.000165051 1 0.000107922 0.000474982 -0.000108078 1 0.00446662 -0.00586863 -0.0462996
FixedParameters: 0 0 0

#Transform 17
Transform: AffineTransform_float_3_3
Parameters: 1 -0.000119705 -0.000475074 0.000120294 1 0.000619943 0.000474925 -0.000620057 0.999999 0.0152977 0.0105011 0.00259422
FixedParameters: 0 0 0

#Transform 18
Transform: AffineTransform_float_3_3
Parameters: 1 -0.000129969 -6.60613e-05 0.000130032 1 0.000471991 6.69386e-05 -0.000472009 1 0.00443313 0.00721112 0.0169585
FixedParameters: 0 0 0

#Transform 19
Transform: AffineTransform_float_3_3
Parameters: 1 -3.09493e-05 -0.000129012 3.10507e-05 1 0.000392996 0.000128988 -0.000393004 1 0.00559163 -0.000342265 0.00437235
FixedParameters: 0 0 0

#Transform 20
Transform: AffineTransform_float_3_3
Parameters: 1 -4.88641e-05 -0.000475014 4.91358e-05 1 0.000285977 0.000474986 -0.000286023 1 0.00534809 0.00299834 -0.00509358
FixedParameters: 0 0 0

#Transform 21
Transform: AffineTransform_float_3_3
Parameters: 1 -9.89047e-05 -0.00023404 9.90956e-05 1 0.000406977 0.00023496 -0.000407023 1 -0.00102056 0.0122582 0.00953107
FixedParameters: 0 0 0

#Transform 22
Transform: AffineTransform_float_3_3
Parameters: 1 4.59743e-05 4.30274e-05 -4.60257e-05 1 0.000596998 -4.29725e-05 -0.000597002 1 -0.00459797 0.0124506 0.0179583
FixedParameters: 0 0 0

#Transform 23
Transform: AffineTransform_float_3_3
Parameters: 1 -1.99916e-05 -3.10054e-05 2.00084e-05 1 0.000270999 3.09946e-05 -0.000271001 1 0.000683538 0.00252202 -0.00977707
FixedParameters: 0 0 0

#Transform 24
Transform: AffineTransform_float_3_3
Parameters: 1 -9.70173e-05 6.39737e-05 9.69826e-05 1 0.000271006 -6.40263e-05 -0.000270994 1 0.000794543 0.0023289 0.00984241
FixedParameters: 0 0 0

#Transform 25
Transform: AffineTransform_float_3_3
Parameters: 1 -0.000146071 0.00026296 0.000145929 1 0.000271038 -0.00026304 -0.000270962 1 0.00389631 0.0135577 0.0421619
FixedParameters: 0 0 0

#Transform 26
Transform: AffineTransform_float_3_3
Parameters: 1 5.99417e-05 0.000123028 -6.00583e-05 1 0.000473993 -0.000122972 -0.000474007 1 -0.00340149 0.0352831 0.069028
FixedParameters: 0 0 0

#Transform 27
Transform: AffineTransform_float_3_3
Parameters: 1 3.7969e-05 0.000595002 -3.80309e-05 1 5.19774e-05 -0.000594998 -5.20226e-05 1 -0.00544651 0.0391465 0.0655556
FixedParameters: 0 0 0

#Transform 28
Transform: AffineTransform_float_3_3
Parameters: 1 -9.05913e-05 0.000609061 9.04092e-05 1 -0.000671945 -0.000608939 0.000671055 0.999999 -0.0100767 0.0360947 0.0487364
FixedParameters: 0 0 0

#Transform 29
Transform: AffineTransform_float_3_3
Parameters: 1 5.1356e-05 0.000651972 -5.0644e-05 1 -0.000546033 -0.000652027 0.000545966 0.999999 0.00675157 0.0346509 0.061689
FixedParameters: 0 0 0

#Transform 30
Transform: AffineTransform_float_3_3
Parameters: 1 -0.000184585 0.00051115 0.000184416 0.999999 -0.000811905 -0.00051185 0.000812094 0.999999 0.0186494 0.0471853 0.0602828
FixedParameters: 0 0 0

#Transform 31
Transform: AffineTransform_float_3_3
Parameters: 1 -4.83162e-05 0.000511065 4.86837e-05 0.999999 -0.00133798 -0.000510935 0.00133802 0.999999 0.00869969 0.0215344 0.0571121
FixedParameters: 0 0 0

#Transform 32
Transform: AffineTransform_float_3_3
Parameters: 1 -3.23725e-05 0.00051104 3.36275e-05 0.999999 -0.00122798 -0.000510959 0.00122802 0.999999 0.0144128 0.0416632 0.0765544
FixedParameters: 0 0 0

#Transform 33
Transform: AffineTransform_float_3_3
Parameters: 0.999999 0.000230786 0.00082178 -0.000230214 0.999999 -0.000956189 -0.000822221 0.00095681 0.999999 0.00426781 0.0410703 0.091206
FixedParameters: 0 0 0

#Transform 34
Transform: AffineTransform_float_3_3
Parameters: 0.999999 2.28266e-05 0.000834978 -2.11733e-05 0.999999 -0.000990018 -0.000835021 0.000989981 0.999999 0.00533252 0.0301266 0.0446607
FixedParameters: 0 0 0

#Transform 35
Transform: AffineTransform_float_3_3
Parameters: 0.999999 -0.000218007 0.000804269 0.000218993 0.999999 -0.00123482 -0.00080373 0.00123518 0.999999 0.003916 0.0399395 0.0969839
FixedParameters: 0 0 0

#Transform 36
Transform: AffineTransform_float_3_3
Parameters: 1 -0.00028109 0.00105251 0.000282911 0.999999 -0.0018147 -0.00105249 0.0018153 0.999998 0.0145676 0.0303005 0.0829455
FixedParameters: 0 0 0

#Transform 37
Transform: AffineTransform_float_3_3
Parameters: 1 -0.0001908 0.00114837 0.000193201 0.999998 -0.00191578 -0.00114863 0.00191622 0.999998 0.0058441 0.0278682 0.0603037
FixedParameters: 0 0 0

#Transform 38
Transform: AffineTransform_float_3_3
Parameters: 0.999999 -0.000386106 0.0012439 0.000388891 0.999997 -0.00232652 -0.0012421 0.00232748 0.999996 0.00628865 0.031959 0.0893815
FixedParameters: 0 0 0

#Transform 39
Transform: AffineTransform_float_3_3
Parameters: 0.999998 -0.000531227 0.00162224 0.000534774 0.999997 -0.00232614 -0.00162176 0.00232687 0.999996 0.00782752 0.0462253 0.10312
FixedParameters: 0 0 0

#Transform 40
Transform: AffineTransform_float_3_3
Parameters: 0.999999 -0.000422887 0.00141324 0.000426112 0.999995 -0.0029114 -0.00141176 0.0029116 0.999995 0.00498992 0.0169787 0.0854585
FixedParameters: 0 0 0

#Transform 41
Transform: AffineTransform_float_3_3
Parameters: 0.999999 -0.000604816 0.00162257 0.000608187 0.999997 -0.00258002 -0.00162144 0.00258099 0.999996 0.0215234 0.0460701 0.100198
FixedParameters: 0 0 0

#Transform 42
Transform: AffineTransform_float_3_3
Parameters: 0.999999 -0.000481912 0.00126457 0.000486088 0.999994 -0.00323339 -0.00126343 0.00323461 0.999994 0.0221438 0.0299796 0.074059
FixedParameters: 0 0 0

#Transform 43
Transform: AffineTransform_float_3_3
Parameters: 0.999999 -0.000382831 0.00127626 0.000387167 0.999994 -0.00326751 -0.00127474 0.00326849 0.999994 0.00983867 0.0485329 0.0672549
FixedParameters: 0 0 0

#Transform 44
Transform: AffineTransform_float_3_3
Parameters: 0.999998 -0.000270179 0.00162181 0.000274822 0.999995 -0.00297356 -0.00162119 0.00297344 0.999995 0.011911 0.0457528 0.0554088
FixedParameters: 0 0 0

#Transform 45
Transform: AffineTransform_float_3_3
Parameters: 0.999998 -0.000177091 0.00162154 0.00018191 0.999996 -0.00302771 -0.00162146 0.00302829 0.999994 0.00151526 0.0458478 0.0843737
FixedParameters: 0 0 0

#Transform 46
Transform: AffineTransform_float_3_3
Parameters: 0.999999 -0.00014151 0.00143845 0.000145489 0.999995 -0.00312179 -0.00143755 0.00312221 0.999994 0.00983146 0.0319715 0.0484555
FixedParameters: 0 0 0

#Transform 47
Transform: AffineTransform_float_3_3
Parameters: 0.999999 -0.000201464 0.00135568 0.000205534 0.999995 -0.00334672 -0.00135432 0.00334728 0.999993 0.00408883 0.0337643 0.0289574
FixedParameters: 0 0 0

#Transform 48
Transform: AffineTransform_float_3_3
Parameters: 0.999998 -0.0001878 0.00162161 0.0001932 0.999995 -0.00320669 -0.00162139 0.00320731 0.999993 0.00158639 0.0475686 0.0696878
FixedParameters: 0 0 0

#Transform 49
Transform: AffineTransform_float_3_3
Parameters: 0.999999 -7.58473e-05 0.00133024 8.01518e-05 0.999995 -0.0031219 -0.00132976 0.0031221 0.999994 0.00349811 0.0490755 0.0754916
FixedParameters: 0 0 0

#Transform 50
Transform: AffineTransform_float_3_3
Parameters: 0.999998 -2.19391e-05 0.00162108 2.70606e-05 0.999995 -0.00312196 -0.00162092 0.00312204 0.999994 0.000505932 0.0611686 0.0382444
FixedParameters: 0 0 0

#Transform 51
Transform: AffineTransform_float_3_3
Parameters: 1 0.000107774 0.00120867 -0.000104225 0.999995 -0.00312213 -0.00120933 0.00312187 0.999995 0.00340396 0.0653895 0.0625225
FixedParameters: 0 0 0

#Transform 52
Transform: AffineTransform_float_3_3
Parameters: 1 0.000364309 0.00115196 -0.000361692 0.999996 -0.00287042 -0.00115304 0.00287058 0.999995 -0.0110554 0.0625948 0.0745578
FixedParameters: 0 0 0

#Transform 53
Transform: AffineTransform_float_3_3
Parameters: 0.999999 0.000261357 0.000815248 -0.00025864 0.999996 -0.00289021 -0.000816751 0.00288979 0.999996 -0.0231585 0.0630363 0.0792399
FixedParameters: 0 0 0

#Transform 54
Transform: AffineTransform_float_3_3
Parameters: 0.999999 0.000262466 0.00120825 -0.000258531 0.999996 -0.00286831 -0.00120975 0.00286768 0.999995 -0.00758308 0.0510653 0.0640024
FixedParameters: 0 0 0

#Transform 55
Transform: AffineTransform_float_3_3
Parameters: 0.999999 0.000392247 0.00120795 -0.000389754 0.999997 -0.00268647 -0.00120905 0.00268653 0.999995 -0.00538263 0.0520141 0.095513
FixedParameters: 0 0 0

#Transform 56
Transform: AffineTransform_float_3_3
Parameters: 1 0.000746245 0.000759803 -0.000743756 0.999996 -0.00294957 -0.000762198 0.00294944 0.999996 -0.0184618 0.0460993 0.0644732
FixedParameters: 0 0 0

#Transform 57
Transform: AffineTransform_float_3_3
Parameters: 1 0.000720455 0.000846917 -0.000718545 0.999995 -0.00289561 -0.000849084 0.00289539 0.999995 -0.016019 0.0620826 0.0646316
FixedParameters: 0 0 0

#Transform 58
Transform: AffineTransform_float_3_3
Parameters: 1 0.000843276 0.00075948 -0.000841722 0.999995 -0.00299264 -0.000762522 0.00299136 0.999995 -0.0190195 0.067734 0.101069
FixedParameters: 0 0 0

#Transform 59
Transform: AffineTransform_float_3_3
Parameters: 1 0.000830164 0.000759642 -0.000827835 0.999995 -0.00284463 -0.000762358 0.00284437 0.999995 -0.0218521 0.0796552 0.0656465
FixedParameters: 0 0 0

#Transform 60
Transform: AffineTransform_float_3_3
Parameters: 1 0.00087622 0.000759446 -0.000873779 0.999996 -0.00291867 -0.000762552 0.00291733 0.999995 -0.0170612 0.0883531 0.071391
FixedParameters: 0 0 0

#Transform 61
Transform: AffineTransform_float_3_3
Parameters: 1 0.000861562 0.000759103 -0.000859439 0.999994 -0.00336865 -0.000761899 0.00336735 0.999994 -0.0259761 0.0811537 0.0930751
FixedParameters: 0 0 0

#Transform 62
Transform: AffineTransform_float_3_3
Parameters: 1 0.00088748 0.000759111 -0.000884521 0.999995 -0.00326068 -0.000761889 0.00326033 0.999995 -0.030871 0.0785965 0.0853776
FixedParameters: 0 0 0

#Transform 63
Transform: AffineTransform_float_3_3
Parameters: 0.999999 0.00127794 0.000295968 -0.00127706 0.999994 -0.00315638 -0.000300033 0.00315662 0.999995 -0.0449027 0.0747296 0.0616432
FixedParameters: 0 0 0

#Transform 64
Transform: AffineTransform_float_3_3
Parameters: 0.999998 0.00155449 0.000498366 -0.0015535 0.999995 -0.00298278 -0.000503636 0.00298222 0.999996 -0.0437024 0.0919699 0.104641
FixedParameters: 0 0 0

#Transform 65
Transform: AffineTransform_float_3_3
Parameters: 0.999998 0.0016481 0.000293869 -0.00164689 0.999991 -0.00372149 -0.00030013 0.00372051 0.999993 -0.0487382 0.0920269 0.0562868
FixedParameters: 0 0 0

#Transform 66
Transform: AffineTransform_float_3_3
Parameters: 0.999999 0.00138695 0.000295584 -0.00138605 0.999994 -0.00318541 -0.000300417 0.00318559 0.999995 -0.04007 0.0937855 0.0868238
FixedParameters: 0 0 0

#Transform 67
Transform: AffineTransform_float_3_3
Parameters: 0.999998 0.00166132 0.000359966 -0.00166068 0.999992 -0.0036336 -0.000366037 0.0036334 0.999994 -0.0423784 0.0761599 0.0459828
FixedParameters: 0 0 0

#Transform 68
Transform: AffineTransform_float_3_3
Parameters: 0.999998 0.00170068 0.000485153 -0.00169932 0.999992 -0.00343983 -0.000490848 0.00343917 0.999994 -0.0494508 0.0764101 0.061776
FixedParameters: 0 0 0

#Transform 69
Transform: AffineTransform_float_3_3
Parameters: 0.999999 0.00178608 0.0002935 -0.00178492 0.999992 -0.00364053 -0.000300501 0.00364047 0.999994 -0.0485223 0.076036 0.0520316
FixedParameters: 0 0 0

#Transform 70
Transform: AffineTransform_float_3_3
Parameters: 0.999998 0.00192749 0.000381522 -0.0019265 0.99999 -0.00388174 -0.000389481 0.00388126 0.999993 -0.0411669 0.0615513 0.021004
FixedParameters: 0 0 0

#Transform 71
Transform: AffineTransform_float_3_3
Parameters: 0.999999 0.00174049 0.000383314 -0.00173952 0.999991 -0.00384367 -0.000389689 0.00384333 0.999992 -0.0538203 0.0615641 0.0158512
FixedParameters: 0 0 0

#Transform 72
Transform: AffineTransform_float_3_3
Parameters: 0.999999 0.00174009 0.000293616 -0.00173891 0.999992 -0.00367052 -0.000300384 0.00366948 0.999993 -0.0624119 0.0803744 0.0608249
FixedParameters: 0 0 0

#Transform 73
Transform: AffineTransform_float_3_3
Parameters: 0.999998 0.0017404 0.000344986 -0.00173959 0.999991 -0.00403161 -0.000352016 0.00403139 0.999992 -0.0546983 0.0671926 0.0319022
FixedParameters: 0 0 0

#Transform 74
Transform: AffineTransform_float_3_3
Parameters: 0.999999 0.00174014 0.000293314 -0.00173886 0.999991 -0.00384351 -0.000300684 0.00384248 0.999992 -0.054158 0.0804252 0.0166528
FixedParameters: 0 0 0

#Transform 75
Transform: AffineTransform_float_3_3
Parameters: 0.999998 0.00174042 0.00035104 -0.00173958 0.999991 -0.00400062 -0.000357962 0.00400038 0.999992 -0.0642183 0.0811074 0.0310241
FixedParameters: 0 0 0

#Transform 76
Transform: AffineTransform_float_3_3
Parameters: 0.999998 0.00184525 0.000553562 -0.00184276 0.99999 -0.00403403 -0.000560437 0.00403297 0.999991 -0.0625215 0.0820708 0.0168492
FixedParameters: 0 0 0

#Transform 77
Transform: AffineTransform_float_3_3
Parameters: 0.999997 0.0019676 0.00088806 -0.0019644 0.99999 -0.00403976 -0.000895942 0.00403825 0.999992 -0.0508959 0.0669814 -0.0102866
FixedParameters: 0 0 0

#Transform 78
Transform: AffineTransform_float_3_3
Parameters: 0.999998 0.00174259 0.000849684 -0.00173941 0.999989 -0.00420348 -0.000857317 0.00420151 0.999991 -0.0603832 0.0765452 -0.0292745
FixedParameters: 0 0 0

#Transform 79
Transform: AffineTransform_float_3_3
Parameters: 0.999998 0.00168386 0.000849397 -0.00168015 0.999989 -0.00452144 -0.000856604 0.00451957 0.99999 -0.0479012 0.0855297 -0.0268803
FixedParameters: 0 0 0

#Transform 80
Transform: AffineTransform_float_3_3
Parameters: 0.999999 0.00142933 0.000293611 -0.00142767 0.999989 -0.00447242 -0.000300387 0.00447158 0.99999 -0.0571114 0.0719832 -0.0223234
FixedParameters: 0 0 0

#Transform 81
Transform: AffineTransform_float_3_3
Parameters: 0.999999 0.001557 0.000215917 -0.001556 0.999988 -0.00455034 -0.000223082 0.00454965 0.999989 -0.0533996 0.0939322 -0.030203
FixedParameters: 0 0 0

#Transform 82
Transform: AffineTransform_float_3_3
Parameters: 0.999999 0.0015252 0.000293843 -0.0015238 0.99999 -0.00403845 -0.000300155 0.00403755 0.999992 -0.0593931 0.0865124 0.00167237
FixedParameters: 0 0 0

#Transform 83
Transform: AffineTransform_float_3_3
Parameters: 0.999999 0.00146358 0.000557263 -0.00146142 0.999989 -0.00460782 -0.00056374 0.00460718 0.999989 -0.040969 0.0800463 -0.0815315
FixedParameters: 0 0 0

#Transform 84
Transform: AffineTransform_float_3_3
Parameters: 0.999999 0.00139837 0.000293561 -0.00139763 0.999989 -0.00460742 -0.000300443 0.00460759 0.99999 -0.0433025 0.0822965 -0.0555034
FixedParameters: 0 0 0

#Transform 85
Transform: AffineTransform_float_3_3
Parameters: 0.999999 0.00127495 0.000402864 -0.00127304 0.999987 -0.00481652 -0.000409137 0.00481648 0.999989 -0.0427699 0.0887083 -0.0354951
FixedParameters: 0 0 0

#Transform 86
Transform: AffineTransform_float_3_3
Parameters: 0.999999 0.00109478 0.00082903 -0.00109122 0.999989 -0.00454791 -0.000833971 0.00454709 0.99999 -0.0453113 0.102745 -0.00163382
FixedParameters: 0 0 0

#Transform 87
Transform: AffineTransform_float_3_3
Parameters: 0.999999 0.00109404 0.000657967 -0.00109096 0.999989 -0.00460772 -0.000663034 0.00460728 0.999989 -0.0457614 0.111348 0.0108636
FixedParameters: 0 0 0

#Transform 88
Transform: AffineTransform_float_3_3
Parameters: 0.999999 0.00109414 0.000647731 -0.00109086 0.999988 -0.00482271 -0.000653269 0.00482229 0.999988 -0.0436941 0.107129 0.00373526
FixedParameters: 0 0 0

#Transform 89
Transform: AffineTransform_float_3_3
Parameters: 1 0.00101537 0.000295325 -0.00101363 0.999989 -0.0046073 -0.000300673 0.0046067 0.99999 -0.0401189 0.0949825 0.0201373
FixedParameters: 0 0 0

#Transform 90
Transform: AffineTransform_float_3_3
Parameters: 1 0.00109242 0.000294785 -0.00109058 0.999988 -0.00477732 -0.000300214 0.00477767 0.999988 -0.0405888 0.0876768 0.0276295
FixedParameters: 0 0 0

#Transform 91
Transform: AffineTransform_float_3_3
Parameters: 1 0.00109329 0.000479824 -0.00109072 0.999988 -0.00473953 -0.000484175 0.00473947 0.999988 -0.0421403 0.0983769 0.0275642
FixedParameters: 0 0 0

#Transform 92
Transform: AffineTransform_float_3_3
Parameters: 1 0.00109242 0.000294778 -0.00109058 0.999988 -0.00478333 -0.000300221 0.00478368 0.999989 -0.0405636 0.0996143 0.034639
FixedParameters: 0 0 0

#Transform 93
Transform: AffineTransform_float_3_3
Parameters: 0.999999 0.0013114 0.000293816 -0.0013106 0.999988 -0.00471839 -0.000300186 0.00471761 0.999989 -0.0418727 0.104424 0.048245
FixedParameters: 0 0 0

#Transform 94
Transform: AffineTransform_float_3_3
Parameters: 0.999999 0.00122737 0.000294349 -0.00122563 0.999988 -0.00460736 -0.000300651 0.00460763 0.99999 -0.0414094 0.108628 0.044992
FixedParameters: 0 0 0

#Transform 95
Transform: AffineTransform_float_3_3
Parameters: 1 0.0010934 0.000518968 -0.0010906 0.999989 -0.00460757 -0.000524031 0.00460743 0.999989 -0.0350966 0.101708 0.0539282
FixedParameters: 0 0 0

#Transform 96
Transform: AffineTransform_float_3_3
Parameters: 0.999999 0.00109441 0.000643237 -0.00109059 0.999985 -0.0052747 -0.000648762 0.00527429 0.999986 -0.0347702 0.10476 0.0310845
FixedParameters: 0 0 0

#Transform 97
Transform: AffineTransform_float_3_3
Parameters: 0.999999 0.00109492 0.000779516 -0.00109108 0.999987 -0.00501785 -0.000784485 0.00501715 0.999987 -0.0216621 0.103331 0.0415295
FixedParameters: 0 0 0

#Transform 98
Transform: AffineTransform_float_3_3
Parameters: 1 0.00109368 0.00053052 -0.00109133 0.999987 -0.00501758 -0.000535483 0.00501742 0.999988 -0.0232719 0.10209 0.0533414
FixedParameters: 0 0 0

#Transform 99
Transform: AffineTransform_float_3_3
Parameters: 0.999999 0.000812712 0.000936934 -0.000807289 0.999987 -0.00501776 -0.000941063 0.00501724 0.999987 -0.0284022 0.100437 0.0596459
FixedParameters: 0 0 0

#Transform 100
Transform: AffineTransform_float_3_3
Parameters: 0.999999 0.000970753 0.000881797 -0.000966247 0.999985 -0.00537386 -0.000887205 0.00537314 0.999985 -0.023123 0.0929395 0.0389629
FixedParameters: 0 0 0

#Transform 101
Transform: AffineTransform_float_3_3
Parameters: 0.999999 0.00109513 0.000791322 -0.00109088 0.999986 -0.00519487 -0.000796678 0.00519413 0.999986 -0.0249249 0.0912112 0.0403227
FixedParameters: 0 0 0

#Transform 102
Transform: AffineTransform_float_3_3
Parameters: 0.999999 0.00115592 0.000715712 -0.00115208 0.999985 -0.00544983 -0.000722289 0.00544917 0.999985 -0.0314235 0.107251 0.0365159
FixedParameters: 0 0 0

#Transform 103
Transform: AffineTransform_float_3_3
Parameters: 0.999999 0.0010945 0.000595623 -0.0010905 0.999983 -0.00583566 -0.000602374 0.00583535 0.999983 -0.0305833 0.0968595 0.0274073
FixedParameters: 0 0 0

#Transform 104
Transform: AffineTransform_float_3_3
Parameters: 0.999999 0.00116216 0.000807624 -0.00115684 0.999979 -0.00636194 -0.000815376 0.00636106 0.99998 -0.0150037 0.101412 -0.000906715
FixedParameters: 0 0 0

#Transform 105
Transform: AffineTransform_float_3_3
Parameters: 0.999999 0.00115077 0.00105869 -0.00114423 0.999979 -0.00637022 -0.00106631 0.00636978 0.999979 -0.0171361 0.112183 -0.0278863
FixedParameters: 0 0 0

#Transform 106
Transform: AffineTransform_float_3_3
Parameters: 0.999999 0.000953513 0.00115283 -0.000945486 0.999979 -0.0065001 -0.00115917 0.00649891 0.999978 -0.0204588 0.119733 -0.0191087
FixedParameters: 0 0 0

#Transform 107
Transform: AffineTransform_float_3_3
Parameters: 0.999999 0.00109647 0.000774313 -0.00109053 0.999974 -0.00702885 -0.000781684 0.00702815 0.999975 -0.0216511 0.118181 -0.0679541
FixedParameters: 0 0 0

#Transform 108
Transform: AffineTransform_float_3_3
Parameters: 0.999998 0.00110012 0.00132749 -0.00109088 0.999976 -0.00685246 -0.0013345 0.00685054 0.999975 -0.0144417 0.106165 -0.0599272
FixedParameters: 0 0 0

#Transform 109
Transform: AffineTransform_float_3_3
Parameters: 0.999999 0.00103479 0.00143398 -0.00102521 0.999977 -0.00681248 -0.00144102 0.00681152 0.999976 -0.0309008 0.125383 -0.0301286
FixedParameters: 0 0 0

#Transform 110
Transform: AffineTransform_float_3_3
Parameters: 0.999999 0.00110123 0.0014332 -0.00109078 0.999974 -0.00711657 -0.0014408 0.00711542 0.999973 -0.0345735 0.123133 -0.0355998
FixedParameters: 0 0 0

#Transform 111
Transform: AffineTransform_float_3_3
Parameters: 0.999999 0.00109837 0.00103323 -0.00109063 0.999974 -0.00710114 -0.00104177 0.00710087 0.999974 -0.0363385 0.111581 -0.0240847
FixedParameters: 0 0 0

#Transform 112
Transform: AffineTransform_float_3_3
Parameters: 0.999999 0.00110045 0.00136644 -0.00109055 0.999975 -0.0068975 -0.00137456 0.0068965 0.999976 -0.0391715 0.120084 -0.0252211
FixedParameters: 0 0 0

#Transform 113
Transform: AffineTransform_float_3_3
Parameters: 0.999999 0.00110166 0.00143287 -0.00109135 0.999972 -0.00741958 -0.00144014 0.00741743 0.999972 -0.0388636 0.112007 -0.0425061
FixedParameters: 0 0 0

#Transform 114
Transform: AffineTransform_float_3_3
Parameters: 0.999999 0.00110139 0.00143307 -0.00109061 0.999974 -0.00723058 -0.00144092 0.00722943 0.999973 -0.0245565 0.118709 -0.0537299
FixedParameters: 0 0 0

#Transform 115
Transform: AffineTransform_float_3_3
Parameters: 0.999999 0.000657125 0.00170538 -0.000644877 0.999974 -0.00710111 -0.00170962 0.00709989 0.999974 -0.0191016 0.128269 -0.03626
FixedParameters: 0 0 0

#Transform 116
Transform: AffineTransform_float_3_3
Parameters: 0.999998 0.000657314 0.00154181 -0.000644692 0.999968 -0.00797401 -0.00154619 0.007973 0.999967 -0.0178394 0.108836 -0.123
FixedParameters: 0 0 0

#Transform 117
Transform: AffineTransform_float_3_3
Parameters: 0.999999 0.000475233 0.00143733 -0.000463771 0.99997 -0.00780468 -0.00144066 0.00780432 0.999968 -0.0156977 0.119223 -0.0897936
FixedParameters: 0 0 0

#Transform 118
Transform: AffineTransform_float_3_3
Parameters: 0.999999 0.00062761 0.00143641 -0.000616393 0.999972 -0.00737489 -0.00144058 0.0073741 0.999972 -0.0165977 0.127888 -0.0460855
FixedParameters: 0 0 0

#Transform 119
Transform: AffineTransform_float_3_3
Parameters: 0.999999 0.00064607 0.00113388 -0.000636929 0.999968 -0.00798173 -0.00113912 0.00798027 0.999968 -0.0352952 0.14519 -0.12759
FixedParameters: 0 0 0

#Transform 120
Transform: AffineTransform_float_3_3
Parameters: 0.999999 0.000764571 0.00110009 -0.000756431 0.99997 -0.00776984 -0.00110591 0.00776917 0.999969 -0.0356993 0.138797 -0.117399
FixedParameters: 0 0 0

#Transform 121
Transform: AffineTransform_float_3_3
Parameters: 0.999999 0.000916643 0.00103327 -0.00090936 0.999973 -0.00737295 -0.00103973 0.00737206 0.999973 -0.0359662 0.134338 -0.095097
FixedParameters: 0 0 0

#Transform 122
Transform: AffineTransform_float_3_3
Parameters: 0.999999 0.00100131 0.001032 -0.000992688 0.999968 -0.00802404 -0.00104 0.00802297 0.999968 -0.0364728 0.116514 -0.0963036
FixedParameters: 0 0 0

#Transform 123
Transform: AffineTransform_float_3_3
Parameters: 0.999999 0.000892181 0.00103299 -0.00088382 0.999969 -0.00789293 -0.00104001 0.00789209 0.999969 -0.023735 0.1215 -0.10818
FixedParameters: 0 0 0

#Transform 124
Transform: AffineTransform_float_3_3
Parameters: 0.999999 0.000719817 0.00110394 -0.000712183 0.999975 -0.00706479 -0.00110906 0.00706421 0.999975 -0.0166509 0.132135 -0.0812686
FixedParameters: 0 0 0

#Transform 125
Transform: AffineTransform_float_3_3
Parameters: 0.999999 0.000900037 0.00103305 -0.000891963 0.999969 -0.00775393 -0.00103995 0.00775307 0.99997 -0.0332597 0.13108 -0.107679
FixedParameters: 0 0 0

#Transform 126
Transform: AffineTransform_float_3_3
Parameters: 0.999999 0.000821164 0.00103357 -0.00081284 0.999968 -0.00787485 -0.00103943 0.00787415 0.999969 -0.0232532 0.115738 -0.104669
FixedParameters: 0 0 0

#Transform 127
Transform: AffineTransform_float_3_3
Parameters: 0.999999 0.000959847 0.00103276 -0.000952159 0.999971 -0.00757199 -0.00103924 0.00757101 0.999971 -0.0221662 0.112677 -0.0963598
FixedParameters: 0 0 0

#Transform 128
Transform: AffineTransform_float_3_3
Parameters: 0.999999 0.000828093 0.000958922 -0.000820908 0.999973 -0.0073728 -0.000965079 0.00737221 0.999973 -0.0321158 0.111075 -0.0807215
FixedParameters: 0 0 0

#Transform 129
Transform: AffineTransform_float_3_3
Parameters: 0.999999 0.00107902 0.00103167 -0.00107098 0.99997 -0.00774511 -0.00103932 0.00774389 0.999969 -0.0306245 0.113811 -0.097431
FixedParameters: 0 0 0

#Transform 130
Transform: AffineTransform_float_3_3
Parameters: 0.999999 0.00094008 0.0010327 -0.000932926 0.999969 -0.00779697 -0.00103931 0.00779603 0.999969 -0.0178086 0.124768 -0.0976125
FixedParameters: 0 0 0

#Transform 131
Transform: AffineTransform_float_3_3
Parameters: 0.999999 0.000883094 0.00103314 -0.000875907 0.999969 -0.00780891 -0.00103987 0.00780809 0.999969 -0.016055 0.114814 -0.0978272
FixedParameters: 0 0 0

#Transform 132
Transform: AffineTransform_float_3_3
Parameters: 0.999999 0.000858901 0.00128443 -0.000849102 0.99997 -0.0076891 -0.00129057 0.0076879 0.999969 -0.0105783 0.113924 -0.108683
FixedParameters: 0 0 0

#Transform 133
Transform: AffineTransform_float_3_3
Parameters: 0.999999 0.00070794 0.00140755 -0.000697056 0.999969 -0.00775799 -0.00141345 0.00775701 0.999969 -0.016702 0.13107 -0.109388
FixedParameters: 0 0 0

#Transform 134
Transform: AffineTransform_float_3_3
Parameters: 0.999998 0.000854748 0.00135226 -0.000844254 0.999968 -0.00792915 -0.00135874 0.00792785 0.999967 -0.0305244 0.127811 -0.116569
FixedParameters: 0 0 0

#Transform 135
Transform: AffineTransform_float_3_3
Parameters: 0.999999 0.000948266 0.00144668 -0.000936742 0.99997 -0.00776737 -0.00145332 0.00776663 0.999969 -0.0318618 0.125481 -0.144036
FixedParameters: 0 0 0

#Transform 136
Transform: AffineTransform_float_3_3
Parameters: 0.999998 0.000787972 0.00152588 -0.000776026 0.999969 -0.0078312 -0.00153212 0.00782981 0.999968 -0.0242306 0.115626 -0.144674
FixedParameters: 0 0 0

#Transform 137
Transform: AffineTransform_float_3_3
Parameters: 0.999998 0.00092727 0.00166568 -0.000913734 0.999968 -0.00795054 -0.00167232 0.00794846 0.999967 -0.00798144 0.11633 -0.135998
FixedParameters: 0 0 0

#Transform 138
Transform: AffineTransform_float_3_3
Parameters: 0.999998 0.000882707 0.00132392 -0.000871292 0.999967 -0.00806617 -0.00133107 0.00806484 0.999967 -0.0122661 0.117414 -0.132141
FixedParameters: 0 0 0

#Transform 139
Transform: AffineTransform_float_3_3
Parameters: 0.999999 0.000889731 0.00109698 -0.000881269 0.999968 -0.00793398 -0.00110403 0.00793303 0.999968 -0.0121058 0.116366 -0.152455
FixedParameters: 0 0 0

#Transform 140
Transform: AffineTransform_float_3_3
Parameters: 0.999998 0.000951957 0.00163352 -0.000939047 0.999968 -0.00791455 -0.00164048 0.00791246 0.999968 -0.0198456 0.115951 -0.151242
FixedParameters: 0 0 0

#Transform 141
Transform: AffineTransform_float_3_3
Parameters: 0.999998 0.000907628 0.00183684 -0.000893371 0.999968 -0.00794866 -0.00184416 0.00794734 0.999966 -0.0248007 0.123422 -0.140448
FixedParameters: 0 0 0

#Transform 142
Transform: AffineTransform_float_3_3
Parameters: 0.999998 0.000772359 0.00177783 -0.00075764 0.999967 -0.00806336 -0.00178417 0.00806164 0.999966 -0.0207544 0.117686 -0.140972
FixedParameters: 0 0 0

#Transform 143
Transform: AffineTransform_float_3_3
Parameters: 0.999997 0.000719537 0.002074 -0.000701462 0.999964 -0.00844448 -0.00208 0.00844253 0.999962 -0.0250699 0.12113 -0.143927
FixedParameters: 0 0 0

#Transform 144
Transform: AffineTransform_float_3_3
Parameters: 0.999997 0.000702593 0.00201395 -0.000684407 0.999961 -0.0087224 -0.00202005 0.0087216 0.99996 -0.0159312 0.123728 -0.151347
FixedParameters: 0 0 0

#Transform 145
Transform: AffineTransform_float_3_3
Parameters: 0.999997 0.0007127 0.00224284 -0.000693298 0.999962 -0.00877258 -0.00224917 0.00877042 0.999959 -0.0191732 0.1504 -0.151597
FixedParameters: 0 0 0

#Transform 146
Transform: AffineTransform_float_3_3
Parameters: 0.999999 0.000682147 0.00169097 -0.000666853 0.99996 -0.00894214 -0.00169703 0.00894085 0.999958 -0.0257704 0.130741 -0.165586
FixedParameters: 0 0 0

#Transform 147
Transform: AffineTransform_float_3_3
Parameters: 0.999998 0.000771846 0.00182739 -0.00075615 0.999963 -0.0086554 -0.00183461 0.0086546 0.999961 -0.0222161 0.134523 -0.173765
FixedParameters: 0 0 0

#Transform 148
Transform: AffineTransform_float_3_3
Parameters: 0.999998 0.000871737 0.00188736 -0.000855255 0.99996 -0.00885163 -0.00189564 0.00884936 0.999959 -0.0262347 0.124498 -0.163231
FixedParameters: 0 0 0

#Transform 149
Transform: AffineTransform_float_3_3
Parameters: 0.999999 0.000835031 0.00166555 -0.000819974 0.999959 -0.00900538 -0.00167245 0.00900362 0.999958 -0.0265028 0.125985 -0.175784
FixedParameters: 0 0 0

#Transform 150
Transform: AffineTransform_float_3_3
Parameters: 0.999998 0.000864639 0.00166548 -0.000849366 0.999961 -0.00877043 -0.00167251 0.00876857 0.99996 -0.0214195 0.13882 -0.150172
FixedParameters: 0 0 0

#Transform 151
Transform: AffineTransform_float_3_3
Parameters: 0.999998 0.000571693 0.0015771 -0.000558308 0.999963 -0.0086689 -0.0015819 0.00866811 0.999961 -0.0142719 0.148947 -0.152635
FixedParameters: 0 0 0

#Transform 152
Transform: AffineTransform_float_3_3
Parameters: 0.999999 0.000636479 0.00166755 -0.000621526 0.999962 -0.00866905 -0.00167245 0.00866795 0.999961 -0.0140744 0.152365 -0.183036
FixedParameters: 0 0 0

#Transform 153
Transform: AffineTransform_float_3_3
Parameters: 0.999999 0.00057408 0.00173709 -0.000558922 0.999963 -0.00866899 -0.00174191 0.00866802 0.999961 -0.0150036 0.150922 -0.191477
FixedParameters: 0 0 0

#Transform 154
Transform: AffineTransform_float_3_3
Parameters: 0.999997 0.00050622 0.00209969 -0.000487777 0.999963 -0.00866905 -0.00210431 0.00866796 0.99996 -0.0158772 0.146642 -0.192273
FixedParameters: 0 0 0

#Transform 155
Transform: AffineTransform_float_3_3
Parameters: 0.999998 0.000258624 0.00223771 -0.000237374 0.999957 -0.00921155 -0.00224028 0.00921144 0.999955 -0.00989188 0.143045 -0.184518
FixedParameters: 0 0 0

#Transform 156
Transform: AffineTransform_float_3_3
Parameters: 0.999997 0.000259845 0.00240474 -0.000238153 0.999958 -0.0090796 -0.00240726 0.0090794 0.999956 -0.00605609 0.145594 -0.191097
FixedParameters: 0 0 0

#Transform 157
Transform: AffineTransform_float_3_3
Parameters: 0.999997 0.000262253 0.00265472 -0.000237752 0.999959 -0.00913266 -0.00265628 0.00913134 0.999955 0.0043165 0.128343 -0.179954
FixedParameters: 0 0 0

#Transform 158
Transform: AffineTransform_float_3_3
Parameters: 0.999996 0.00026498 0.00303176 -0.000238019 0.999961 -0.00889576 -0.00303424 0.00889524 0.999956 0.00095593 0.126399 -0.196069
FixedParameters: 0 0 0

#Transform 159
Transform: AffineTransform_float_3_3
Parameters: 0.999996 0.000153586 0.00288571 -0.000127413 0.999957 -0.00921041 -0.0028873 0.00921059 0.999954 0.002896 0.129528 -0.197605
FixedParameters: 0 0 0

#Transform 160
Transform: AffineTransform_float_3_3
Parameters: 0.999996 -0.000144133 0.0030354 0.000170866 0.999961 -0.00885352 -0.00303361 0.00885348 0.999956 0.00350498 0.132741 -0.184423
FixedParameters: 0 0 0

#Transform 161
Transform: AffineTransform_float_3_3
Parameters: 0.999996 -0.000145063 0.00287643 0.000170941 0.99996 -0.00901855 -0.00287558 0.00901946 0.999955 0.011542 0.128497 -0.209583
FixedParameters: 0 0 0

#Transform 162
Transform: AffineTransform_float_3_3
Parameters: 0.999995 -0.00014412 0.00303539 0.000170878 0.999961 -0.00885752 -0.0030336 0.00885748 0.999956 0.0161571 0.126877 -0.181257
FixedParameters: 0 0 0

#Transform 163
Transform: AffineTransform_float_3_3
Parameters: 0.999995 -0.000145139 0.00295039 0.000170856 0.999961 -0.00876653 -0.00294861 0.00876746 0.999957 0.00416363 0.126176 -0.187307
FixedParameters: 0 0 0

#Transform 164
Transform: AffineTransform_float_3_3
Parameters: 0.999995 -0.000144835 0.00298438 0.000171163 0.999961 -0.00876953 -0.00298261 0.00876947 0.999957 0.00391351 0.131241 -0.170526
FixedParameters: 0 0 0

#Transform 165
Transform: AffineTransform_float_3_3
Parameters: 0.999996 -0.00014358 0.00303542 0.000171418 0.999959 -0.00903552 -0.00303357 0.00903547 0.999954 0.00345421 0.128591 -0.197767
FixedParameters: 0 0 0

#Transform 166
Transform: AffineTransform_float_3_3
Parameters: 0.999996 -0.000143122 0.00303544 0.000170873 0.999958 -0.00918552 -0.00303356 0.00918648 0.999953 0.00354895 0.129611 -0.165824
FixedParameters: 0 0 0

#Transform 167
Transform: AffineTransform_float_3_3
Parameters: 0.999996 -0.000143947 0.0030354 0.000171048 0.999961 -0.00891352 -0.0030336 0.00891448 0.999955 0.00357158 0.140798 -0.162678
FixedParameters: 0 0 0

#Transform 168
Transform: AffineTransform_float_3_3
Parameters: 0.999995 -0.000145534 0.00293237 0.000171461 0.999963 -0.00868554 -0.00293062 0.00868647 0.999958 0.00436407 0.131515 -0.175079
FixedParameters: 0 0 0

#Transform 169
Transform: AffineTransform_float_3_3
Parameters: 0.999996 -0.00014392 0.00303541 0.000171078 0.99996 -0.00892352 -0.00303359 0.00892348 0.999955 0.00355097 0.125394 -0.171658
FixedParameters: 0 0 0

#Transform 170
Transform: AffineTransform_float_3_3
Parameters: 0.999996 -0.000146119 0.00283339 0.000170888 0.999962 -0.00878356 -0.00283261 0.00878346 0.999958 -0.0168465 0.148285 -0.158201
FixedParameters: 0 0 0

#Transform 171
Transform: AffineTransform_float_3_3
Parameters: 0.999996 0.000109517 0.00277217 -8.54863e-05 0.999964 -0.00848127 -0.00277283 0.00848173 0.99996 -0.0108244 0.153529 -0.169701
FixedParameters: 0 0 0

#Transform 172
Transform: AffineTransform_float_3_3
Parameters: 0.999996 -0.000145498 0.00285441 0.000171506 0.99996 -0.00893555 -0.00285358 0.00893645 0.999956 -0.0133676 0.15128 -0.196645
FixedParameters: 0 0 0

#Transform 173
Transform: AffineTransform_float_3_3
Parameters: 0.999996 -0.000145283 0.00303534 0.000170716 0.999964 -0.00847452 -0.00303366 0.00847448 0.999959 -0.00858267 0.158434 -0.173284
FixedParameters: 0 0 0

#Transform 174
Transform: AffineTransform_float_3_3
Parameters: 0.999996 -0.000144345 0.00303539 0.000170653 0.999962 -0.00878352 -0.00303362 0.00878348 0.999957 -0.0166401 0.150637 -0.164633
FixedParameters: 0 0 0

#Transform 175
Transform: AffineTransform_float_3_3
Parameters: 0.999996 3.93885e-05 0.00281576 -1.36092e-05 0.99996 -0.00901608 -0.00281624 0.00901593 0.999956 -0.013268 0.134449 -0.197103
FixedParameters: 0 0 0

#Transform 176
Transform: AffineTransform_float_3_3
Parameters: 0.999996 -0.000144345 0.00303539 0.000170653 0.999962 -0.00878352 -0.00303362 0.00878348 0.999957 -0.00203472 0.140322 -0.196083
FixedParameters: 0 0 0

#Transform 177
Transform: AffineTransform_float_3_3
Parameters: 0.999996 -0.000144345 0.00303539 0.000170653 0.999962 -0.00878352 -0.00303362 0.00878348 0.999957 -0.00193206 0.15117 -0.168229
FixedParameters: 0 0 0

#Transform 178
Transform: AffineTransform_float_3_3
Parameters: 0.999996 -0.000143374 0.00303543 0.000171621 0.999958 -0.00910252 -0.00303356 0.00910347 0.999954 -0.0046073 0.143008 -0.198097
FixedParameters: 0 0 0

#Transform 179
Transform: AffineTransform_float_3_3
Parameters: 0.999995 3.30774e-05 0.00338684 7.9191e-08 0.999953 -0.00976605 -0.00338716 0.00976594 0.999946 -0.00294812 0.142304 -0.219192
FixedParameters: 0 0 0
