#Insight Transform File V1.0
#Transform 0
Transform: AffineTransform_float_3_3
Parameters: 1 0.000463523 -0.00103667 -0.000455475 0.999973 0.00724548 0.00104033 -0.00724452 0.999973 -0.0267694 0.0681686 0.00923823
FixedParameters: 0 0 0

#Transform 1
Transform: AffineTransform_float_3_3
Parameters: 0.999999 0.000643335 -0.0012096 -0.000635663 0.999976 0.00687777 0.0012144 -0.00687722 0.999975 -0.0123983 0.0643301 0.00290801
FixedParameters: 0 0 0

#Transform 2
Transform: AffineTransform_float_3_3
Parameters: 1 0.000515505 -0.000959534 -0.000508493 0.999977 0.00676649 0.000963463 -0.0067665 0.999976 -0.0226486 0.0810185 0.0334365
FixedParameters: 0 0 0

#Transform 3
Transform: AffineTransform_float_3_3
Parameters: 0.999999 0.000165441 -0.000961914 -0.000158558 0.999977 0.00669215 0.000963082 -0.00669184 0.999977 0.00272449 0.0644885 0.0213108
FixedParameters: 0 0 0

#Transform 4
Transform: AffineTransform_float_3_3
Parameters: 1 0.00026697 -0.000961092 -0.00026003 0.999973 0.00724525 0.00096291 -0.00724475 0.999974 -0.0575609 0.0774404 0.0576101
FixedParameters: 0 0 0

#Transform 5
Transform: AffineTransform_float_3_3
Parameters: 1 0.000349392 -0.00116652 -0.000340606 0.999974 0.0071854 0.00116948 -0.00718559 0.999973 -0.0596298 0.0544588 0.0330018
FixedParameters: 0 0 0

#Transform 6
Transform: AffineTransform_float_3_3
Parameters: 0.999999 0.000658492 -0.00115319 -0.000650509 0.999973 0.00734876 0.00115781 -0.00734824 0.999973 -0.0347293 0.0522468 0.0445344
FixedParameters: 0 0 0

#Transform 7
Transform: AffineTransform_float_3_3
Parameters: 0.999999 0.00101098 -0.000962761 -0.00100502 0.999981 0.00618998 0.00096924 -0.00618903 0.999981 -0.0119718 0.0627632 0.0287581
FixedParameters: 0 0 0

#Transform 8
Transform: AffineTransform_float_3_3
Parameters: 0.999998 0.00183446 -0.000632201 -0.00182954 0.999974 0.00698617 0.000644796 -0.00698483 0.999976 -0.0884419 0.0619513 -0.000937875
FixedParameters: 0 0 0

#Transform 9
Transform: AffineTransform_float_3_3
Parameters: 0.999999 0.00102723 -0.00107609 -0.00102177 0.999983 0.0057731 0.00108192 -0.00577189 0.999983 -0.00916655 0.0387857 -0.0378872
FixedParameters: 0 0 0

#Transform 10
Transform: AffineTransform_float_3_3
Parameters: 0.999999 0.00130679 -0.000734298 -0.00130221 0.999986 0.00513596 0.000740697 -0.00513504 0.999986 -0.00267239 0.0337342 0.0785702
FixedParameters: 0 0 0

#Transform 11
Transform: AffineTransform_float_3_3
Parameters: 0.999999 0.000767559 0.000169013 -0.00076844 0.999997 0.00262187 -0.000166986 -0.00262213 0.999996 0.0176604 0.0304422 0.0965069
FixedParameters: 0 0 0

#Transform 12
Transform: AffineTransform_float_3_3
Parameters: 0.999999 0.00097494 3.37705e-05 -0.000975058 0.999998 0.00181597 -3.12293e-05 -0.00181603 0.999999 -0.00656152 0.0549543 0.0555011
FixedParameters: 0 0 0

#Transform 13
Transform: AffineTransform_float_3_3
Parameters: 1 0.00111856 -0.000302958 -0.00111744 0.999997 0.00182634 0.000305041 -0.00182566 0.999999 -0.00294743 0.0545212 0.0561338
FixedParameters: 0 0 0

#Transform 14
Transform: AffineTransform_float_3_3
Parameters: 0.999999 0.00138302 -9.52302e-06 -0.00138298 0.999998 0.00179102 1.14769e-05 -0.00179099 0.999999 -0.00522218 0.0541168 0.010251
FixedParameters: 0 0 0

#Transform 15
Transform: AffineTransform_float_3_3
Parameters: 1 0.00105487 9.35149e-05 -0.00105513 0.999999 0.0014359 -9.14849e-05 -0.0014361 0.999999 0.00699391 0.020573 0.031005
FixedParameters: 0 0 0

#Transform 16
Transform: AffineTransform_float_3_3
Parameters: 1 0.00025684 0.000117352 -0.000257161 0.999999 0.00136897 -0.000117648 -0.00136903 0.999999 0.0518515 0.048388 0.0743549
FixedParameters: 0 0 0

#Transform 17
Transform: AffineTransform_float_3_3
Parameters: 0.999998 0.000610045 0.00152858 -0.000613956 0.999997 0.00258807 -0.00152742 -0.00258894 0.999996 0.0388318 0.0537117 0.0814196
FixedParameters: 0 0 0

#Transform 18
Transform: AffineTransform_float_3_3
Parameters: 0.999999 0.000802904 0.00121872 -0.000804096 1 0.000899021 -0.00121828 -0.000899979 0.999999 0.0423157 0.0364465 0.028388
FixedParameters: 0 0 0

#Transform 19
Transform: AffineTransform_float_3_3
Parameters: 0.999999 0.000784391 0.00132877 -0.000784608 0.999999 -0.000295043 -0.00132923 0.000293958 0.999999 0.0411588 0.0291076 0.0313
FixedParameters: 0 0 0

#Transform 20
Transform: AffineTransform_float_3_3
Parameters: 1 -9.90342e-05 8.69611e-05 9.89658e-05 1 0.000393009 -8.70389e-05 -0.000392991 1 0.00771556 0.0186188 0.00369474
FixedParameters: 0 0 0

#Transform 21
Transform: AffineTransform_float_3_3
Parameters: 0.999999 0.000897513 -0.000847457 -0.000897488 1 0.000604761 0.000848543 -0.000604239 0.999999 0.0106046 -0.0197569 0.0450185
FixedParameters: 0 0 0

#Transform 22
Transform: AffineTransform_float_3_3
Parameters: 0.999999 0.000724004 7.59383e-06 -0.000723995 0.999999 -0.000561005 -8.40616e-06 0.000560994 1 0.012635 0.0168797 0.0766285
FixedParameters: 0 0 0

#Transform 23
Transform: AffineTransform_float_3_3
Parameters: 0.999999 0.000724072 0.000128594 -0.000723927 0.999999 -0.000561093 -0.000129406 0.000560906 1 0.0274979 0.0191675 0.0612694
FixedParameters: 0 0 0

#Transform 24
Transform: AffineTransform_float_3_3
Parameters: 0.999999 0.000724326 0.000581593 -0.000723673 0.999999 -0.000561421 -0.000581405 0.000560579 0.999999 0.0184974 0.0169111 0.0755129
FixedParameters: 0 0 0

#Transform 25
Transform: AffineTransform_float_3_3
Parameters: 0.999999 0.000724055 0.000205806 -0.000723945 0.999999 -0.000268149 -0.000205195 0.000268851 1 0.0249753 0.0140345 0.0755229
FixedParameters: 0 0 0

#Transform 26
Transform: AffineTransform_float_3_3
Parameters: 1 0.000539197 0.000350697 -0.000539803 0.999999 -0.000561189 -0.000351303 0.00056081 1 0.0216256 0.0254072 0.0630661
FixedParameters: 0 0 0

#Transform 27
Transform: AffineTransform_float_3_3
Parameters: 0.999999 0.000724728 0.000693239 -0.000724272 0.999999 -0.0010505 -0.00069376 0.0010495 0.999999 0.0146412 0.0215637 0.0655248
FixedParameters: 0 0 0

#Transform 28
Transform: AffineTransform_float_3_3
Parameters: 0.999999 0.000842535 0.000442983 -0.000842464 0.999999 -0.00120737 -0.000444017 0.00120663 0.999999 0.0085944 0.0228724 0.0531216
FixedParameters: 0 0 0

#Transform 29
Transform: AffineTransform_float_3_3
Parameters: 0.999999 0.000852688 0.000442678 -0.000852312 0.999999 -0.00155038 -0.000444322 0.00155062 0.999998 0.00861499 0.0225038 0.0539307
FixedParameters: 0 0 0

#Transform 30
Transform: AffineTransform_float_3_3
Parameters: 0.999999 0.00116933 0.000440493 -0.00116767 0.999995 -0.00300152 -0.000444506 0.00300048 0.999996 0.0338075 0.00468888 0.0576955
FixedParameters: 0 0 0

#Transform 31
Transform: AffineTransform_float_3_3
Parameters: 0.999998 0.00117292 0.0010656 -0.00116807 0.999988 -0.00461125 -0.0010714 0.00460975 0.999989 0.0428789 -0.0174398 -0.000583605
FixedParameters: 0 0 0

#Transform 32
Transform: AffineTransform_float_3_3
Parameters: 0.999998 0.0016365 0.0012277 -0.0016305 0.999988 -0.00446701 -0.00123529 0.00446499 0.99999 0.0144886 -0.0199995 0.0498084
FixedParameters: 0 0 0

#Transform 33
Transform: AffineTransform_float_3_3
Parameters: 0.999995 0.00212686 0.00201774 -0.00211914 0.99999 -0.00389129 -0.00202626 0.00388671 0.999991 0.0548186 -0.0650615 0.0418838
FixedParameters: 0 0 0

#Transform 34
Transform: AffineTransform_float_3_3
Parameters: 0.999996 0.00103199 0.00235234 -0.00101901 0.999985 -0.00551542 -0.00235865 0.00551359 0.999982 0.103326 -0.0538874 0.0842136
FixedParameters: 0 0 0

#Transform 35
Transform: AffineTransform_float_3_3
Parameters: 0.999998 0.0010292 0.00163061 -0.0010198 0.99998 -0.00624368 -0.0016374 0.00624133 0.999979 0.0922942 -0.0406686 0.10086
FixedParameters: 0 0 0

#Transform 36
Transform: AffineTransform_float_3_3
Parameters: 0.999998 0.0010292 0.00163061 -0.0010198 0.99998 -0.00624368 -0.0016374 0.00624133 0.999979 0.0801502 -0.0515309 0.0501767
FixedParameters: 0 0 0

#Transform 37
Transform: AffineTransform_float_3_3
Parameters: 0.999998 0.0010292 0.00163061 -0.0010198 0.99998 -0.00624368 -0.0016374 0.00624133 0.999979 0.0802335 -0.0409643 0.0364773
FixedParameters: 0 0 0

#Transform 38
Transform: AffineTransform_float_3_3
Parameters: 0.999998 0.0014195 0.00135716 -0.0014105 0.99998 -0.00624393 -0.00136583 0.00624107 0.999979 0.0401146 -0.0380294 0.0371613
FixedParameters: 0 0 0

#Transform 39
Transform: AffineTransform_float_3_3
Parameters: 0.999999 0.00102933 0.00153613 -0.00101967 0.999977 -0.00671158 -0.00154288 0.00671043 0.999977 0.0568327 -0.0152145 0.0651964
FixedParameters: 0 0 0

#Transform 40
Transform: AffineTransform_float_3_3
Parameters: 0.999998 0.00147579 0.00118739 -0.00146822 0.999977 -0.00653175 -0.00119661 0.00653024 0.999978 0.0480353 -0.00370428 0.0597125
FixedParameters: 0 0 0

#Transform 41
Transform: AffineTransform_float_3_3
Parameters: 0.999997 0.00162807 0.00205192 -0.00161393 0.999976 -0.00684034 -0.00206309 0.00683667 0.999975 0.0446944 0.0127407 0.101037
FixedParameters: 0 0 0

#Transform 42
Transform: AffineTransform_float_3_3
Parameters: 0.999994 0.00213011 0.0024801 -0.00211489 0.99998 -0.00608128 -0.0024929 0.00607573 0.999979 0.0477829 -0.00815632 0.0925195
FixedParameters: 0 0 0

#Transform 43
Transform: AffineTransform_float_3_3
Parameters: 0.999994 0.00238345 0.00249344 -0.00236656 0.999973 -0.00697695 -0.00250957 0.00697106 0.999973 0.0248518 -0.00955273 0.0462892
FixedParameters: 0 0 0

#Transform 44
Transform: AffineTransform_float_3_3
Parameters: 0.999993 0.00265259 0.00266468 -0.00263141 0.999964 -0.00807507 -0.00268533 0.00806793 0.999964 0.0238234 -0.0104068 0.033448
FixedParameters: 0 0 0

#Transform 45
Transform: AffineTransform_float_3_3
Parameters: 0.999993 0.00270106 0.00250744 -0.00267894 0.999958 -0.00876078 -0.00253056 0.00875423 0.999959 0.011462 -0.0197895 0.0151507
FixedParameters: 0 0 0

#Transform 46
Transform: AffineTransform_float_3_3
Parameters: 0.999996 0.00120194 0.00247695 -0.00118106 0.999963 -0.00843996 -0.00248606 0.00843704 0.999962 0.0581922 -0.0195558 0.0389298
FixedParameters: 0 0 0

#Transform 47
Transform: AffineTransform_float_3_3
Parameters: 0.999995 0.00198555 0.0022247 -0.00196544 0.999959 -0.00875841 -0.00224229 0.00875359 0.999959 0.0194161 -0.0278637 0.0730316
FixedParameters: 0 0 0

#Transform 48
Transform: AffineTransform_float_3_3
Parameters: 0.999996 0.00206146 0.00182165 -0.00204654 0.999962 -0.00844876 -0.00183935 0.00844524 0.999962 0.0297167 -0.0121505 0.0622175
FixedParameters: 0 0 0

#Transform 49
Transform: AffineTransform_float_3_3
Parameters: 0.999996 0.00224919 0.00164345 -0.00223682 0.999971 -0.00738071 -0.00165955 0.0073773 0.999972 0.0190471 -0.0233565 -0.0409743
FixedParameters: 0 0 0

#Transform 50
Transform: AffineTransform_float_3_3
Parameters: 0.999997 0.00180023 0.00163161 -0.00178777 0.999971 -0.00746694 -0.00164539 0.00746406 0.999971 0.0249278 -0.00277389 -0.0120733
FixedParameters: 0 0 0

#Transform 51
Transform: AffineTransform_float_3_3
Parameters: 0.999998 0.00104258 0.00203911 -0.00102742 0.999971 -0.00762612 -0.00204789 0.00762389 0.999969 0.0727849 -0.0234102 0.00208956
FixedParameters: 0 0 0

#Transform 52
Transform: AffineTransform_float_3_3
Parameters: 0.999997 0.00147984 0.00196014 -0.00146417 0.999967 -0.0080559 -0.00197186 0.00805311 0.999965 0.0505353 -0.019738 -0.0400614
FixedParameters: 0 0 0

#Transform 53
Transform: AffineTransform_float_3_3
Parameters: 0.999999 0.000897177 0.000919011 -0.000890824 0.999977 -0.00669883 -0.000924988 0.00669818 0.999977 0.0381734 0.00644944 -0.00311601
FixedParameters: 0 0 0

#Transform 54
Transform: AffineTransform_float_3_3
Parameters: 0.999998 0.00159852 0.000982881 -0.00159048 0.99997 -0.00759957 -0.000995115 0.00759842 0.99997 0.0102161 -0.00762874 -0.012766
FixedParameters: 0 0 0

#Transform 55
Transform: AffineTransform_float_3_3
Parameters: 0.999996 0.00200149 0.00162069 -0.0019885 0.999968 -0.00767525 -0.00163631 0.00767175 0.999969 -0.0256435 -0.00750564 -0.0399398
FixedParameters: 0 0 0

#Transform 56
Transform: AffineTransform_float_3_3
Parameters: 0.999998 0.00135167 0.00148245 -0.00134033 0.999969 -0.00784301 -0.00149356 0.007841 0.999968 0.0193488 -0.00503133 0.00428202
FixedParameters: 0 0 0

#Transform 57
Transform: AffineTransform_float_3_3
Parameters: 0.999999 0.000992355 0.000839546 -0.00098565 0.999971 -0.00753584 -0.000846452 0.00753517 0.999972 0.0363974 -0.018438 0.0144492
FixedParameters: 0 0 0

#Transform 58
Transform: AffineTransform_float_3_3
Parameters: 0.999998 0.00109183 0.00164119 -0.00108017 0.999973 -0.00719378 -0.00164881 0.00719221 0.999973 0.0384298 -0.039656 0.0116404
FixedParameters: 0 0 0

#Transform 59
Transform: AffineTransform_float_3_3
Parameters: 0.999998 0.00156949 0.00163712 -0.00155652 0.99997 -0.00760057 -0.00164888 0.00759843 0.99997 0.0184152 -0.0209165 0.0277832
FixedParameters: 0 0 0

#Transform 60
Transform: AffineTransform_float_3_3
Parameters: 0.999996 0.00157294 0.00202975 -0.00155706 0.999968 -0.00783219 -0.00204225 0.00782882 0.999968 0.0244949 -0.0345079 0.0125974
FixedParameters: 0 0 0

#Transform 61
Transform: AffineTransform_float_3_3
Parameters: 0.999998 0.0015688 0.00163778 -0.0015572 0.999973 -0.00718257 -0.00164923 0.00718043 0.999973 0.0183236 -0.0241212 -0.0211101
FixedParameters: 0 0 0

#Transform 62
Transform: AffineTransform_float_3_3
Parameters: 0.999997 0.00157081 0.00186244 -0.00155719 0.999972 -0.00739392 -0.00187456 0.00739108 0.999971 0.0161725 -0.0193068 0.018707
FixedParameters: 0 0 0

#Transform 63
Transform: AffineTransform_float_3_3
Parameters: 0.999998 0.00114089 0.00164011 -0.00112811 0.999968 -0.00783886 -0.00164889 0.00783713 0.999968 0.0172556 -0.035835 0.0334315
FixedParameters: 0 0 0

#Transform 64
Transform: AffineTransform_float_3_3
Parameters: 0.999995 0.00249269 0.00184094 -0.00248031 0.999974 -0.0068626 -0.00185806 0.0068584 0.999975 0.0284086 -0.0178008 0.0305216
FixedParameters: 0 0 0

#Transform 65
Transform: AffineTransform_float_3_3
Parameters: 0.999995 0.00206104 0.0022072 -0.00204395 0.999969 -0.00769755 -0.00222279 0.00769246 0.999968 0.0202732 -0.0287575 0.0319715
FixedParameters: 0 0 0

#Transform 66
Transform: AffineTransform_float_3_3
Parameters: 0.999995 0.00195368 0.00216909 -0.00193732 0.999968 -0.00766524 -0.00218391 0.00766077 0.999969 0.0267138 -0.0300034 -0.0139805
FixedParameters: 0 0 0

#Transform 67
Transform: AffineTransform_float_3_3
Parameters: 0.999996 0.00175916 0.00187381 -0.00174484 0.99997 -0.00753029 -0.00188719 0.00752671 0.99997 0.0164759 -0.00776825 -0.0210079
FixedParameters: 0 0 0

#Transform 68
Transform: AffineTransform_float_3_3
Parameters: 0.999996 0.00190746 0.00213328 -0.00189154 0.999972 -0.00722506 -0.00214672 0.00722093 0.999971 0.0284706 -0.0146013 -0.0214822
FixedParameters: 0 0 0

#Transform 69
Transform: AffineTransform_float_3_3
Parameters: 0.999996 0.00160504 0.00238663 -0.00158897 0.999974 -0.00712382 -0.00239738 0.00712018 0.999972 0.0113259 0.0123469 0.0115555
FixedParameters: 0 0 0

#Transform 70
Transform: AffineTransform_float_3_3
Parameters: 0.999996 0.00143337 0.00238825 -0.00141763 0.999975 -0.00684441 -0.00239776 0.00684058 0.999973 0.053595 0.0119556 -0.0163686
FixedParameters: 0 0 0

#Transform 71
Transform: AffineTransform_float_3_3
Parameters: 0.999995 0.0020971 0.00245751 -0.00207989 0.999973 -0.00694115 -0.00247249 0.00693685 0.999973 0.00705537 0.011689 -0.0352268
FixedParameters: 0 0 0

#Transform 72
Transform: AffineTransform_float_3_3
Parameters: 0.999994 0.00208955 0.00256197 -0.00207144 0.999972 -0.00722434 -0.00257702 0.00721865 0.99997 0.00612358 0.0151277 -0.0162377
FixedParameters: 0 0 0

#Transform 73
Transform: AffineTransform_float_3_3
Parameters: 0.999995 0.00202762 0.002677 -0.00200938 0.999974 -0.00693842 -0.002691 0.00693258 0.999973 0.018052 -0.0120024 -0.0248895
FixedParameters: 0 0 0

#Transform 74
Transform: AffineTransform_float_3_3
Parameters: 0.999996 0.00191643 0.00236961 -0.00190057 0.999977 -0.00649554 -0.00238239 0.00649147 0.999976 0.00768546 0.00808785 0.00201513
FixedParameters: 0 0 0

#Transform 75
Transform: AffineTransform_float_3_3
Parameters: 0.999992 0.0021384 0.00317301 -0.00211659 0.999973 -0.00704777 -0.00318799 0.00704023 0.99997 0.0169499 0.00118323 0.0256872
FixedParameters: 0 0 0

#Transform 76
Transform: AffineTransform_float_3_3
Parameters: 0.999993 0.00244877 0.0028362 -0.00242723 0.999971 -0.00730494 -0.0028538 0.00729807 0.99997 0.019728 -0.000873983 0.0270605
FixedParameters: 0 0 0

#Transform 77
Transform: AffineTransform_float_3_3
Parameters: 0.999993 0.00229362 0.00275999 -0.00227238 0.999969 -0.00745132 -0.002777 0.00744468 0.999969 0.00934771 0.000766494 0.0504615
FixedParameters: 0 0 0

#Transform 78
Transform: AffineTransform_float_3_3
Parameters: 0.999993 0.00244987 0.00286746 -0.00242814 0.999968 -0.00760502 -0.00288554 0.00759799 0.999967 0.0151177 -0.0151265 0.0371202
FixedParameters: 0 0 0

#Transform 79
Transform: AffineTransform_float_3_3
Parameters: 0.999993 0.00244888 0.0027586 -0.00242812 0.999968 -0.00754874 -0.0027764 0.00754225 0.999967 0.0201914 -0.00983783 0.023752
FixedParameters: 0 0 0

#Transform 80
Transform: AffineTransform_float_3_3
Parameters: 0.999993 0.00244862 0.00275884 -0.00242738 0.99997 -0.00745175 -0.00277716 0.00744526 0.999969 0.0167155 -0.0237132 0.0405761
FixedParameters: 0 0 0

#Transform 81
Transform: AffineTransform_float_3_3
Parameters: 0.999992 0.00245336 0.00319368 -0.00242764 0.999965 -0.00792081 -0.00321232 0.00791318 0.999963 0.000939482 -0.0191461 0.0530614
FixedParameters: 0 0 0

#Transform 82
Transform: AffineTransform_float_3_3
Parameters: 0.999991 0.00245074 0.00328817 -0.00242726 0.999973 -0.00690204 -0.00330482 0.00689396 0.999971 0.00871582 0.00428444 0.072412
FixedParameters: 0 0 0

#Transform 83
Transform: AffineTransform_float_3_3
Parameters: 0.999992 0.00235309 0.00328647 -0.00232691 0.999966 -0.00792071 -0.00330453 0.00791329 0.999963 0.0123393 0.00172061 0.0933051
FixedParameters: 0 0 0

#Transform 84
Transform: AffineTransform_float_3_3
Parameters: 0.999991 0.00245341 0.00328618 -0.00242759 0.999968 -0.00771304 -0.00330481 0.00770496 0.999965 0.0131701 -0.00670518 0.0693681
FixedParameters: 0 0 0

#Transform 85
Transform: AffineTransform_float_3_3
Parameters: 0.999995 0.00226 0.0025265 -0.002238 0.99996 -0.0086747 -0.00254651 0.0086693 0.999959 0.00941537 -0.0290899 0.0613799
FixedParameters: 0 0 0

#Transform 86
Transform: AffineTransform_float_3_3
Parameters: 0.999996 0.00190906 0.00236956 -0.00189095 0.99997 -0.00760052 -0.00238344 0.00759549 0.999969 0.00377068 0.016715 0.0594715
FixedParameters: 0 0 0

#Transform 87
Transform: AffineTransform_float_3_3
Parameters: 0.999994 0.00250863 0.00261934 -0.00248938 0.999969 -0.00746957 -0.00263766 0.00746343 0.999968 0.00662161 -0.0390721 0.00100601
FixedParameters: 0 0 0

#Transform 88
Transform: AffineTransform_float_3_3
Parameters: 0.999993 0.00223778 0.00296722 -0.00221423 0.999965 -0.00799162 -0.00298478 0.00798537 0.999963 0.0027609 0.00131283 0.0738144
FixedParameters: 0 0 0

#Transform 89
Transform: AffineTransform_float_3_3
Parameters: 0.999994 0.0025103 0.00258247 -0.0024897 0.999963 -0.00821748 -0.00260354 0.00821152 0.999963 0.0189576 0.00708793 0.0753351
FixedParameters: 0 0 0

#Transform 90
Transform: AffineTransform_float_3_3
Parameters: 0.999994 0.00251104 0.00263618 -0.00248897 0.999962 -0.00832962 -0.00265682 0.00832338 0.999962 0.00661331 0.00429103 0.0435514
FixedParameters: 0 0 0

#Transform 91
Transform: AffineTransform_float_3_3
Parameters: 0.999996 0.0021 0.00221716 -0.00208101 0.999962 -0.00853566 -0.00223484 0.00853035 0.999961 0.0136327 -0.0235095 0.0447489
FixedParameters: 0 0 0

#Transform 92
Transform: AffineTransform_float_3_3
Parameters: 0.999994 0.00250557 0.00245319 -0.00248943 0.999974 -0.00673315 -0.00246981 0.00672786 0.999975 0.00829252 -0.0743178 0.0754001
FixedParameters: 0 0 0

#Transform 93
Transform: AffineTransform_float_3_3
Parameters: 0.999999 0.00144025 0.00116354 -0.00143476 0.999989 -0.00449568 -0.00116946 0.00449432 0.999989 0.0182766 -0.0907324 0.167271
FixedParameters: 0 0 0

#Transform 94
Transform: AffineTransform_float_3_3
Parameters: 0.999998 0.000845194 0.00180311 -0.000839807 0.999994 -0.00343252 -0.00180589 0.00343148 0.999993 0.0106088 0.00104823 0.137922
FixedParameters: 0 0 0

#Transform 95
Transform: AffineTransform_float_3_3
Parameters: 0.999998 0.00113922 0.00197571 -0.00112978 0.999989 -0.00466125 -0.00198029 0.00465876 0.999987 0.00718343 -0.00219158 0.127875
FixedParameters: 0 0 0

#Transform 96
Transform: AffineTransform_float_3_3
Parameters: 0.999997 0.00129424 0.00197433 -0.00128376 0.999986 -0.00517755 -0.00198067 0.00517545 0.999984 0.00338032 -0.00656563 0.0854704
FixedParameters: 0 0 0

#Transform 97
Transform: AffineTransform_float_3_3
Parameters: 0.999997 0.00144494 0.00197376 -0.00143506 0.999987 -0.00502685 -0.00198124 0.00502416 0.999986 0.0101535 -0.0081489 0.0201873
FixedParameters: 0 0 0

#Transform 98
Transform: AffineTransform_float_3_3
Parameters: 0.999997 0.00140709 0.00203099 -0.00139391 0.999979 -0.00643285 -0.00204001 0.00643015 0.999977 0.0146548 -0.0136467 0.00265613
FixedParameters: 0 0 0

#Transform 99
Transform: AffineTransform_float_3_3
Parameters: 0.999993 0.00174046 0.00309949 -0.00171754 0.999973 -0.00723537 -0.0031115 0.00722963 0.999969 0.0172241 -0.0165924 -0.0109117
FixedParameters: 0 0 0

#Transform 100
Transform: AffineTransform_float_3_3
Parameters: 0.999994 0.00197037 0.00303222 -0.00194863 0.999974 -0.00703595 -0.00304578 0.00702904 0.99997 0.020197 -0.0238966 -0.0264761
FixedParameters: 0 0 0

#Transform 101
Transform: AffineTransform_float_3_3
Parameters: 0.999996 0.00152958 0.00235065 -0.00151241 0.999971 -0.00746359 -0.00236235 0.00745942 0.99997 0.0289059 -0.010571 0.0261105
FixedParameters: 0 0 0

#Transform 102
Transform: AffineTransform_float_3_3
Parameters: 0.999995 0.0017562 0.00234924 -0.0017388 0.999972 -0.00730211 -0.00236276 0.00729888 0.99997 0.0170607 -0.0161247 0.0256177
FixedParameters: 0 0 0

#Transform 103
Transform: AffineTransform_float_3_3
Parameters: 0.999996 0.00153101 0.00258082 -0.001512 0.999972 -0.00734993 -0.00259118 0.00734606 0.999969 0.0140735 -0.0153872 0.0452186
FixedParameters: 0 0 0

#Transform 104
Transform: AffineTransform_float_3_3
Parameters: 0.999996 0.00152778 0.00235182 -0.00151222 0.999977 -0.00669658 -0.00236218 0.00669342 0.999975 0.0153288 0.000849613 0.0734203
FixedParameters: 0 0 0

#Transform 105
Transform: AffineTransform_float_3_3
Parameters: 0.999996 0.00116143 0.00235397 -0.00114457 0.999975 -0.00696772 -0.00236203 0.00696528 0.999973 0.00658048 0.00126599 0.0834362
FixedParameters: 0 0 0

#Transform 106
Transform: AffineTransform_float_3_3
Parameters: 0.999997 0.00133558 0.00235323 -0.00132042 0.999978 -0.00660814 -0.00236278 0.00660487 0.999976 0.00896641 0.0241005 0.111158
FixedParameters: 0 0 0

#Transform 107
Transform: AffineTransform_float_3_3
Parameters: 0.999996 0.00152725 0.00235217 -0.00151175 0.999978 -0.00647258 -0.00236183 0.00646842 0.999977 0.00960313 0.0196202 0.100075
FixedParameters: 0 0 0

#Transform 108
Transform: AffineTransform_float_3_3
Parameters: 0.999996 0.00152812 0.00235161 -0.00151188 0.999976 -0.00683858 -0.00236239 0.00683542 0.999974 0.0126499 0.00407801 0.0857664
FixedParameters: 0 0 0

#Transform 109
Transform: AffineTransform_float_3_3
Parameters: 0.999996 0.001528 0.00235168 -0.001512 0.999976 -0.00679058 -0.00236232 0.00678742 0.999974 0.00634621 0.0155119 0.0993565
FixedParameters: 0 0 0

#Transform 110
Transform: AffineTransform_float_3_3
Parameters: 0.999996 0.00153038 0.00258922 -0.00151262 0.999974 -0.00708594 -0.00259978 0.00708205 0.999971 0.00959729 0.0075642 0.107294
FixedParameters: 0 0 0

#Transform 111
Transform: AffineTransform_float_3_3
Parameters: 0.999996 0.00153025 0.00235022 -0.00151175 0.999969 -0.00774958 -0.00236178 0.00774542 0.999967 0.0149258 -0.0118451 0.0988879
FixedParameters: 0 0 0

#Transform 112
Transform: AffineTransform_float_3_3
Parameters: 0.999996 0.00141557 0.00267823 -0.00139543 0.999969 -0.00766777 -0.00268878 0.00766423 0.999967 0.0153892 0.00138876 0.089437
FixedParameters: 0 0 0

#Transform 113
Transform: AffineTransform_float_3_3
Parameters: 0.999998 0.00102081 0.00205824 -0.0010052 0.99997 -0.00766609 -0.00206577 0.00766392 0.999969 0.0304943 -0.0168847 0.0831188
FixedParameters: 0 0 0

#Transform 114
Transform: AffineTransform_float_3_3
Parameters: 0.999998 0.000780276 0.00187813 -0.000766726 0.999971 -0.00758946 -0.00188387 0.00758855 0.99997 0.0544078 0.0130058 0.064797
FixedParameters: 0 0 0

#Transform 115
Transform: AffineTransform_float_3_3
Parameters: 0.999996 0.00159467 0.00201972 -0.00157932 0.999969 -0.00773921 -0.00203228 0.00773578 0.999968 0.0180537 0.0293176 0.123286
FixedParameters: 0 0 0

#Transform 116
Transform: AffineTransform_float_3_3
Parameters: 0.999997 0.00158797 0.00197281 -0.00157903 0.999989 -0.00453913 -0.00198018 0.00453587 0.999988 0.00454536 0.0252359 0.113868
FixedParameters: 0 0 0

#Transform 117
Transform: AffineTransform_float_3_3
Parameters: 0.999995 0.00185099 0.0027861 -0.00183601 0.999984 -0.00537314 -0.0027969 0.00536885 0.999981 0.0165348 0.0162392 0.0841107
FixedParameters: 0 0 0

#Transform 118
Transform: AffineTransform_float_3_3
Parameters: 0.999995 0.00159619 0.00266779 -0.0015788 0.999978 -0.00643524 -0.00267821 0.00643075 0.999975 0.0207051 0.0246047 0.0522757
FixedParameters: 0 0 0

#Transform 119
Transform: AffineTransform_float_3_3
Parameters: 0.999996 0.00159526 0.00230483 -0.00157874 0.999974 -0.00704066 -0.00231617 0.00703633 0.999972 0.0266888 0.000936304 0.0707464
FixedParameters: 0 0 0

#Transform 120
Transform: AffineTransform_float_3_3
Parameters: 0.999996 0.00159628 0.00242973 -0.00157872 0.999973 -0.00709686 -0.00244126 0.00709313 0.999972 0.0145133 -0.00794599 0.0736341
FixedParameters: 0 0 0

#Transform 121
Transform: AffineTransform_float_3_3
Parameters: 0.999997 0.00110939 0.00209898 -0.00109562 0.999979 -0.00636732 -0.00210602 0.00636568 0.999977 0.0311253 0.00895461 0.0979245
FixedParameters: 0 0 0

#Transform 122
Transform: AffineTransform_float_3_3
Parameters: 0.999997 0.00137576 0.00233178 -0.00136024 0.999977 -0.0067452 -0.00234123 0.0067428 0.999974 0.018636 0.0174585 0.0837061
FixedParameters: 0 0 0

#Transform 123
Transform: AffineTransform_float_3_3
Parameters: 0.999997 0.00118538 0.0018825 -0.00117562 0.999984 -0.00550623 -0.0018885 0.00550378 0.999983 0.0254698 0.0395162 0.070128
FixedParameters: 0 0 0

#Transform 124
Transform: AffineTransform_float_3_3
Parameters: 0.999996 0.00159335 0.00224187 -0.00157865 0.999979 -0.00638657 -0.00225213 0.00638344 0.999977 0.0185774 0.0258652 0.100737
FixedParameters: 0 0 0

#Transform 125
Transform: AffineTransform_float_3_3
Parameters: 0.999996 0.00159454 0.00242887 -0.00157846 0.999979 -0.00638686 -0.00243913 0.00638314 0.999976 0.0178348 0.0212022 0.0826445
FixedParameters: 0 0 0

#Transform 126
Transform: AffineTransform_float_3_3
Parameters: 0.999996 0.00127669 0.00222678 -0.00126432 0.999983 -0.00568884 -0.00223323 0.00568617 0.999982 0.00122668 0.0201393 0.0690121
FixedParameters: 0 0 0

#Transform 127
Transform: AffineTransform_float_3_3
Parameters: 0.999996 0.00139723 0.00243031 -0.00138177 0.99998 -0.00625739 -0.00243869 0.00625362 0.999978 0.0114357 0.0203965 0.0614961
FixedParameters: 0 0 0

#Transform 128
Transform: AffineTransform_float_3_3
Parameters: 0.999996 0.00133526 0.00243122 -0.00132174 0.999982 -0.00585924 -0.00243878 0.00585577 0.99998 0.0110846 0.016883 0.0277643
FixedParameters: 0 0 0

#Transform 129
Transform: AffineTransform_float_3_3
Parameters: 0.999996 0.00099692 0.00243334 -0.000983081 0.999983 -0.00571541 -0.00243866 0.00571259 0.99998 -0.0016019 0.0160926 0.0426191
FixedParameters: 0 0 0

#Transform 130
Transform: AffineTransform_float_3_3
Parameters: 0.999997 0.0011795 0.0024325 -0.00116551 0.999984 -0.00554285 -0.0024385 0.00554014 0.999981 -0.00104497 0.0141595 0.0421707
FixedParameters: 0 0 0

#Transform 131
Transform: AffineTransform_float_3_3
Parameters: 0.999997 0.00103553 0.00243329 -0.00102147 0.999984 -0.0055545 -0.00243871 0.00555249 0.999981 -0.00138344 0.0328564 0.0421723
FixedParameters: 0 0 0

#Transform 132
Transform: AffineTransform_float_3_3
Parameters: 0.999996 0.000970085 0.00243382 -0.000956912 0.999985 -0.00537235 -0.00243917 0.00536965 0.999982 0.0165297 0.028101 0.0501373
FixedParameters: 0 0 0

#Transform 133
Transform: AffineTransform_float_3_3
Parameters: 0.999998 0.00184682 0.00092941 -0.00184318 0.999993 -0.00302972 -0.000934587 0.00302828 0.999995 -0.0516316 0.0523983 -0.0190457
FixedParameters: 0 0 0

#Transform 134
Transform: AffineTransform_float_3_3
Parameters: 0.999996 0.00186344 0.0023723 -0.00186056 0.999997 -0.00145342 -0.0023757 0.00144858 0.999996 -0.0340221 0.0563223 0.00168841
FixedParameters: 0 0 0

#Transform 135
Transform: AffineTransform_float_3_3
Parameters: 0.999995 0.00182112 0.00258681 -0.00181788 0.999997 -0.00120671 -0.00258819 0.00120229 0.999996 -0.017617 0.0833417 0.0399627
FixedParameters: 0 0 0

#Transform 136
Transform: AffineTransform_float_3_3
Parameters: 0.999994 0.00232332 0.00258692 -0.00232068 0.999997 -0.000899009 -0.00258908 0.00089299 0.999996 -0.0163116 0.0621883 0.00219223
FixedParameters: 0 0 0

#Transform 137
Transform: AffineTransform_float_3_3
Parameters: 0.999994 0.0023113 0.00258873 -0.0023107 0.999998 -0.000117983 -0.00258826 0.000112018 0.999996 -0.0209005 0.0626165 -0.0140223
FixedParameters: 0 0 0

#Transform 138
Transform: AffineTransform_float_3_3
Parameters: 0.99999 0.00229842 0.00366373 -0.00229857 0.999998 -0.000120423 -0.00366427 0.000111579 0.999994 0.0031871 0.0455696 -0.0863295
FixedParameters: 0 0 0

#Transform 139
Transform: AffineTransform_float_3_3
Parameters: 0.999991 0.00214868 0.0036683 -0.00215632 0.999995 0.00199311 -0.0036637 -0.00200089 0.999992 -0.00981088 0.0741537 -0.0788347
FixedParameters: 0 0 0

#Transform 140
Transform: AffineTransform_float_3_3
Parameters: 0.99999 0.00233908 0.00378029 -0.00234591 0.999995 0.00182615 -0.00377571 -0.00183485 0.999991 -0.00705728 0.0685462 -0.00918442
FixedParameters: 0 0 0

#Transform 141
Transform: AffineTransform_float_3_3
Parameters: 0.999991 0.002113 0.00366689 -0.002118 0.999997 0.00135925 -0.00366412 -0.00136675 0.999993 -0.0137202 0.059284 0.0063905
FixedParameters: 0 0 0

#Transform 142
Transform: AffineTransform_float_3_3
Parameters: 0.99999 0.00257933 0.00366658 -0.00258267 0.999996 0.00099654 -0.00366442 -0.00100546 0.999993 -0.0255438 0.0693879 -0.00791503
FixedParameters: 0 0 0

#Transform 143
Transform: AffineTransform_float_3_3
Parameters: 0.999991 0.00257123 0.00338527 -0.00258577 0.999987 0.00436529 -0.00337373 -0.00437371 0.999984 -0.0345178 0.0972991 -0.0168429
FixedParameters: 0 0 0

#Transform 144
Transform: AffineTransform_float_3_3
Parameters: 0.999991 0.00238718 0.00354634 -0.00240082 0.999989 0.00389652 -0.00353766 -0.00390548 0.999986 -0.0365291 0.0828373 -0.0038501
FixedParameters: 0 0 0

#Transform 145
Transform: AffineTransform_float_3_3
Parameters: 0.99999 0.00247395 0.00367554 -0.00249005 0.999986 0.0046429 -0.00366347 -0.00465111 0.999983 -0.037578 0.0729803 -0.00375627
FixedParameters: 0 0 0

#Transform 146
Transform: AffineTransform_float_3_3
Parameters: 0.99999 0.00246857 0.00377679 -0.00248543 0.999988 0.00435166 -0.00376621 -0.00436035 0.999984 -0.0384546 0.0741984 0.0169983
FixedParameters: 0 0 0

#Transform 147
Transform: AffineTransform_float_3_3
Parameters: 0.99999 0.00247018 0.00367469 -0.00248582 0.999987 0.00430791 -0.00366431 -0.00431709 0.999984 -0.0375332 0.0720381 -0.00574684
FixedParameters: 0 0 0

#Transform 148
Transform: AffineTransform_float_3_3
Parameters: 0.999991 0.00226158 0.0035884 -0.00227842 0.999987 0.00457887 -0.0035786 -0.00458713 0.999983 -0.0371757 0.0760283 -0.000583599
FixedParameters: 0 0 0

#Transform 149
Transform: AffineTransform_float_3_3
Parameters: 0.99999 0.00252177 0.0036745 -0.00253723 0.999988 0.00414572 -0.0036635 -0.00415528 0.999984 -0.0373849 0.0844848 -0.00124629
FixedParameters: 0 0 0

#Transform 150
Transform: AffineTransform_float_3_3
Parameters: 0.99999 0.0024511 0.00367398 -0.0024659 0.999988 0.00405598 -0.00366402 -0.00406502 0.999985 -0.0375108 0.0856881 -0.00224428
FixedParameters: 0 0 0

#Transform 151
Transform: AffineTransform_float_3_3
Parameters: 0.999991 0.00258197 0.00317962 -0.00259502 0.999988 0.00409878 -0.00316838 -0.00410721 0.999986 -0.0322644 0.0849871 0.0243165
FixedParameters: 0 0 0

#Transform 152
Transform: AffineTransform_float_3_3
Parameters: 0.999991 0.00276428 0.00318098 -0.00277772 0.999987 0.0043172 -0.00316903 -0.0043258 0.999985 -0.0255487 0.0824819 0.0235852
FixedParameters: 0 0 0

#Transform 153
Transform: AffineTransform_float_3_3
Parameters: 0.999992 0.00265434 0.00318213 -0.00267066 0.999985 0.00492654 -0.00316887 -0.00493545 0.999983 -0.0317985 0.10592 0.0658753
FixedParameters: 0 0 0

#Transform 154
Transform: AffineTransform_float_3_3
Parameters: 0.99999 0.00287006 0.00331055 -0.00289695 0.999963 0.00816249 -0.00328745 -0.00817252 0.999961 -0.0403844 0.110444 0.043098
FixedParameters: 0 0 0

#Transform 155
Transform: AffineTransform_float_3_3
Parameters: 0.99999 0.0028114 0.00348743 -0.00283859 0.999965 0.00793319 -0.00346458 -0.00794383 0.999963 -0.0345287 0.118887 0.0329072
FixedParameters: 0 0 0

#Transform 156
Transform: AffineTransform_float_3_3
Parameters: 0.99999 0.00251276 0.0036685 -0.00254024 0.999967 0.00771375 -0.0036495 -0.00772324 0.999963 -0.0370738 0.118842 0.0413009
FixedParameters: 0 0 0

#Transform 157
Transform: AffineTransform_float_3_3
Parameters: 0.99999 0.00251338 0.00366808 -0.00254062 0.999969 0.00754476 -0.00364892 -0.00755425 0.999965 -0.0371276 0.122737 0.0233083
FixedParameters: 0 0 0

#Transform 158
Transform: AffineTransform_float_3_3
Parameters: 0.999988 0.00264659 0.00409581 -0.00267641 0.999969 0.00743612 -0.00407619 -0.00744787 0.999964 -0.0409941 0.130426 0.0273048
FixedParameters: 0 0 0

#Transform 159
Transform: AffineTransform_float_3_3
Parameters: 0.999987 0.00283863 0.00409931 -0.00287238 0.999962 0.00815833 -0.00407669 -0.00816967 0.999959 -0.0317736 0.115516 0.0208417
FixedParameters: 0 0 0

#Transform 160
Transform: AffineTransform_float_3_3
Parameters: 0.999987 0.0030245 0.00398587 -0.0030565 0.999962 0.00817292 -0.00396113 -0.00818508 0.999958 -0.0390452 0.0971022 0.00793819
FixedParameters: 0 0 0

#Transform 161
Transform: AffineTransform_float_3_3
Parameters: 0.999984 0.00334496 0.00469842 -0.00337905 0.999968 0.00725624 -0.00467458 -0.00727175 0.999962 -0.0328301 0.098121 -0.0096337
FixedParameters: 0 0 0

#Transform 162
Transform: AffineTransform_float_3_3
Parameters: 0.999983 0.0032268 0.00470045 -0.0032652 0.999961 0.00814178 -0.00467455 -0.00815621 0.999956 -0.0298756 0.0973306 -0.0119114
FixedParameters: 0 0 0

#Transform 163
Transform: AffineTransform_float_3_3
Parameters: 0.999981 0.00333335 0.0050746 -0.00337165 0.999965 0.00762703 -0.0050484 -0.00764397 0.999958 -0.0359455 0.0774265 -0.0110953
FixedParameters: 0 0 0

#Transform 164
Transform: AffineTransform_float_3_3
Parameters: 0.999982 0.00308772 0.00519078 -0.00312928 0.999964 0.0079639 -0.00516521 -0.0079801 0.999955 -0.0342582 0.0782126 -0.0122022
FixedParameters: 0 0 0

#Transform 165
Transform: AffineTransform_float_3_3
Parameters: 0.999983 0.00309081 0.00498688 -0.00312919 0.999965 0.00766953 -0.00496312 -0.00768447 0.999958 -0.0417814 0.083639 0.0185796
FixedParameters: 0 0 0

#Transform 166
Transform: AffineTransform_float_3_3
Parameters: 0.999982 0.00308874 0.00519017 -0.00312926 0.999965 0.0077669 -0.00516583 -0.0077821 0.999957 -0.0392841 0.0904778 0.0185481
FixedParameters: 0 0 0

#Transform 167
Transform: AffineTransform_float_3_3
Parameters: 0.999984 0.00309228 0.00474612 -0.00312972 0.999965 0.00774827 -0.00472187 -0.00776272 0.999958 -0.0462014 0.0829021 0.0331054
FixedParameters: 0 0 0

#Transform 168
Transform: AffineTransform_float_3_3
Parameters: 0.999982 0.0030886 0.00501908 -0.00312939 0.999962 0.00806043 -0.00499391 -0.00807656 0.999955 -0.0346421 0.0915408 0.0206104
FixedParameters: 0 0 0

#Transform 169
Transform: AffineTransform_float_3_3
Parameters: 0.999984 0.00309082 0.00474708 -0.00312917 0.999962 0.00805527 -0.00472192 -0.00807072 0.999957 -0.023091 0.0995023 0.0426728
FixedParameters: 0 0 0

#Transform 170
Transform: AffineTransform_float_3_3
Parameters: 0.999984 0.00309054 0.00474726 -0.00312946 0.999962 0.00811527 -0.00472173 -0.00813072 0.999956 -0.0310348 0.104096 0.0621302
FixedParameters: 0 0 0

#Transform 171
Transform: AffineTransform_float_3_3
Parameters: 0.999978 0.00427181 0.0049661 -0.00430919 0.999961 0.00770477 -0.0049329 -0.00772624 0.999958 -0.0894985 0.0996352 0.0630949
FixedParameters: 0 0 0

#Transform 172
Transform: AffineTransform_float_3_3
Parameters: 0.999985 0.00188445 0.00511612 -0.00192455 0.999966 0.00793327 -0.00510089 -0.00794273 0.999956 0.05952 0.104297 0.0613019
FixedParameters: 0 0 0

#Transform 173
Transform: AffineTransform_float_3_3
Parameters: 0.99998 0.00386485 0.0049649 -0.00390816 0.999955 0.00871177 -0.00493111 -0.00873023 0.999949 -0.0187525 0.130687 0.107483
FixedParameters: 0 0 0

#Transform 174
Transform: AffineTransform_float_3_3
Parameters: 0.999978 0.00356731 0.00546906 -0.00361968 0.999948 0.0094704 -0.00543493 -0.00949059 0.99994 0.0152865 0.129224 0.0786865
FixedParameters: 0 0 0

#Transform 175
Transform: AffineTransform_float_3_3
Parameters: 0.999977 0.00381574 0.00557344 -0.00386726 0.99995 0.00921566 -0.00553756 -0.00923634 0.999942 -0.00180619 0.135581 0.0416936
FixedParameters: 0 0 0

#Transform 176
Transform: AffineTransform_float_3_3
Parameters: 0.999977 0.00417487 0.00547283 -0.00422413 0.99995 0.00899709 -0.00543517 -0.0090199 0.999944 -0.0149851 0.125825 0.0383146
FixedParameters: 0 0 0

#Transform 177
Transform: AffineTransform_float_3_3
Parameters: 0.999976 0.00423921 0.00539112 -0.00428579 0.999953 0.0086971 -0.00535388 -0.0087199 0.999947 -0.0142311 0.128295 0.00273217
FixedParameters: 0 0 0

#Transform 178
Transform: AffineTransform_float_3_3
Parameters: 0.999976 0.00412435 0.00555795 -0.00417465 0.999949 0.00913301 -0.00552005 -0.00915598 0.999943 -0.014172 0.124245 0.00139597
FixedParameters: 0 0 0

#Transform 179
Transform: AffineTransform_float_3_3
Parameters: 0.999976 0.00410466 0.0056211 -0.00415434 0.999951 0.00897287 -0.0055839 -0.00899614 0.999944 -0.00418307 0.13843 0.0234215
FixedParameters: 0 0 0
