#Insight Transform File V1.0
#Transform 0
Transform: AffineTransform_float_3_3
Parameters: 1 0.000366 4.6116e-07 -0.000366 0.999999 0.00126 4.6116e-07 -0.00126 0.999999 0.00125533 -0.00110774 -0.119878
FixedParameters: 0 0 0

#Transform 1
Transform: AffineTransform_float_3_3
Parameters: 0.999999 0.000571488 -0.000441369 -0.000571512 0.999999 0.00110525 0.000441632 -0.00110475 1 0.0236547 -0.0286765 -0.18576
FixedParameters: 0 0 0

#Transform 2
Transform: AffineTransform_float_3_3
Parameters: 1 0.000473239 -0.000465757 -0.00047276 1 0.00051422 0.000466243 -0.000513779 1 0.016173 -0.00312058 -0.147322
FixedParameters: 0 0 0

#Transform 3
Transform: AffineTransform_float_3_3
Parameters: 1 0.0001872 -0.000182795 -0.0001878 1 0.00109504 0.000183206 -0.00109497 1 0.0064211 0.00108167 -0.13994
FixedParameters: 0 0 0

#Transform 4
Transform: AffineTransform_float_3_3
Parameters: 1 0.000225957 3.52786e-05 -0.000226043 0.999999 0.00123299 -3.47213e-05 -0.00123301 0.999999 0.00228823 0.0190162 -0.133005
FixedParameters: 0 0 0

#Transform 5
Transform: AffineTransform_float_3_3
Parameters: 1 0.000278944 3.54461e-05 -0.000279056 0.999998 0.00159899 -3.45538e-05 -0.00159901 0.999998 -0.000213621 0.0222974 -0.0739807
FixedParameters: 0 0 0

#Transform 6
Transform: AffineTransform_float_3_3
Parameters: 1 -5.5965e-08 3.49999e-05 -5.5965e-08 0.999998 0.001599 -3.49999e-05 -0.001599 0.999998 -0.00111688 0.00106706 -0.0779118
FixedParameters: 0 0 0

#Transform 7
Transform: AffineTransform_float_3_3
Parameters: 1 0.000370958 3.54441e-05 -0.000371042 0.999999 0.00119699 -3.45559e-05 -0.00119701 1 0.00544607 -0.00338002 -0.0756647
FixedParameters: 0 0 0

#Transform 8
Transform: AffineTransform_float_3_3
Parameters: 1 0.000207944 3.53325e-05 -0.000208056 0.999998 0.00159899 -3.46674e-05 -0.00159901 0.999998 0.0176216 0.00284465 -0.00381418
FixedParameters: 0 0 0

#Transform 9
Transform: AffineTransform_float_3_3
Parameters: 1 0.000280944 3.54493e-05 -0.000281056 0.999998 0.00159899 -3.45506e-05 -0.00159901 0.999998 0.0249752 -0.0122366 -0.0638004
FixedParameters: 0 0 0

#Transform 10
Transform: AffineTransform_float_3_3
Parameters: 1 0.000183789 0.000253153 -0.000184211 0.999999 0.000834953 -0.000252846 -0.000835046 0.999999 0.0163367 -0.00452168 -0.0671436
FixedParameters: 0 0 0

#Transform 11
Transform: AffineTransform_float_3_3
Parameters: 1 0.000487945 3.5749e-05 -0.000488054 0.999998 0.00153498 -3.52509e-05 -0.00153502 0.999999 0.0178765 0.00439431 -0.0794425
FixedParameters: 0 0 0

#Transform 12
Transform: AffineTransform_float_3_3
Parameters: 1 0.000297817 -0.000510524 -0.000296182 0.999998 0.00160015 0.000511474 -0.00159985 0.999998 0.0343715 -0.0163088 -0.059096
FixedParameters: 0 0 0

#Transform 13
Transform: AffineTransform_float_3_3
Parameters: 1 0.000148049 -0.000323977 -0.000147951 1 0.000152048 0.000324022 -0.000151952 1 0.0230042 0.00469165 -0.0465797
FixedParameters: 0 0 0

#Transform 14
Transform: AffineTransform_float_3_3
Parameters: 1 0.000496978 3.03633e-05 -0.000497022 0.999999 0.000730985 -2.96367e-05 -0.000731014 0.999999 0.0180656 0.0286594 -0.0833835
FixedParameters: 0 0 0

#Transform 15
Transform: AffineTransform_float_3_3
Parameters: 1 0.000591092 -0.000107498 -0.000590909 1 0.000849064 0.000107502 -0.000848937 0.999999 0.0226255 0.0247857 -0.0577025
FixedParameters: 0 0 0

#Transform 16
Transform: AffineTransform_float_3_3
Parameters: 1 0.000354977 3.02676e-05 -0.000355022 0.999999 0.000753989 -2.97323e-05 -0.00075401 0.999999 0.00232531 0.0218239 -0.0389973
FixedParameters: 0 0 0

#Transform 17
Transform: AffineTransform_float_3_3
Parameters: 1 0.00035499 3.01157e-05 -0.00035501 1 0.000325989 -2.98843e-05 -0.000326011 1 0.001617 0.0103169 -0.0131136
FixedParameters: 0 0 0

#Transform 18
Transform: AffineTransform_float_3_3
Parameters: 1 -4.69334e-05 -0.000296011 4.70666e-05 1 0.000224986 0.000295989 -0.000225014 1 0.00328607 0.0197341 -0.00264815
FixedParameters: 0 0 0

#Transform 19
Transform: AffineTransform_float_3_3
Parameters: 1 -4.70028e-05 2.99956e-05 4.69972e-05 1 9.30014e-05 -3.00044e-05 -9.29986e-05 1 0.0176132 0.0238676 -0.0274457
FixedParameters: 0 0 0

#Transform 20
Transform: AffineTransform_float_3_3
Parameters: 1 3.39954e-05 3.00052e-05 -3.40046e-05 1 0.000151999 -2.99948e-05 -0.000152001 1 0.0115035 0.00265849 -0.0027553
FixedParameters: 0 0 0

#Transform 21
Transform: AffineTransform_float_3_3
Parameters: 1 -4.70019e-05 2.9997e-05 4.69981e-05 1 6.40014e-05 -3.0003e-05 -6.39986e-05 1 0.00835284 0.00569309 -0.00246826
FixedParameters: 0 0 0

#Transform 22
Transform: AffineTransform_float_3_3
Parameters: 1 -4.69291e-05 -0.000139024 4.70709e-05 1 0.000509993 0.000138976 -0.000510006 1 0.0164243 0.0107791 -0.0176667
FixedParameters: 0 0 0

#Transform 23
Transform: AffineTransform_float_3_3
Parameters: 1 -4.70096e-05 2.9985e-05 4.69907e-05 1 0.000320001 -2.9015e-05 -0.000319999 1 -0.00494188 -0.000822127 -0.00320128
FixedParameters: 0 0 0

#Transform 24
Transform: AffineTransform_float_3_3
Parameters: 1 -4.70219e-05 2.99656e-05 4.69787e-05 0.999999 0.000732001 -2.90344e-05 -0.000731998 0.999999 0.00815635 0.00379516 0.011827
FixedParameters: 0 0 0

#Transform 25
Transform: AffineTransform_float_3_3
Parameters: 1 -4.7018e-05 2.99718e-05 4.69826e-05 1 0.000600001 -2.90282e-05 -0.000599998 1 0.00650159 -3.95221e-05 0.0137912
FixedParameters: 0 0 0

#Transform 26
Transform: AffineTransform_float_3_3
Parameters: 1 -4.70217e-05 2.9966e-05 4.6979e-05 0.999999 0.000723001 -2.9034e-05 -0.000722998 0.999999 0.00752794 0.00411599 0.0319185
FixedParameters: 0 0 0

#Transform 27
Transform: AffineTransform_float_3_3
Parameters: 1 0.000214979 3.01531e-05 -0.000215021 0.999999 0.000711993 -2.98469e-05 -0.000712006 0.999999 0.0123328 -0.00612609 -0.0217605
FixedParameters: 0 0 0

#Transform 28
Transform: AffineTransform_float_3_3
Parameters: 1 3.49848e-05 3.00177e-05 -3.50152e-05 1 0.000506999 -2.99822e-05 -0.000507001 1 0.010578 0.0107367 0.00070182
FixedParameters: 0 0 0

#Transform 29
Transform: AffineTransform_float_3_3
Parameters: 1 -4.70964e-05 0.000195977 4.69036e-05 1 0.000492009 -0.000196023 -0.000491991 1 0.00606145 0.0112848 0.000674054
FixedParameters: 0 0 0

#Transform 30
Transform: AffineTransform_float_3_3
Parameters: 1 -4.71709e-05 0.000245967 4.7829e-05 1 0.000695011 -0.000246033 -0.000694988 0.999999 0.00939584 0.00501121 0.0262234
FixedParameters: 0 0 0

#Transform 31
Transform: AffineTransform_float_3_3
Parameters: 1 0.000172985 3.00875e-05 -0.000173015 1 0.000505995 -2.99125e-05 -0.000506005 1 0.0196989 0.00234271 -0.0310491
FixedParameters: 0 0 0

#Transform 32
Transform: AffineTransform_float_3_3
Parameters: 1 5.89954e-05 3.0009e-05 -5.90046e-05 1 0.000151998 -2.9991e-05 -0.000152002 1 0.01176 0.0219591 -0.0276022
FixedParameters: 0 0 0

#Transform 33
Transform: AffineTransform_float_3_3
Parameters: 1 -4.70623e-05 -0.000115975 4.69377e-05 1 -0.000537005 0.000116025 0.000536994 1 0.0158991 0.0213629 -0.0318453
FixedParameters: 0 0 0

#Transform 34
Transform: AffineTransform_float_3_3
Parameters: 1 -0.000163359 -0.000484879 0.000162641 0.999999 -0.000740078 0.00048512 0.00073992 0.999999 0.0271263 0.00934296 -0.0155147
FixedParameters: 0 0 0

#Transform 35
Transform: AffineTransform_float_3_3
Parameters: 1 0.000179848 -0.000418065 -0.000180152 1 -0.000363925 0.000417934 0.000364075 1 0.0261725 0.0339005 -0.0326736
FixedParameters: 0 0 0

#Transform 36
Transform: AffineTransform_float_3_3
Parameters: 1 0.000267698 -0.000377214 -0.000268303 0.999999 -0.000800898 0.000377785 0.000801101 0.999999 0.02522 0.0419584 -0.0181186
FixedParameters: 0 0 0

#Transform 37
Transform: AffineTransform_float_3_3
Parameters: 1 0.000267961 -6.11728e-05 -0.000268039 1 -0.000644983 6.08271e-05 0.000645016 1 0.0152299 0.0303929 0.0347305
FixedParameters: 0 0 0

#Transform 38
Transform: AffineTransform_float_3_3
Parameters: 1 0.000160958 -6.11117e-05 -0.000161042 0.999999 -0.00069399 6.08882e-05 0.000694009 1 0.0148413 0.0247522 0.0189329
FixedParameters: 0 0 0

#Transform 39
Transform: AffineTransform_float_3_3
Parameters: 1 0.000267956 -6.11927e-05 -0.000268044 0.999999 -0.000718983 6.08073e-05 0.000719016 0.999999 0.0152302 0.0253558 0.0406379
FixedParameters: 0 0 0

#Transform 40
Transform: AffineTransform_float_3_3
Parameters: 1 -6.42714e-05 -0.000318945 6.37285e-05 0.999999 -0.00085102 0.000319054 0.000850979 0.999999 0.022166 -0.00209481 -0.00349368
FixedParameters: 0 0 0

#Transform 41
Transform: AffineTransform_float_3_3
Parameters: 1 -0.000202086 -6.07155e-05 0.000201914 0.999999 -0.00140801 6.12844e-05 0.00140799 0.999999 0.0135704 0.00430396 -0.0044239
FixedParameters: 0 0 0

#Transform 42
Transform: AffineTransform_float_3_3
Parameters: 1 -7.31266e-05 -6.08481e-05 7.2873e-05 0.999998 -0.002079 6.11516e-05 0.00207899 0.999998 0.0140571 0.028912 -0.0183938
FixedParameters: 0 0 0

#Transform 43
Transform: AffineTransform_float_3_3
Parameters: 1 -0.000412832 -0.000274754 0.000412167 0.999996 -0.00302212 0.000276247 0.00302189 0.999996 0.0196018 0.0444503 -0.0240803
FixedParameters: 0 0 0

#Transform 44
Transform: AffineTransform_float_3_3
Parameters: 1 -0.000119222 -6.05651e-05 0.00011878 0.999994 -0.00365101 6.04341e-05 0.003651 0.999994 0.0138895 0.0537983 -0.0393504
FixedParameters: 0 0 0

#Transform 45
Transform: AffineTransform_float_3_3
Parameters: 1 -0.000117212 -6.05914e-05 0.00011679 0.999994 -0.00348901 6.04078e-05 0.00348899 0.999994 0.0138941 0.0526758 -0.026455
FixedParameters: 0 0 0

#Transform 46
Transform: AffineTransform_float_3_3
Parameters: 1 5.90781e-05 0.000584793 -5.69246e-05 0.999993 -0.00355303 -0.000584206 0.00355296 0.999993 0.00862767 0.0757975 -0.0351232
FixedParameters: 0 0 0

#Transform 47
Transform: AffineTransform_float_3_3
Parameters: 1 0.000131428 0.000129567 -0.000131571 0.999994 -0.00329701 -0.000130434 0.00329698 0.999994 0.00878689 0.0689542 -0.0142701
FixedParameters: 0 0 0

#Transform 48
Transform: AffineTransform_float_3_3
Parameters: 1 -0.000119018 -0.000450472 0.00011698 0.99999 -0.00447705 0.000451528 0.00447695 0.99999 0.0337684 0.0627975 -0.0229521
FixedParameters: 0 0 0

#Transform 49
Transform: AffineTransform_float_3_3
Parameters: 1 -0.000119156 -0.000340253 0.000116839 0.99998 -0.00632904 0.000341746 0.00632896 0.99998 0.0226752 0.0587632 -0.0210226
FixedParameters: 0 0 0

#Transform 50
Transform: AffineTransform_float_3_3
Parameters: 1 -0.000120804 -0.000409898 0.000117195 0.999957 -0.00926805 0.000411104 0.00926795 0.999957 0.0248448 0.0954632 -0.0650232
FixedParameters: 0 0 0

#Transform 51
Transform: AffineTransform_float_3_3
Parameters: 0.999999 -0.000125716 -0.00086678 0.000117292 0.999949 -0.0100481 0.000867222 0.0100489 0.999949 0.0390899 0.112826 -0.0318242
FixedParameters: 0 0 0

#Transform 52
Transform: AffineTransform_float_3_3
Parameters: 0.999999 -0.00031056 -0.000876012 0.00030144 0.999953 -0.00975527 0.000878982 0.00975474 0.999952 0.0387394 0.104037 0.00652118
FixedParameters: 0 0 0

#Transform 53
Transform: AffineTransform_float_3_3
Parameters: 0.999999 -0.000127788 -0.000882505 0.000117205 0.999926 -0.0122141 0.000884497 0.0122139 0.999925 0.0171124 0.131458 -0.0234339
FixedParameters: 0 0 0

#Transform 54
Transform: AffineTransform_float_3_3
Parameters: 1 -0.000126657 -0.000694308 0.000117348 0.999904 -0.0138901 0.000695697 0.0138909 0.999904 0.0112517 0.160674 0.00136414
FixedParameters: 0 0 0

#Transform 55
Transform: AffineTransform_float_3_3
Parameters: 1 -0.000121681 -0.000409638 0.000117314 0.999935 -0.011409 0.000411365 0.0114089 0.999935 0.00231644 0.144654 0.0531782
FixedParameters: 0 0 0

#Transform 56
Transform: AffineTransform_float_3_3
Parameters: 1 -0.00028341 -0.000512438 0.000274581 0.999867 -0.0163372 0.000517555 0.0163369 0.999867 0.0050652 0.224843 0.051945
FixedParameters: 0 0 0

#Transform 57
Transform: AffineTransform_float_3_3
Parameters: 1 -0.000114053 -0.00047258 0.000107941 0.999918 -0.0127891 0.000474419 0.012789 0.999918 0.0185781 0.168692 0.0225639
FixedParameters: 0 0 0

#Transform 58
Transform: AffineTransform_float_3_3
Parameters: 1 3.26075e-05 -0.000272428 -3.63871e-05 0.999923 -0.012462 0.000271568 0.012462 0.999923 0.0138238 0.181549 0.051316
FixedParameters: 0 0 0

#Transform 59
Transform: AffineTransform_float_3_3
Parameters: 1 -0.000273922 -0.000237674 0.000271087 0.999926 -0.0122071 0.000240327 0.0122069 0.999925 0.00666035 0.168109 0.0766607
FixedParameters: 0 0 0

#Transform 60
Transform: AffineTransform_float_3_3
Parameters: 1 -0.000105382 -0.000697647 9.66262e-05 0.999909 -0.0134351 0.000698361 0.0134349 0.999909 0.0197356 0.1848 0.0909316
FixedParameters: 0 0 0

#Transform 61
Transform: AffineTransform_float_3_3
Parameters: 1 0.000103241 0.000345338 -0.000100761 0.999979 -0.00648403 -0.000345661 0.00648396 0.999979 0.00858725 0.0777577 0.0566111
FixedParameters: 0 0 0

#Transform 62
Transform: AffineTransform_float_3_3
Parameters: 1 -0.000576807 -0.000183411 0.000575197 0.999952 -0.0097041 0.000188591 0.00970389 0.999953 0.00565419 0.130208 0.0478081
FixedParameters: 0 0 0

#Transform 63
Transform: AffineTransform_float_3_3
Parameters: 1 -0.0010725 -0.000116976 0.0010705 0.999925 -0.0121521 0.000130019 0.0121529 0.999926 0.00204141 0.180491 0.0602758
FixedParameters: 0 0 0

#Transform 64
Transform: AffineTransform_float_3_3
Parameters: 1 -0.000230815 3.91049e-05 0.000230184 0.999988 -0.00478499 -3.7899e-05 0.004785 0.999988 0.0122031 0.0679121 0.0496879
FixedParameters: 0 0 0

#Transform 65
Transform: AffineTransform_float_3_3
Parameters: 1 -0.000573096 -3.65221e-05 0.000572903 0.999997 -0.00257902 3.84776e-05 0.00257898 0.999996 0.00100814 0.0837956 0.074579
FixedParameters: 0 0 0

#Transform 66
Transform: AffineTransform_float_3_3
Parameters: 0.999999 -0.00101164 -0.000761183 0.00100736 0.999988 -0.00477077 0.000765815 0.00477023 0.999989 0.0224613 0.0375858 0.0936969
FixedParameters: 0 0 0

#Transform 67
Transform: AffineTransform_float_3_3
Parameters: 0.999999 -0.000808197 -0.000498255 0.000803804 0.999964 -0.0083674 0.000504743 0.00836759 0.999965 0.00774041 0.123992 0.104976
FixedParameters: 0 0 0

#Transform 68
Transform: AffineTransform_float_3_3
Parameters: 0.999999 -0.00077944 -0.00042779 0.000775558 0.999968 -0.00798433 0.000434206 0.00798366 0.999968 0.0103604 0.122501 0.0527687
FixedParameters: 0 0 0

#Transform 69
Transform: AffineTransform_float_3_3
Parameters: 0.999993 6.73549e-05 -0.00367763 -4.16418e-05 0.999976 0.0068942 0.00367838 -0.0068938 0.99997 0.0893708 -0.239851 -0.573573
FixedParameters: 0 0 0

#Transform 70
Transform: AffineTransform_float_3_3
Parameters: 0.999998 -0.000840117 -0.00214734 0.000814885 0.999931 -0.0116718 0.00215666 0.0116692 0.999929 0.0350423 0.0677894 0.0289392
FixedParameters: 0 0 0

#Transform 71
Transform: AffineTransform_float_3_3
Parameters: 0.999999 -0.000612342 -0.00168299 0.000587658 0.999887 -0.015017 0.00169202 0.015016 0.999886 -0.00572263 0.243163 0.0694767
FixedParameters: 0 0 0

#Transform 72
Transform: AffineTransform_float_3_3
Parameters: 0.999997 -0.00120392 -0.00204894 0.00116208 0.999793 -0.0203394 0.00207306 0.0203376 0.999791 0.0150351 0.281134 -0.0346662
FixedParameters: 0 0 0

#Transform 73
Transform: AffineTransform_float_3_3
Parameters: 0.999995 -0.00197283 -0.00253592 0.00190417 0.999638 -0.026863 0.00258808 0.026858 0.999636 0.0115441 0.372418 0.00147675
FixedParameters: 0 0 0

#Transform 74
Transform: AffineTransform_float_3_3
Parameters: 0.999996 -0.00168655 -0.00217676 0.00162044 0.999556 -0.0297717 0.00222623 0.0297684 0.999555 -0.00647113 0.407901 -0.0317802
FixedParameters: 0 0 0

#Transform 75
Transform: AffineTransform_float_3_3
Parameters: 0.999997 -0.0014853 -0.00198855 0.00142068 0.999489 -0.0319559 0.00203544 0.0319521 0.999488 0.00922762 0.424594 -0.00755283
FixedParameters: 0 0 0

#Transform 76
Transform: AffineTransform_float_3_3
Parameters: 0.999997 -0.0014377 -0.00198912 0.0013723 0.999466 -0.0326478 0.00203489 0.0326452 0.999465 0.00831168 0.437179 0.0373204
FixedParameters: 0 0 0

#Transform 77
Transform: AffineTransform_float_3_3
Parameters: 0.999997 -0.00113947 -0.00192425 0.00107554 0.999449 -0.0331781 0.00196076 0.0331768 0.999447 0.00790585 0.433139 0.072154
FixedParameters: 0 0 0

#Transform 78
Transform: AffineTransform_float_3_3
Parameters: 0.999997 -0.00138122 -0.00162771 0.0013258 0.99944 -0.0334512 0.00167228 0.0334498 0.999439 -0.00762302 0.42117 0.102039
FixedParameters: 0 0 0

#Transform 79
Transform: AffineTransform_float_3_3
Parameters: 0.999998 -0.00137886 -0.0015485 0.00132612 0.999434 -0.0336331 0.0015945 0.0336309 0.999433 -0.00544115 0.416599 0.113022
FixedParameters: 0 0 0

#Transform 80
Transform: AffineTransform_float_3_3
Parameters: 0.999997 -0.00155899 -0.00154319 0.00150701 0.999449 -0.0331384 0.00159381 0.0331356 0.999449 -0.0186756 0.413433 0.159838
FixedParameters: 0 0 0

#Transform 81
Transform: AffineTransform_float_3_3
Parameters: 0.999999 -0.00148209 -0.000872534 0.00145489 0.99954 -0.0302733 0.000917464 0.0302717 0.999542 -0.0246513 0.387386 0.163261
FixedParameters: 0 0 0

#Transform 82
Transform: AffineTransform_float_3_3
Parameters: 0.999998 -0.0015227 -0.000430588 0.00151129 0.999662 -0.0259787 0.00047042 0.0259783 0.999663 -0.0149253 0.35125 0.125714
FixedParameters: 0 0 0

#Transform 83
Transform: AffineTransform_float_3_3
Parameters: 0.999997 -0.00204283 0.00142866 0.00206916 0.999812 -0.0192841 -0.00138835 0.0192869 0.999813 -0.0482025 0.261057 0.172673
FixedParameters: 0 0 0

#Transform 84
Transform: AffineTransform_float_3_3
Parameters: 0.999996 -0.000980286 0.00244086 0.00102572 0.999823 -0.0187986 -0.00242215 0.0188004 0.999821 -0.176118 0.254101 0.196581
FixedParameters: 0 0 0

#Transform 85
Transform: AffineTransform_float_3_3
Parameters: 0.999998 -0.00185684 0.000669855 0.00186716 0.999878 -0.0154958 -0.000641144 0.0154962 0.999879 0.0191233 0.213705 0.321494
FixedParameters: 0 0 0

#Transform 86
Transform: AffineTransform_float_3_3
Parameters: 0.999999 -0.000920404 0.000326239 0.000925591 0.999845 -0.0175887 -0.000309767 0.0175893 0.999846 -0.0228798 0.251492 0.316408
FixedParameters: 0 0 0

#Transform 87
Transform: AffineTransform_float_3_3
Parameters: 0.999998 -0.00160097 1.62412e-05 0.00160102 0.999832 -0.018263 1.32417e-05 0.018263 0.999833 -0.0379124 0.265254 0.378837
FixedParameters: 0 0 0

#Transform 88
Transform: AffineTransform_float_3_3
Parameters: 0.999999 -0.00135126 0.000106962 0.00135274 0.999828 -0.0184599 -8.20422e-05 0.0184601 0.999829 -0.0303637 0.269194 0.308301
FixedParameters: 0 0 0

#Transform 89
Transform: AffineTransform_float_3_3
Parameters: 0.999998 -0.00139411 0.000927466 0.0014119 0.999808 -0.0195737 -0.000900535 0.0195753 0.999808 -0.0487995 0.274725 0.25241
FixedParameters: 0 0 0

#Transform 90
Transform: AffineTransform_float_3_3
Parameters: 0.999998 -0.0014598 0.000929221 0.00147821 0.999801 -0.0198907 -0.000900773 0.0198923 0.999801 -0.043479 0.276566 0.229751
FixedParameters: 0 0 0

#Transform 91
Transform: AffineTransform_float_3_3
Parameters: 0.999998 -0.00159343 0.000510259 0.00160456 0.999769 -0.0214262 -0.000475729 0.0214268 0.999771 -0.0362869 0.29359 0.228191
FixedParameters: 0 0 0

#Transform 92
Transform: AffineTransform_float_3_3
Parameters: 0.999996 -0.0014737 -0.00214329 0.0014583 0.999972 -0.00730915 0.00215371 0.00730585 0.999971 0.0010091 0.0829116 0.312724
FixedParameters: 0 0 0

#Transform 93
Transform: AffineTransform_float_3_3
Parameters: 0.999996 -0.00192798 -0.00217357 0.00190703 0.999952 -0.00961219 0.00219143 0.00960782 0.999952 0.000229815 0.129324 0.47442
FixedParameters: 0 0 0

#Transform 94
Transform: AffineTransform_float_3_3
Parameters: 0.999998 -0.00130501 -0.00146225 0.00129399 0.999971 -0.0075069 0.00147175 0.00750509 0.999971 -0.00273321 0.105817 0.327777
FixedParameters: 0 0 0

#Transform 95
Transform: AffineTransform_float_3_3
Parameters: 0.999998 -0.00130266 -0.000993755 0.00129334 0.999961 -0.00866129 0.00100524 0.0086607 0.999962 -0.0064635 0.14219 0.302883
FixedParameters: 0 0 0

#Transform 96
Transform: AffineTransform_float_3_3
Parameters: 0.999998 -0.00130356 -0.000992574 0.00129344 0.999954 -0.0095673 0.00100542 0.0095657 0.999953 -0.013437 0.151412 0.333276
FixedParameters: 0 0 0

#Transform 97
Transform: AffineTransform_float_3_3
Parameters: 0.999998 -0.00130607 -0.00185155 0.00129394 0.999978 -0.00650441 0.00185946 0.00650259 0.999977 -0.0059349 0.0939754 0.396799
FixedParameters: 0 0 0

#Transform 98
Transform: AffineTransform_float_3_3
Parameters: 0.999997 -0.0012516 -0.00205016 0.0012374 0.999974 -0.00710655 0.00205884 0.00710444 0.999972 0.000490587 0.102619 0.344339
FixedParameters: 0 0 0

#Transform 99
Transform: AffineTransform_float_3_3
Parameters: 0.999998 -0.00105516 -0.00164891 0.00104384 0.999976 -0.00675673 0.00165609 0.00675526 0.999976 -0.011347 0.102037 0.331839
FixedParameters: 0 0 0

#Transform 100
Transform: AffineTransform_float_3_3
Parameters: 0.999999 -0.000695087 -0.00114031 0.000688914 0.999985 -0.00532979 0.00114369 0.00532921 0.999985 -0.0262612 0.0857947 0.367566
FixedParameters: 0 0 0

#Transform 101
Transform: AffineTransform_float_3_3
Parameters: 0.999998 -0.000883646 -0.00174466 0.000869349 0.999964 -0.00837853 0.00175235 0.00837647 0.999964 0.00176092 0.101137 0.343609
FixedParameters: 0 0 0

#Transform 102
Transform: AffineTransform_float_3_3
Parameters: 0.999998 -0.000884514 -0.00152712 0.000869486 0.999949 -0.0101304 0.00153589 0.0101287 0.999948 0.00114164 0.153618 0.446656
FixedParameters: 0 0 0

#Transform 103
Transform: AffineTransform_float_3_3
Parameters: 0.999998 -0.00088369 -0.00166328 0.000869313 0.999961 -0.00881146 0.00167072 0.00881054 0.99996 0.012426 0.129536 0.360454
FixedParameters: 0 0 0

#Transform 104
Transform: AffineTransform_float_3_3
Parameters: 0.999997 -0.000890795 -0.00196929 0.000869208 0.999938 -0.0110407 0.00197872 0.0110393 0.999937 -0.00106547 0.173634 0.334804
FixedParameters: 0 0 0

#Transform 105
Transform: AffineTransform_float_3_3
Parameters: 0.999999 -0.000939754 -0.00160359 0.000919241 0.999924 -0.0122755 0.00161541 0.0122735 0.999924 -0.0124555 0.176118 0.294387
FixedParameters: 0 0 0

#Transform 106
Transform: AffineTransform_float_3_3
Parameters: 0.999998 -0.000527926 -0.00160734 0.000504078 0.999889 -0.0148498 0.00161466 0.0148492 0.999889 -0.0108794 0.189887 0.231764
FixedParameters: 0 0 0

#Transform 107
Transform: AffineTransform_float_3_3
Parameters: 0.999997 -0.00094283 -0.00230371 0.000902181 0.999843 -0.0176611 0.00231929 0.0176589 0.999842 0.00958614 0.231368 0.282654
FixedParameters: 0 0 0

#Transform 108
Transform: AffineTransform_float_3_3
Parameters: 0.999996 -0.00133845 -0.0022448 0.00129655 0.999831 -0.018366 0.00226919 0.018363 0.999829 -0.0186626 0.261496 0.319119
FixedParameters: 0 0 0

#Transform 109
Transform: AffineTransform_float_3_3
Parameters: 0.999997 -0.000830433 -0.00203714 0.000792568 0.999832 -0.0183087 0.00205185 0.0183063 0.999831 -0.0274728 0.273695 0.280125
FixedParameters: 0 0 0

#Transform 110
Transform: AffineTransform_float_3_3
Parameters: 0.999998 -0.000683706 -0.00160388 0.000657291 0.999862 -0.0165931 0.00161513 0.0165919 0.999861 -0.0366185 0.234332 0.276821
FixedParameters: 0 0 0

#Transform 111
Transform: AffineTransform_float_3_3
Parameters: 0.999999 -0.000806216 -0.0016011 0.000777785 0.999846 -0.0175463 0.0016149 0.0175447 0.999845 -0.0211211 0.232006 0.283385
FixedParameters: 0 0 0

#Transform 112
Transform: AffineTransform_float_3_3
Parameters: 0.999998 -0.00102477 -0.00203034 0.000989234 0.999845 -0.017542 0.00204767 0.0175399 0.999844 -0.0243612 0.264067 0.303367
FixedParameters: 0 0 0

#Transform 113
Transform: AffineTransform_float_3_3
Parameters: 0.999999 -0.000725446 -0.00160243 0.000696563 0.999844 -0.0176812 0.00161457 0.0176799 0.999843 -0.0211321 0.259004 0.307788
FixedParameters: 0 0 0

#Transform 114
Transform: AffineTransform_float_3_3
Parameters: 0.999999 -0.000704485 -0.0012819 0.000682514 0.999848 -0.0174569 0.00129411 0.0174561 0.999847 -0.0280555 0.240161 0.312468
FixedParameters: 0 0 0

#Transform 115
Transform: AffineTransform_float_3_3
Parameters: 0.999999 -0.00110466 -0.00149972 0.00107834 0.999844 -0.0176617 0.00151928 0.0176604 0.999843 -0.0224354 0.248257 0.304325
FixedParameters: 0 0 0

#Transform 116
Transform: AffineTransform_float_3_3
Parameters: 0.999998 -0.00132223 -0.00144023 0.00129677 0.999848 -0.0173829 0.00146276 0.0173801 0.999848 -0.0250402 0.25229 0.29559
FixedParameters: 0 0 0

#Transform 117
Transform: AffineTransform_float_3_3
Parameters: 0.999998 -0.00118809 -0.00122726 0.00116191 0.999778 -0.0210484 0.00125173 0.0210475 0.999777 -0.0290416 0.284 0.177388
FixedParameters: 0 0 0

#Transform 118
Transform: AffineTransform_float_3_3
Parameters: 0.999997 -0.00164103 -0.00170512 0.00160397 0.999767 -0.0214958 0.00173988 0.0214932 0.999768 -0.0221748 0.305561 0.218673
FixedParameters: 0 0 0

#Transform 119
Transform: AffineTransform_float_3_3
Parameters: 0.999998 -0.00147889 -0.00114636 0.00145312 0.999751 -0.0222647 0.00117864 0.0222623 0.999752 -0.0318471 0.30297 0.230269
FixedParameters: 0 0 0

#Transform 120
Transform: AffineTransform_float_3_3
Parameters: 0.999998 -0.00087483 -0.00150483 0.000840165 0.99975 -0.0223373 0.00152415 0.0223357 0.99975 -0.0212353 0.300089 0.17916
FixedParameters: 0 0 0

#Transform 121
Transform: AffineTransform_float_3_3
Parameters: 0.999998 -0.000873163 -0.00133551 0.000840849 0.999714 -0.0238971 0.00135548 0.0238958 0.999713 -0.0328105 0.335844 0.204756
FixedParameters: 0 0 0

#Transform 122
Transform: AffineTransform_float_3_3
Parameters: 0.999999 -0.00128439 -0.00130073 0.0012536 0.999714 -0.0238557 0.00133128 0.0238533 0.999714 -0.0290762 0.353806 0.202157
FixedParameters: 0 0 0

#Transform 123
Transform: AffineTransform_float_3_3
Parameters: 0.999998 -0.00129179 -0.00107356 0.0012642 0.999697 -0.0245924 0.00110542 0.0245916 0.999697 -0.0471895 0.352865 0.168021
FixedParameters: 0 0 0

#Transform 124
Transform: AffineTransform_float_3_3
Parameters: 0.999999 -0.00111109 -0.00110445 0.0010829 0.999684 -0.0251132 0.00113255 0.0251128 0.999684 -0.0451707 0.355075 0.153086
FixedParameters: 0 0 0

#Transform 125
Transform: AffineTransform_float_3_3
Parameters: 0.999999 -0.000992053 -0.00146828 0.000955955 0.999703 -0.0243544 0.00149173 0.0243536 0.999703 -0.023026 0.363092 0.206887
FixedParameters: 0 0 0

#Transform 126
Transform: AffineTransform_float_3_3
Parameters: 0.999999 -0.000771642 -0.00128726 0.000743342 0.999756 -0.022104 0.00130475 0.022103 0.999755 -0.0352058 0.33953 0.244151
FixedParameters: 0 0 0

#Transform 127
Transform: AffineTransform_float_3_3
Parameters: 0.999998 -0.000936981 -0.00180379 0.000897014 0.999756 -0.0220397 0.00182421 0.0220383 0.999756 -0.0239777 0.336321 0.242366
FixedParameters: 0 0 0

#Transform 128
Transform: AffineTransform_float_3_3
Parameters: 0.999999 -0.00074475 -0.00112831 0.000721237 0.999799 -0.0200308 0.00114368 0.0200302 0.999798 -0.0341961 0.287681 0.274379
FixedParameters: 0 0 0

#Transform 129
Transform: AffineTransform_float_3_3
Parameters: 0.999999 -0.000748686 -0.0011302 0.0007293 0.99985 -0.0173188 0.0011438 0.0173182 0.99985 -0.0342824 0.236527 0.291837
FixedParameters: 0 0 0

#Transform 130
Transform: AffineTransform_float_3_3
Parameters: 0.999999 -0.000860849 -0.00111317 0.000844154 0.999887 -0.015049 0.00112583 0.0150481 0.999886 -0.0286725 0.215081 0.30131
FixedParameters: 0 0 0

#Transform 131
Transform: AffineTransform_float_3_3
Parameters: 0.999999 -0.0008593 -0.00107011 0.000842702 0.999885 -0.0151399 0.00108288 0.0151391 0.999885 -0.023683 0.215931 0.286589
FixedParameters: 0 0 0

#Transform 132
Transform: AffineTransform_float_3_3
Parameters: 1 -0.000704537 -0.00096657 0.000689458 0.999888 -0.0149577 0.000977422 0.0149573 0.999887 -0.0200281 0.22026 0.286018
FixedParameters: 0 0 0

#Transform 133
Transform: AffineTransform_float_3_3
Parameters: 0.999999 -0.000667611 -0.000672595 0.000658383 0.999899 -0.0141895 0.000682411 0.0141896 0.999899 -0.0292934 0.199358 0.307535
FixedParameters: 0 0 0

#Transform 134
Transform: AffineTransform_float_3_3
Parameters: 1 -0.00049536 -0.000995987 0.00048064 0.999896 -0.0143665 0.00100301 0.0143665 0.999897 -0.0184804 0.223233 0.298598
FixedParameters: 0 0 0

#Transform 135
Transform: AffineTransform_float_3_3
Parameters: 0.999999 -0.000617924 -0.0012221 0.000600078 0.999893 -0.0146128 0.0012309 0.0146123 0.999893 -0.0206258 0.218175 0.285031
FixedParameters: 0 0 0

#Transform 136
Transform: AffineTransform_float_3_3
Parameters: 0.999999 -0.00107351 -0.00112432 0.00105849 0.999917 -0.0128302 0.00113767 0.0128288 0.999917 -0.0164734 0.197166 0.295536
FixedParameters: 0 0 0

#Transform 137
Transform: AffineTransform_float_3_3
Parameters: 0.999998 -0.000895246 -0.00183971 0.000878751 0.999956 -0.00935363 0.0018483 0.00935236 0.999954 0.0124716 0.1489 0.339205
FixedParameters: 0 0 0

#Transform 138
Transform: AffineTransform_float_3_3
Parameters: 0.999999 -0.000830929 -0.00119879 0.000815068 0.999923 -0.012401 0.0012092 0.0124 0.999923 -0.0105326 0.185927 0.323888
FixedParameters: 0 0 0

#Transform 139
Transform: AffineTransform_float_3_3
Parameters: 0.999998 -0.00078671 -0.00148121 0.000768292 0.999921 -0.0125902 0.00149079 0.0125888 0.999919 -0.00525889 0.197315 0.306022
FixedParameters: 0 0 0

#Transform 140
Transform: AffineTransform_float_3_3
Parameters: 0.999998 -0.00062743 -0.00151249 0.000608564 0.999926 -0.0121549 0.00152051 0.0121541 0.999925 0.00377732 0.194814 0.334856
FixedParameters: 0 0 0

#Transform 141
Transform: AffineTransform_float_3_3
Parameters: 0.999999 -0.00102253 -0.00140512 0.00100548 0.999931 -0.0117124 0.00141687 0.0117106 0.999931 -0.0149662 0.192876 0.3992
FixedParameters: 0 0 0

#Transform 142
Transform: AffineTransform_float_3_3
Parameters: 0.999998 -0.000638905 -0.00147923 0.000623097 0.999943 -0.0107279 0.00148577 0.0107271 0.999942 -0.0197701 0.174602 0.413561
FixedParameters: 0 0 0

#Transform 143
Transform: AffineTransform_float_3_3
Parameters: 0.999998 -0.000634084 -0.00147963 0.000618912 0.999948 -0.0101729 0.00148637 0.0101721 0.999947 -0.0257258 0.173677 0.437296
FixedParameters: 0 0 0

#Transform 144
Transform: AffineTransform_float_3_3
Parameters: 0.999993 -0.000634001 -0.00361961 0.000626002 0.999998 -0.00221028 0.00362139 0.00220872 0.999991 -0.0404738 0.0549392 0.386895
FixedParameters: 0 0 0

#Transform 145
Transform: AffineTransform_float_3_3
Parameters: 0.999987 -0.00135403 -0.00483339 0.00135897 0.999999 0.00102544 0.0048326 -0.00103256 0.999988 -0.0297619 0.0267814 0.32669
FixedParameters: 0 0 0

#Transform 146
Transform: AffineTransform_float_3_3
Parameters: 0.999993 -0.00106995 -0.00357404 0.00105905 0.999995 -0.0027838 0.00357796 0.00278019 0.999989 -0.0301777 0.0982277 0.319677
FixedParameters: 0 0 0

#Transform 147
Transform: AffineTransform_float_3_3
Parameters: 0.999993 -0.000737509 -0.0037117 0.000736492 0.999999 -0.000407736 0.0037113 0.000405266 0.999993 -0.0358103 -0.0184311 0.331552
FixedParameters: 0 0 0

#Transform 148
Transform: AffineTransform_float_3_3
Parameters: 0.999995 -0.000469081 -0.00313495 0.000461921 0.999998 -0.00225846 0.00313605 0.00225754 0.999992 -0.0420056 0.0757079 0.269079
FixedParameters: 0 0 0

#Transform 149
Transform: AffineTransform_float_3_3
Parameters: 0.999993 -0.000657279 -0.00350264 0.00064972 0.999997 -0.00207929 0.00350336 0.00207671 0.999991 -0.0312805 0.0835701 0.290558
FixedParameters: 0 0 0

#Transform 150
Transform: AffineTransform_float_3_3
Parameters: 0.999993 0.000532456 -0.00383095 -0.00066555 0.999389 -0.0349437 0.00381007 0.0349453 0.999382 -0.036908 0.481375 0.530125
FixedParameters: 0 0 0

#Transform 151
Transform: AffineTransform_float_3_3
Parameters: 0.999995 -0.000250559 -0.00313322 0.000212432 0.999928 -0.0119817 0.00313677 0.0119813 0.999924 -0.0235768 0.179529 0.4507
FixedParameters: 0 0 0

#Transform 152
Transform: AffineTransform_float_3_3
Parameters: 0.999994 -2.12351e-06 -0.00345718 -3.51249e-05 0.999943 -0.010739 0.00345682 0.0107381 0.999937 -0.0296356 0.187039 0.34061
FixedParameters: 0 0 0

#Transform 153
Transform: AffineTransform_float_3_3
Parameters: 0.999992 0.000159528 -0.00381936 -0.000225467 0.999849 -0.0174103 0.00381565 0.0174107 0.999841 -0.028608 0.29095 0.422185
FixedParameters: 0 0 0

#Transform 154
Transform: AffineTransform_float_3_3
Parameters: 0.999993 -0.000245557 -0.00353621 0.000182447 0.999843 -0.0176798 0.00353978 0.0176792 0.999838 -0.0430071 0.302771 0.436437
FixedParameters: 0 0 0

#Transform 155
Transform: AffineTransform_float_3_3
Parameters: 0.999995 -0.000502188 -0.00335033 0.000447819 0.99987 -0.0161546 0.00335767 0.0161534 0.999864 -0.0301548 0.276113 0.423058
FixedParameters: 0 0 0

#Transform 156
Transform: AffineTransform_float_3_3
Parameters: 0.999994 -0.00051255 -0.00336761 0.000454441 0.999849 -0.0173646 0.0033764 0.0173624 0.999843 -0.0440163 0.260525 0.423549
FixedParameters: 0 0 0

#Transform 157
Transform: AffineTransform_float_3_3
Parameters: 0.999995 -0.000258563 -0.00297196 0.000206437 0.999849 -0.0173367 0.00297603 0.0173363 0.999846 -0.055033 0.277521 0.397503
FixedParameters: 0 0 0

#Transform 158
Transform: AffineTransform_float_3_3
Parameters: 0.999995 -0.000529042 -0.00333058 0.000472968 0.999858 -0.0168047 0.00333842 0.0168033 0.999853 -0.0443302 0.278781 0.429876
FixedParameters: 0 0 0

#Transform 159
Transform: AffineTransform_float_3_3
Parameters: 0.999995 -0.000410595 -0.0032617 0.0003574 0.999865 -0.0164153 0.00326831 0.0164137 0.99986 -0.0496318 0.266459 0.432032
FixedParameters: 0 0 0

#Transform 160
Transform: AffineTransform_float_3_3
Parameters: 0.999992 -0.00051792 -0.00409375 0.000457077 0.99989 -0.014868 0.00410125 0.014866 0.999881 -0.0277991 0.238991 0.485718
FixedParameters: 0 0 0

#Transform 161
Transform: AffineTransform_float_3_3
Parameters: 0.999994 -0.00051209 -0.00340785 0.000461909 0.999892 -0.0146827 0.00341515 0.0146813 0.999887 -0.0419162 0.252012 0.541892
FixedParameters: 0 0 0

#Transform 162
Transform: AffineTransform_float_3_3
Parameters: 0.999992 -2.10775e-05 -0.00399009 -3.40761e-05 0.999904 -0.013803 0.00398991 0.013803 0.999897 -0.0295052 0.242774 0.666135
FixedParameters: 0 0 0

#Transform 163
Transform: AffineTransform_float_3_3
Parameters: 0.999993 -0.000245823 -0.00369977 0.000191174 0.999891 -0.0148108 0.00370324 0.0148102 0.999884 -0.0267388 0.254437 0.608834
FixedParameters: 0 0 0

#Transform 164
Transform: AffineTransform_float_3_3
Parameters: 0.999993 -0.000458063 -0.00355668 0.000405949 0.999893 -0.0146245 0.00356232 0.0146235 0.999886 -0.0368604 0.240986 0.678157
FixedParameters: 0 0 0

#Transform 165
Transform: AffineTransform_float_3_3
Parameters: 0.999995 -0.000411964 -0.00315098 0.000363035 0.99988 -0.0155242 0.00315701 0.0155228 0.999874 -0.0492272 0.281906 0.503171
FixedParameters: 0 0 0

#Transform 166
Transform: AffineTransform_float_3_3
Parameters: 0.999994 -0.000719891 -0.00343081 0.00062713 0.999635 -0.0270003 0.00344819 0.0269977 0.999629 -0.0271504 0.372756 0.671572
FixedParameters: 0 0 0

#Transform 167
Transform: AffineTransform_float_3_3
Parameters: 0.999993 -0.00063029 -0.00354116 0.000565711 0.999835 -0.0181271 0.00355184 0.0181249 0.99983 -0.021633 0.289852 0.667391
FixedParameters: 0 0 0

#Transform 168
Transform: AffineTransform_float_3_3
Parameters: 0.999995 -0.000344949 -0.00314154 0.00029106 0.999853 -0.017157 0.00314646 0.017156 0.999848 -0.0376341 0.272976 0.882743
FixedParameters: 0 0 0

#Transform 169
Transform: AffineTransform_float_3_3
Parameters: 0.999996 -0.000805114 -0.00266417 0.000728891 0.999595 -0.028448 0.00268582 0.0284459 0.999591 -0.0407068 0.396479 0.794877
FixedParameters: 0 0 0

#Transform 170
Transform: AffineTransform_float_3_3
Parameters: 0.999994 -0.00142366 -0.00310191 0.00132134 0.99946 -0.0328503 0.0031471 0.0328457 0.999455 -0.0402318 0.464563 0.848609
FixedParameters: 0 0 0

#Transform 171
Transform: AffineTransform_float_3_3
Parameters: 0.999986 -0.000353007 -0.00541303 0.000265995 0.999871 -0.0160657 0.00541798 0.0160643 0.999857 0.0319863 0.0921632 0.249579
FixedParameters: 0 0 0

#Transform 172
Transform: AffineTransform_float_3_3
Parameters: 0.999994 -0.000470507 -0.00327425 0.00045049 0.999982 -0.00595551 0.00327774 0.00595449 0.999977 0.0614148 -0.0309049 -0.826396
FixedParameters: 0 0 0

#Transform 173
Transform: AffineTransform_float_3_3
Parameters: 0.999999 -0.00157873 -0.000937426 0.00157328 0.999981 -0.00607649 0.000946576 0.00607452 0.999981 0.124416 -0.33079 0.283208
FixedParameters: 0 0 0

#Transform 174
Transform: AffineTransform_float_3_3
Parameters: 0.99999 -0.00156349 -0.00434381 0.00144953 0.99966 -0.0260086 0.00438218 0.0260024 0.999653 0.0394854 0.395909 1.97578
FixedParameters: 0 0 0

#Transform 175
Transform: AffineTransform_float_3_3
Parameters: 0.999987 -0.00194595 -0.00467337 0.00181706 0.999622 -0.0274398 0.00472463 0.0274301 0.999612 0.0457957 0.350715 2.00794
FixedParameters: 0 0 0

#Transform 176
Transform: AffineTransform_float_3_3
Parameters: 0.999998 -0.000510964 -0.00198136 0.000472024 0.999808 -0.019616 0.00199164 0.019615 0.999805 0.0414038 -0.0165308 1.61151
FixedParameters: 0 0 0

#Transform 177
Transform: AffineTransform_float_3_3
Parameters: 0.999997 -0.00119625 -0.00214324 0.00114775 0.999739 -0.0228365 0.00216977 0.0228335 0.999737 0.0400426 0.158372 1.5362
FixedParameters: 0 0 0

#Transform 178
Transform: AffineTransform_float_3_3
Parameters: 0.999997 -0.00105821 -0.0023112 0.00102279 0.999884 -0.0151824 0.0023268 0.0151806 0.999882 0.0809212 0.129163 1.79081
FixedParameters: 0 0 0

#Transform 179
Transform: AffineTransform_float_3_3
Parameters: 0.999998 -0.000861577 -0.00171853 0.000829415 0.999833 -0.0182915 0.00173446 0.0182896 0.999831 0.0799071 0.167015 1.87279
FixedParameters: 0 0 0
