# transform file /out/sourcedata/freesurfer/sub-v1s15x0050211_ses-1/mri/transforms/cc_up.lta
# created by oesteban on Sun Mar  8 23:06:19 2026

type      = 0 # LINEAR_VOX_TO_VOX
nxforms   = 1
mean      = 127.0000 97.0000 118.0000
sigma     = 10000.0000
1 4 4
9.906459450721741e-01 -1.326719075441360e-01 -3.191837668418884e-02 1.936597633361816e+01 
1.326031088829041e-01 9.911599755287170e-01 -4.272440914064646e-03 3.765600585937500e+01 
3.220305219292641e-02 4.656612873077393e-10 9.994813799858093e-01 2.205972290039062e+01 
0.000000000000000e+00 0.000000000000000e+00 0.000000000000000e+00 1.000000000000000e+00 
src volume info
valid = 1  # volume info valid
filename = /out/sourcedata/freesurfer/sub-v1s15x0050211_ses-1/mri/norm.mgz
volume = 256 256 256
voxelsize = 1.000000000000000e+00 1.000000000000000e+00 1.000000000000000e+00
xras   = -1.000000000000000e+00 0.000000000000000e+00 0.000000000000000e+00
yras   = 0.000000000000000e+00 0.000000000000000e+00 -1.000000000000000e+00
zras   = 0.000000000000000e+00 1.000000000000000e+00 0.000000000000000e+00
cras   = 2.843498229980469e+00 1.456199645996094e+01 -5.012530517578125e+01
dst volume info
valid = 1  # volume info valid
filename = /out/sourcedata/freesurfer/sub-v1s15x0050211_ses-1/mri/norm.mgz
volume = 256 256 256
voxelsize = 1.000000000000000e+00 1.000000000000000e+00 1.000000000000000e+00
xras   = -1.000000000000000e+00 0.000000000000000e+00 0.000000000000000e+00
yras   = 0.000000000000000e+00 0.000000000000000e+00 -1.000000000000000e+00
zras   = 0.000000000000000e+00 1.000000000000000e+00 0.000000000000000e+00
cras   = 2.843498229980469e+00 1.456199645996094e+01 -5.012530517578125e+01
