# transform file /out/sourcedata/freesurfer/sub-v1s15x0050215_ses-1/mri/transforms/cc_up.lta
# created by oesteban on Sun Mar  8 23:14:29 2026

type      = 0 # LINEAR_VOX_TO_VOX
nxforms   = 1
mean      = 127.0000 87.0000 124.0000
sigma     = 10000.0000
1 4 4
9.940611124038696e-01 9.779486805200577e-03 -1.083822473883629e-01 1.367654609680176e+01 
-9.721873328089714e-03 9.999521374702454e-01 1.059973496012390e-03 5.812445068359375e+01 
1.083874329924583e-01 0.000000000000000e+00 9.941086769104004e-01 -6.215648174285889e+00 
0.000000000000000e+00 0.000000000000000e+00 0.000000000000000e+00 1.000000000000000e+00 
src volume info
valid = 1  # volume info valid
filename = /out/sourcedata/freesurfer/sub-v1s15x0050215_ses-1/mri/norm.mgz
volume = 256 256 256
voxelsize = 1.000000000000000e+00 1.000000000000000e+00 1.000000000000000e+00
xras   = -1.000000000000000e+00 0.000000000000000e+00 0.000000000000000e+00
yras   = 0.000000000000000e+00 0.000000000000000e+00 -1.000000000000000e+00
zras   = 0.000000000000000e+00 1.000000000000000e+00 0.000000000000000e+00
cras   = 6.124702453613281e+00 3.311996459960938e+00 -3.043780517578125e+01
dst volume info
valid = 1  # volume info valid
filename = /out/sourcedata/freesurfer/sub-v1s15x0050215_ses-1/mri/norm.mgz
volume = 256 256 256
voxelsize = 1.000000000000000e+00 1.000000000000000e+00 1.000000000000000e+00
xras   = -1.000000000000000e+00 0.000000000000000e+00 0.000000000000000e+00
yras   = 0.000000000000000e+00 0.000000000000000e+00 -1.000000000000000e+00
zras   = 0.000000000000000e+00 1.000000000000000e+00 0.000000000000000e+00
cras   = 6.124702453613281e+00 3.311996459960938e+00 -3.043780517578125e+01
