# transform file /out/sourcedata/freesurfer/sub-v1s15x0050194_ses-1/mri/transforms/cc_up.lta
# created by oesteban on Sun Mar  8 21:59:36 2026

type      = 0 # LINEAR_VOX_TO_VOX
nxforms   = 1
mean      = 128.0000 94.0000 123.0000
sigma     = 10000.0000
1 4 4
9.945617318153381e-01 7.165053486824036e-02 -7.558528333902359e-02 1.627737641334534e+00 
-7.144451141357422e-02 9.974297285079956e-01 5.429682321846485e-03 6.388986968994141e+01 
7.578004896640778e-02 -4.656612873077393e-10 9.971245527267456e-01 -2.579261779785156e+00 
0.000000000000000e+00 0.000000000000000e+00 0.000000000000000e+00 1.000000000000000e+00 
src volume info
valid = 1  # volume info valid
filename = /out/sourcedata/freesurfer/sub-v1s15x0050194_ses-1/mri/norm.mgz
volume = 256 256 256
voxelsize = 1.000000000000000e+00 1.000000000000000e+00 1.000000000000000e+00
xras   = -1.000000000000000e+00 0.000000000000000e+00 0.000000000000000e+00
yras   = 0.000000000000000e+00 0.000000000000000e+00 -1.000000000000000e+00
zras   = 0.000000000000000e+00 1.000000000000000e+00 0.000000000000000e+00
cras   = 5.187202453613281e+00 1.438003540039062e+00 -2.809399414062500e+01
dst volume info
valid = 1  # volume info valid
filename = /out/sourcedata/freesurfer/sub-v1s15x0050194_ses-1/mri/norm.mgz
volume = 256 256 256
voxelsize = 1.000000000000000e+00 1.000000000000000e+00 1.000000000000000e+00
xras   = -1.000000000000000e+00 0.000000000000000e+00 0.000000000000000e+00
yras   = 0.000000000000000e+00 0.000000000000000e+00 -1.000000000000000e+00
zras   = 0.000000000000000e+00 1.000000000000000e+00 0.000000000000000e+00
cras   = 5.187202453613281e+00 1.438003540039062e+00 -2.809399414062500e+01
