#Insight Transform File V1.0
#Transform 0
Transform: AffineTransform_float_3_3
Parameters: 1 -1.63539e-06 -0.000703998 3.64602e-07 0.999998 -0.002323 0.000704003 0.002323 0.999997 0.0489673 0.0123188 -0.320247
FixedParameters: 0 0 0

#Transform 1
Transform: AffineTransform_float_3_3
Parameters: 1 -1.7248e-06 -0.000703998 2.75194e-07 0.999997 -0.00245 0.000704002 0.00245 0.999997 0.0489567 0.0181221 -0.300834
FixedParameters: 0 0 0

#Transform 2
Transform: AffineTransform_float_3_3
Parameters: 0.999999 -0.000121453 -0.00070375 0.000119547 0.999998 -0.00206408 0.000704248 0.00206391 0.999997 0.059169 0.0217418 -0.292875
FixedParameters: 0 0 0

#Transform 3
Transform: AffineTransform_float_3_3
Parameters: 0.999999 -0.000284724 -0.000703304 0.000282277 0.999997 -0.0024502 0.000703693 0.0024498 0.999997 0.0644951 0.0121666 -0.300856
FixedParameters: 0 0 0

#Transform 4
Transform: AffineTransform_float_3_3
Parameters: 0.999999 -0.000452723 -0.000702892 0.000451276 0.999997 -0.00245032 0.000704107 0.00244968 0.999997 0.0634833 0.00216337 -0.300817
FixedParameters: 0 0 0

#Transform 5
Transform: AffineTransform_float_3_3
Parameters: 1 -0.000451292 -0.000141068 0.000450706 0.999998 -0.00206606 0.000142932 0.00206693 0.999998 0.0364175 -0.0127427 -0.301171
FixedParameters: 0 0 0

#Transform 6
Transform: AffineTransform_float_3_3
Parameters: 1 4.9035e-05 1.79044e-05 -4.99667e-05 0.999998 -0.001951 -1.70975e-05 0.001951 0.999998 0.0385141 0.0107872 -0.301152
FixedParameters: 0 0 0

#Transform 7
Transform: AffineTransform_float_3_3
Parameters: 1 4.85344e-05 -0.000225101 -4.94654e-05 0.999998 -0.00206899 0.000224898 0.00206901 0.999998 0.0414017 0.0039691 -0.30142
FixedParameters: 0 0 0

#Transform 8
Transform: AffineTransform_float_3_3
Parameters: 1 4.84836e-05 -0.000238106 -4.95161e-05 0.999997 -0.00216899 0.000237893 0.00216901 0.999997 0.0408134 0.00416447 -0.321895
FixedParameters: 0 0 0

#Transform 9
Transform: AffineTransform_float_3_3
Parameters: 1 4.85099e-05 -0.000200119 -4.94899e-05 0.999997 -0.00244999 0.000199879 0.00245001 0.999997 0.0469526 0.00145961 -0.315397
FixedParameters: 0 0 0

#Transform 10
Transform: AffineTransform_float_3_3
Parameters: 1 4.91077e-05 4.38798e-05 -4.9892e-05 0.999997 -0.00245 -4.41224e-05 0.00245 0.999997 0.0342782 0.0299472 -0.328517
FixedParameters: 0 0 0

#Transform 11
Transform: AffineTransform_float_3_3
Parameters: 1 4.91077e-05 4.38798e-05 -4.9892e-05 0.999997 -0.00245 -4.41224e-05 0.00245 0.999997 0.0374882 0.0299471 -0.328517
FixedParameters: 0 0 0

#Transform 12
Transform: AffineTransform_float_3_3
Parameters: 1 4.91068e-05 4.38808e-05 -4.98929e-05 0.999997 -0.002431 -4.41214e-05 0.002431 0.999997 0.0374922 0.0292484 -0.35039
FixedParameters: 0 0 0

#Transform 13
Transform: AffineTransform_float_3_3
Parameters: 1 0.000101709 -0.000105282 -0.00010129 0.999996 -0.00276599 0.00010472 0.00276601 0.999996 0.0434676 0.0332534 -0.352915
FixedParameters: 0 0 0

#Transform 14
Transform: AffineTransform_float_3_3
Parameters: 1 0.000233113 4.33971e-05 -0.000232888 0.999996 -0.00258701 -4.36026e-05 0.00258699 0.999996 0.0318509 0.021847 -0.353501
FixedParameters: 0 0 0

#Transform 15
Transform: AffineTransform_float_3_3
Parameters: 1 0.000316137 4.30041e-05 -0.000315863 0.999995 -0.00315101 -4.39955e-05 0.00315099 0.999995 0.0269605 0.041437 -0.338266
FixedParameters: 0 0 0

#Transform 16
Transform: AffineTransform_float_3_3
Parameters: 0.999999 0.00066216 0.000422185 -0.000660837 0.999996 -0.00274328 -0.000424814 0.00274272 0.999996 -0.00260598 0.0258034 -0.035318
FixedParameters: 0 0 0

#Transform 17
Transform: AffineTransform_float_3_3
Parameters: 1 0.000366883 0.000376141 -0.000365115 0.999997 -0.00234514 -0.000377857 0.00234486 0.999997 0.000776948 0.0728756 0.00348419
FixedParameters: 0 0 0

#Transform 18
Transform: AffineTransform_float_3_3
Parameters: 1 7.91657e-05 -0.00023728 -7.98368e-05 0.999994 -0.00351798 0.000237721 0.00351802 0.999994 0.0247705 0.0982557 -0.480867
FixedParameters: 0 0 0

#Transform 19
Transform: AffineTransform_float_3_3
Parameters: 1 0.00042607 0.00037579 -0.000424929 0.999996 -0.00284316 -0.000377209 0.00284284 0.999996 0.015818 0.0981348 -0.365525
FixedParameters: 0 0 0

#Transform 20
Transform: AffineTransform_float_3_3
Parameters: 1 8.40901e-05 0.00037698 -8.49099e-05 1 -0.000239032 -0.00037702 0.000238968 1 0.00208417 0.021013 0.00111387
FixedParameters: 0 0 0

#Transform 21
Transform: AffineTransform_float_3_3
Parameters: 0.999999 -0.000383533 -0.00148086 0.000383466 1 -0.000360568 0.00148114 0.000359432 0.999999 0.0775074 -0.0158022 -0.16007
FixedParameters: 0 0 0

#Transform 22
Transform: AffineTransform_float_3_3
Parameters: 1 -0.000314101 -0.00095864 0.0003129 1 -0.0011483 0.00095836 0.0011477 0.999999 0.0744451 0.0134906 -0.230317
FixedParameters: 0 0 0

#Transform 23
Transform: AffineTransform_float_3_3
Parameters: 1 -0.000383941 -0.000420142 0.000383057 0.999998 -0.00223816 0.000421858 0.00223784 0.999998 0.0531844 0.0485514 -0.257172
FixedParameters: 0 0 0

#Transform 24
Transform: AffineTransform_float_3_3
Parameters: 1 -0.000384155 -0.000419946 0.000382844 0.999996 -0.00274816 0.000421054 0.00274784 0.999996 0.0428066 0.0576024 -0.296713
FixedParameters: 0 0 0

#Transform 25
Transform: AffineTransform_float_3_3
Parameters: 1 -0.000192188 -0.000420459 0.000190811 0.999996 -0.00282308 0.00042154 0.00282292 0.999996 0.0469659 0.056751 -0.30364
FixedParameters: 0 0 0

#Transform 26
Transform: AffineTransform_float_3_3
Parameters: 1 -0.000384155 -0.000419946 0.000382844 0.999996 -0.00274816 0.000421054 0.00274784 0.999996 0.0531864 0.0691105 -0.280726
FixedParameters: 0 0 0

#Transform 27
Transform: AffineTransform_float_3_3
Parameters: 1 -0.000114106 -0.000420702 0.000112894 0.999996 -0.00262705 0.000421298 0.00262695 0.999997 0.0511997 0.060857 -0.290456
FixedParameters: 0 0 0

#Transform 28
Transform: AffineTransform_float_3_3
Parameters: 1 0.000335883 -0.000421892 -0.000337117 0.999997 -0.00264986 0.000421108 0.00265014 0.999997 0.0248373 0.0687088 -0.284258
FixedParameters: 0 0 0

#Transform 29
Transform: AffineTransform_float_3_3
Parameters: 1 0.000326654 -0.000422045 -0.000328346 0.999995 -0.00319386 0.000420953 0.00319414 0.999995 0.0373837 0.126868 -0.714233
FixedParameters: 0 0 0

#Transform 30
Transform: AffineTransform_float_3_3
Parameters: 1 0.000115843 -0.000562449 -0.000118155 0.999992 -0.00383693 0.000561551 0.00383707 0.999993 0.0332601 0.0871948 -0.181495
FixedParameters: 0 0 0

#Transform 31
Transform: AffineTransform_float_3_3
Parameters: 1 0.000376942 -0.000277443 -0.000378056 0.999992 -0.00382389 0.000275556 0.0038241 0.999992 0.0235775 0.105242 -0.0848539
FixedParameters: 0 0 0

#Transform 32
Transform: AffineTransform_float_3_3
Parameters: 1 0.000326439 -0.000137339 -0.000326559 0.999991 -0.00409995 0.000135662 0.00410004 0.999991 0.0179347 0.0950094 -0.0853627
FixedParameters: 0 0 0

#Transform 33
Transform: AffineTransform_float_3_3
Parameters: 1 0.00060058 -0.000331585 -0.000602421 0.99999 -0.0042988 0.000329413 0.0042992 0.99999 0.0270761 0.0821773 -0.0823512
FixedParameters: 0 0 0

#Transform 34
Transform: AffineTransform_float_3_3
Parameters: 1 0.000250426 -0.000137055 -0.000250574 0.999991 -0.00420797 0.000135947 0.00420804 0.999991 0.0174461 0.0746035 -0.0551318
FixedParameters: 0 0 0

#Transform 35
Transform: AffineTransform_float_3_3
Parameters: 1 0.000192305 -0.00039982 -0.000193696 0.999991 -0.00424392 0.000399181 0.00424408 0.999991 0.0273243 0.0757674 -0.0343229
FixedParameters: 0 0 0

#Transform 36
Transform: AffineTransform_float_3_3
Parameters: 1 0.000192646 -0.000352742 -0.000194354 0.999992 -0.00384093 0.000352256 0.00384106 0.999992 0.0255279 0.0601406 -0.0451046
FixedParameters: 0 0 0

#Transform 37
Transform: AffineTransform_float_3_3
Parameters: 1 0.000193459 -0.000136768 -0.000193538 0.999992 -0.00396597 0.000135234 0.00396603 0.999992 0.0171454 0.0649748 -0.0352087
FixedParameters: 0 0 0

#Transform 38
Transform: AffineTransform_float_3_3
Parameters: 1 0.000193463 -0.000136763 -0.000193534 0.999992 -0.00393798 0.000135239 0.00393803 0.999992 0.0147315 0.0638464 -0.0227985
FixedParameters: 0 0 0

#Transform 39
Transform: AffineTransform_float_3_3
Parameters: 1 0.000192477 -0.000386762 -0.00019352 0.999992 -0.00394193 0.00038524 0.00394208 0.999992 0.0267878 0.0638769 0.0144815
FixedParameters: 0 0 0

#Transform 40
Transform: AffineTransform_float_3_3
Parameters: 1 0.000115158 4.35857e-05 -0.000114841 0.999993 -0.0036 -4.44137e-05 0.00359999 0.999993 0.00970356 0.071133 0.0060876
FixedParameters: 0 0 0

#Transform 41
Transform: AffineTransform_float_3_3
Parameters: 1 0.00019352 -0.000136681 -0.000193477 0.999994 -0.00351697 0.00013532 0.00351702 0.999994 0.0171262 0.0682308 0.00772505
FixedParameters: 0 0 0

#Transform 42
Transform: AffineTransform_float_3_3
Parameters: 1 0.000265475 0.000123989 -0.000264525 0.999992 -0.00381303 -0.000125009 0.00381296 0.999992 0.00746202 0.0619671 -0.0028505
FixedParameters: 0 0 0

#Transform 43
Transform: AffineTransform_float_3_3
Parameters: 1 0.000194661 0.000153164 -0.00019434 0.99999 -0.00430303 -0.000153838 0.00430297 0.99999 0.00592544 0.049351 -0.0253799
FixedParameters: 0 0 0

#Transform 44
Transform: AffineTransform_float_3_3
Parameters: 1 0.000483685 0.000157918 -0.000483315 0.99999 -0.00430707 -0.000160084 0.00430792 0.99999 0.00985104 0.0472867 -0.0359387
FixedParameters: 0 0 0

#Transform 45
Transform: AffineTransform_float_3_3
Parameters: 1 0.000335655 0.000158621 -0.000335343 0.999992 -0.00411205 -0.00016038 0.00411195 0.999991 0.00652261 0.054127 -0.0352455
FixedParameters: 0 0 0

#Transform 46
Transform: AffineTransform_float_3_3
Parameters: 1 0.000629639 0.000157468 -0.000628363 0.999991 -0.0040241 -0.00015953 0.0040249 0.999992 0.00817983 0.0518452 -0.0395697
FixedParameters: 0 0 0

#Transform 47
Transform: AffineTransform_float_3_3
Parameters: 1 0.000661623 0.000157403 -0.000661378 0.999992 -0.00392711 -0.000159598 0.0039269 0.999993 0.00840236 0.0414231 -0.0401206
FixedParameters: 0 0 0

#Transform 48
Transform: AffineTransform_float_3_3
Parameters: 1 0.000661937 0.000225266 -0.000661064 0.999991 -0.00413315 -0.000227734 0.00413285 0.999992 0.00577255 0.0441115 -0.0512441
FixedParameters: 0 0 0

#Transform 49
Transform: AffineTransform_float_3_3
Parameters: 1 0.000366405 9.85033e-05 -0.000365592 0.999991 -0.00408703 -0.000100495 0.00408696 0.999991 0.0089402 0.0434161 -0.050122
FixedParameters: 0 0 0

#Transform 50
Transform: AffineTransform_float_3_3
Parameters: 1 0.000661933 0.000213124 -0.000661068 0.999991 -0.00434714 -0.000215876 0.00434686 0.99999 0.00624202 0.0463954 -0.0556265
FixedParameters: 0 0 0

#Transform 51
Transform: AffineTransform_float_3_3
Parameters: 1 0.000661708 0.000157043 -0.000661291 0.99999 -0.0044711 -0.000159958 0.00447089 0.99999 0.00840379 0.0486322 -0.0672489
FixedParameters: 0 0 0

#Transform 52
Transform: AffineTransform_float_3_3
Parameters: 1 2.85253e-05 0.000159907 -2.74744e-05 0.999994 -0.003284 -0.000160091 0.00328399 0.999994 0.0206998 -0.000769005 -0.0209629
FixedParameters: 0 0 0

#Transform 53
Transform: AffineTransform_float_3_3
Parameters: 0.999999 0.000465231 0.000874817 -0.000462768 0.999996 -0.00254941 -0.000876182 0.00254859 0.999997 -0.024514 -0.0223844 -0.00796467
FixedParameters: 0 0 0

#Transform 54
Transform: AffineTransform_float_3_3
Parameters: 1 -0.000502446 -0.00103081 0.000499553 0.999997 -0.00237252 0.00103219 0.00237148 0.999996 0.0638852 -0.0160851 0.00783224
FixedParameters: 0 0 0

#Transform 55
Transform: AffineTransform_float_3_3
Parameters: 0.999999 -0.000501804 -0.00133232 0.000500196 0.999999 -0.00135367 0.00133368 0.00135333 0.999998 0.0754824 -0.0574733 0.0229547
FixedParameters: 0 0 0

#Transform 56
Transform: AffineTransform_float_3_3
Parameters: 0.999999 -0.000502755 -0.00136499 0.000500245 0.999998 -0.00201768 0.00136601 0.00201732 0.999997 0.0623887 -0.0609837 -0.00509093
FixedParameters: 0 0 0

#Transform 57
Transform: AffineTransform_float_3_3
Parameters: 1 -0.000616563 -0.000988406 0.000613436 0.999997 -0.00259161 0.000990593 0.00259039 0.999996 0.0616994 -0.0687505 -0.0305168
FixedParameters: 0 0 0

#Transform 58
Transform: AffineTransform_float_3_3
Parameters: 0.999999 -3.36788e-05 -0.000772929 3.23209e-05 0.999997 -0.00217203 0.000773072 0.00217197 0.999998 0.0508117 -0.039908 -0.00315118
FixedParameters: 0 0 0

#Transform 59
Transform: AffineTransform_float_3_3
Parameters: 0.999998 -0.000662158 -0.00196794 0.000655844 0.999995 -0.0031283 0.00196906 0.0031267 0.999993 0.0992063 -0.0374024 -0.0303453
FixedParameters: 0 0 0

#Transform 60
Transform: AffineTransform_float_3_3
Parameters: 0.999996 -0.000872762 -0.00243773 0.000871236 0.999999 -0.000314125 0.00243727 0.000311874 0.999997 0.0922849 -0.100255 0.0763694
FixedParameters: 0 0 0

#Transform 61
Transform: AffineTransform_float_3_3
Parameters: 0.999998 -0.000563883 -0.00178431 0.000568119 0.999997 0.00230799 0.00178369 -0.00230901 0.999995 0.0825114 -0.141772 0.132925
FixedParameters: 0 0 0

#Transform 62
Transform: AffineTransform_float_3_3
Parameters: 0.999999 -0.000567566 -0.00110622 0.000567433 1 0.000391373 0.00110578 -0.000392628 1 0.066244 -0.0761157 0.0789316
FixedParameters: 0 0 0

#Transform 63
Transform: AffineTransform_float_3_3
Parameters: 1 -0.000281801 -0.00117505 0.000282198 1 0.000168669 0.00117495 -0.000169331 1 0.0705267 -0.093001 0.0510184
FixedParameters: 0 0 0

#Transform 64
Transform: AffineTransform_float_3_3
Parameters: 0.999999 -0.000338305 -0.00134592 0.000337694 1 -0.000227455 0.00134608 0.000226545 0.999999 0.0742114 -0.0743939 0.0262854
FixedParameters: 0 0 0

#Transform 65
Transform: AffineTransform_float_3_3
Parameters: 0.999999 1.05744e-05 -0.000865005 -1.14256e-05 1 -0.00049199 0.000864994 0.000492009 0.999999 0.0533193 -0.0801729 0.0935166
FixedParameters: 0 0 0

#Transform 66
Transform: AffineTransform_float_3_3
Parameters: 0.999998 -0.000356817 -0.00169904 0.000356181 1 0.000106395 0.00169896 -0.000107606 0.999998 0.0741964 -0.120056 0.559367
FixedParameters: 0 0 0

#Transform 67
Transform: AffineTransform_float_3_3
Parameters: 0.999998 -0.000245988 -0.0019585 0.000242014 0.999998 -0.00203548 0.0019585 0.00203552 0.999996 0.101942 0.0468105 -0.173255
FixedParameters: 0 0 0

#Transform 68
Transform: AffineTransform_float_3_3
Parameters: 0.999997 -9.02688e-05 -0.00221275 8.37322e-05 0.999996 -0.00283219 0.00221324 0.00283281 0.999993 0.113032 0.0814513 -0.41814
FixedParameters: 0 0 0

#Transform 69
Transform: AffineTransform_float_3_3
Parameters: 0.999996 -0.000366732 -0.00275111 0.000360269 0.999997 -0.002447 0.00275189 0.002446 0.999993 0.132364 0.0657 -0.46899
FixedParameters: 0 0 0

#Transform 70
Transform: AffineTransform_float_3_3
Parameters: 0.999983 -0.000355093 -0.0058553 0.000359907 0.999999 0.000836907 0.0058557 -0.000839094 0.999983 0.200453 -0.100807 -0.389121
FixedParameters: 0 0 0

#Transform 71
Transform: AffineTransform_float_3_3
Parameters: 0.999989 -0.000369334 -0.00479329 0.000359668 0.999998 -0.00194775 0.00479371 0.00194625 0.999986 0.16953 -0.0185778 -0.509874
FixedParameters: 0 0 0

#Transform 72
Transform: AffineTransform_float_3_3
Parameters: 0.999991 6.33134e-05 -0.0043912 -7.66876e-05 0.999996 -0.00288869 0.0043918 0.00288931 0.999986 0.161283 0.0193774 -0.550596
FixedParameters: 0 0 0

#Transform 73
Transform: AffineTransform_float_3_3
Parameters: 0.999994 6.11985e-05 -0.00347129 -7.58037e-05 0.999991 -0.00426376 0.00347171 0.00426424 0.999985 0.111988 0.0728064 -0.602391
FixedParameters: 0 0 0

#Transform 74
Transform: AffineTransform_float_3_3
Parameters: 0.999993 0.000710143 -0.00362236 -0.000731855 0.999981 -0.00603639 0.00361765 0.00603861 0.999975 0.105814 0.00876083 0.203803
FixedParameters: 0 0 0

#Transform 75
Transform: AffineTransform_float_3_3
Parameters: 0.999996 0.000272225 -0.00275292 -0.000290776 0.999976 -0.00682222 0.00275108 0.00682277 0.999973 0.0802685 0.128254 -0.327482
FixedParameters: 0 0 0

#Transform 76
Transform: AffineTransform_float_3_3
Parameters: 0.999995 0.000178841 -0.00336549 -0.000205164 0.99997 -0.00777435 0.00336451 0.00777464 0.999964 0.0964451 0.188293 -0.581853
FixedParameters: 0 0 0

#Transform 77
Transform: AffineTransform_float_3_3
Parameters: 0.999993 0.000216697 -0.00356404 -0.000248304 0.999962 -0.00878517 0.00356195 0.00878583 0.999955 0.116064 0.227642 -0.605048
FixedParameters: 0 0 0

#Transform 78
Transform: AffineTransform_float_3_3
Parameters: 0.999994 0.000217966 -0.00325415 -0.000248034 0.999958 -0.00923225 0.00325185 0.00923276 0.999952 0.104153 0.245208 -0.626978
FixedParameters: 0 0 0

#Transform 79
Transform: AffineTransform_float_3_3
Parameters: 0.999995 0.000216027 -0.00319632 -0.00024798 0.99995 -0.0100063 0.00319468 0.0100067 0.999945 0.102083 0.275573 -0.665202
FixedParameters: 0 0 0

#Transform 80
Transform: AffineTransform_float_3_3
Parameters: 0.999994 0.000214576 -0.00330434 -0.000248428 0.999949 -0.0101172 0.00330265 0.0101188 0.999944 0.106185 0.277555 -0.647377
FixedParameters: 0 0 0

#Transform 81
Transform: AffineTransform_float_3_3
Parameters: 0.999995 0.000214544 -0.00329935 -0.000248463 0.999948 -0.0101432 0.00329765 0.0101438 0.999943 0.118537 0.29204 -0.635144
FixedParameters: 0 0 0

#Transform 82
Transform: AffineTransform_float_3_3
Parameters: 0.999995 0.00021565 -0.00298651 -0.000248356 0.999942 -0.0108363 0.00298448 0.0108367 0.999937 0.0938774 0.307448 -0.641875
FixedParameters: 0 0 0

#Transform 83
Transform: AffineTransform_float_3_3
Parameters: 0.999995 0.000212963 -0.00332043 -0.000248044 0.999945 -0.0105552 0.00331857 0.0105558 0.999939 0.120348 0.303684 -0.517371
FixedParameters: 0 0 0

#Transform 84
Transform: AffineTransform_float_3_3
Parameters: 0.999993 -0.000836745 -0.00362431 0.00078826 0.999913 -0.0131549 0.00363468 0.0131521 0.999907 0.111421 0.383227 -0.248607
FixedParameters: 0 0 0

#Transform 85
Transform: AffineTransform_float_3_3
Parameters: 0.999994 -0.000634508 -0.00341303 0.000589492 0.999915 -0.0130261 0.00342097 0.0130239 0.99991 0.104673 0.384348 -0.345992
FixedParameters: 0 0 0

#Transform 86
Transform: AffineTransform_float_3_3
Parameters: 0.999996 -0.000331661 -0.00299759 0.000288348 0.999899 -0.0142209 0.00300141 0.0142201 0.999895 0.0907643 0.431753 -0.445619
FixedParameters: 0 0 0

#Transform 87
Transform: AffineTransform_float_3_3
Parameters: 0.999994 6.88509e-05 -0.00350238 -0.000120142 0.999894 -0.0146057 0.00350062 0.0146063 0.999887 0.11258 0.42376 -0.467138
FixedParameters: 0 0 0

#Transform 88
Transform: AffineTransform_float_3_3
Parameters: 0.999994 6.86599e-05 -0.00351738 -0.000120333 0.999894 -0.0145977 0.00351562 0.0145983 0.999888 0.112898 0.392543 -0.395587
FixedParameters: 0 0 0

#Transform 89
Transform: AffineTransform_float_3_3
Parameters: 0.999995 2.24351e-05 -0.00299264 -6.65695e-05 0.999894 -0.0145579 0.00299235 0.0145581 0.99989 0.106101 0.408062 -0.278825
FixedParameters: 0 0 0

#Transform 90
Transform: AffineTransform_float_3_3
Parameters: 0.999994 -0.000353821 -0.00361432 0.000290185 0.999845 -0.0176432 0.00361968 0.0176418 0.999838 0.131729 0.553141 -0.825138
FixedParameters: 0 0 0

#Transform 91
Transform: AffineTransform_float_3_3
Parameters: 0.99999 4.39348e-05 -0.00434243 -0.000120073 0.999846 -0.0175176 0.00434156 0.0175184 0.999837 0.161574 0.568913 -0.584154
FixedParameters: 0 0 0

#Transform 92
Transform: AffineTransform_float_3_3
Parameters: 0.999992 4.93827e-05 -0.0040025 -0.000119625 0.999845 -0.0176447 0.00400151 0.0176453 0.999837 0.148866 0.570441 -0.661841
FixedParameters: 0 0 0

#Transform 93
Transform: AffineTransform_float_3_3
Parameters: 0.999992 5.20399e-05 -0.00384452 -0.000119971 0.999843 -0.0176797 0.00384348 0.0176793 0.999837 0.142821 0.548979 -0.69279
FixedParameters: 0 0 0

#Transform 94
Transform: AffineTransform_float_3_3
Parameters: 0.999991 4.3596e-05 -0.00427946 -0.000120394 0.99984 -0.0178546 0.00427753 0.0178554 0.999832 0.163285 0.54315 -0.684914
FixedParameters: 0 0 0

#Transform 95
Transform: AffineTransform_float_3_3
Parameters: 0.999989 -0.000478932 -0.00455056 0.00040206 0.999857 -0.016892 0.00455844 0.01689 0.999847 0.151606 0.408643 0.167764
FixedParameters: 0 0 0

#Transform 96
Transform: AffineTransform_float_3_3
Parameters: 0.999989 7.37076e-05 -0.00471401 -0.000156294 0.999847 -0.0174595 0.00471199 0.0174595 0.999837 0.175685 0.532677 -0.338513
FixedParameters: 0 0 0

#Transform 97
Transform: AffineTransform_float_3_3
Parameters: 0.999986 0.000159975 -0.00531015 -0.000264022 0.999808 -0.0195949 0.00530584 0.0195961 0.999794 0.202466 0.627648 -1.05506
FixedParameters: 0 0 0

#Transform 98
Transform: AffineTransform_float_3_3
Parameters: 0.999985 6.47203e-05 -0.00559137 -0.000175275 0.999806 -0.0197253 0.00558863 0.0197257 0.99979 0.213356 0.652468 -1.18328
FixedParameters: 0 0 0

#Transform 99
Transform: AffineTransform_float_3_3
Parameters: 0.999983 -0.000289576 -0.0056993 0.000174434 0.999794 -0.0202683 0.00570371 0.0202677 0.999779 0.215487 0.672916 -1.20432
FixedParameters: 0 0 0

#Transform 100
Transform: AffineTransform_float_3_3
Parameters: 0.999984 -0.000442792 -0.00567709 0.000326208 0.999788 -0.0205572 0.0056849 0.0205548 0.999772 0.21408 0.684648 -1.2571
FixedParameters: 0 0 0

#Transform 101
Transform: AffineTransform_float_3_3
Parameters: 0.999984 -0.000444807 -0.00567093 0.000326196 0.999781 -0.0209332 0.00567907 0.0209318 0.999765 0.213937 0.699549 -1.27281
FixedParameters: 0 0 0

#Transform 102
Transform: AffineTransform_float_3_3
Parameters: 0.999984 -0.000444131 -0.00563293 0.000326873 0.999781 -0.0209542 0.00564109 0.0209528 0.999764 0.212424 0.700185 -1.2628
FixedParameters: 0 0 0

#Transform 103
Transform: AffineTransform_float_3_3
Parameters: 0.999984 -0.000141075 -0.00578532 2.09343e-05 0.999784 -0.0207495 0.00578668 0.0207495 0.999768 0.220299 0.728109 -1.29127
FixedParameters: 0 0 0

#Transform 104
Transform: AffineTransform_float_3_3
Parameters: 0.999983 -0.000140218 -0.00571732 2.1771e-05 0.999787 -0.0206715 0.00571967 0.0206715 0.99977 0.217871 0.711928 -1.35112
FixedParameters: 0 0 0

#Transform 105
Transform: AffineTransform_float_3_3
Parameters: 0.999986 -0.000112406 -0.00539983 6.15308e-07 0.999784 -0.0208113 0.00540018 0.0208117 0.999769 0.195834 0.682987 -1.05128
FixedParameters: 0 0 0

#Transform 106
Transform: AffineTransform_float_3_3
Parameters: 0.999983 -0.000142885 -0.0058463 2.21036e-05 0.999787 -0.0206715 0.00584871 0.0206715 0.999769 0.220945 0.670816 -0.972664
FixedParameters: 0 0 0

#Transform 107
Transform: AffineTransform_float_3_3
Parameters: 0.999981 -0.000451126 -0.00604796 0.000326877 0.999786 -0.0206734 0.00605605 0.0206717 0.999768 0.226797 0.668208 -0.951124
FixedParameters: 0 0 0

#Transform 108
Transform: AffineTransform_float_3_3
Parameters: 0.999978 -0.000867223 -0.00655252 0.000731766 0.999788 -0.0206113 0.00656948 0.0206058 0.999766 0.244742 0.69908 -1.06983
FixedParameters: 0 0 0

#Transform 109
Transform: AffineTransform_float_3_3
Parameters: 0.99998 -0.000586949 -0.00627542 0.000460063 0.999795 -0.0202113 0.00628558 0.0202087 0.999776 0.23443 0.647869 -0.854671
FixedParameters: 0 0 0

#Transform 110
Transform: AffineTransform_float_3_3
Parameters: 0.999981 -0.000441336 -0.00604636 0.000320648 0.999799 -0.0200543 0.00605464 0.0200517 0.99978 0.215558 0.641761 -0.832604
FixedParameters: 0 0 0

#Transform 111
Transform: AffineTransform_float_3_3
Parameters: 0.999981 -0.000262771 -0.00605203 0.000145228 0.999811 -0.0194522 0.00605597 0.0194508 0.999793 0.218146 0.613386 -0.839376
FixedParameters: 0 0 0

#Transform 112
Transform: AffineTransform_float_3_3
Parameters: 0.999983 1.87589e-05 -0.00572333 -0.000124251 0.999827 -0.0185626 0.00572268 0.0185634 0.999812 0.216295 0.616204 -0.843372
FixedParameters: 0 0 0

#Transform 113
Transform: AffineTransform_float_3_3
Parameters: 0.999989 -0.000220123 -0.00466325 0.000150867 0.99989 -0.0148179 0.00466675 0.0148171 0.99988 0.172971 0.520014 -0.692762
FixedParameters: 0 0 0

#Transform 114
Transform: AffineTransform_float_3_3
Parameters: 0.999983 -0.000386452 -0.0057029 0.000302547 0.999891 -0.014802 0.0057081 0.0148 0.999874 0.207148 0.533529 -0.761191
FixedParameters: 0 0 0

#Transform 115
Transform: AffineTransform_float_3_3
Parameters: 0.999982 0.000137548 -0.00590392 -0.000231452 0.999874 -0.0158309 0.00590107 0.0158321 0.999858 0.223708 0.613435 -0.820139
FixedParameters: 0 0 0

#Transform 116
Transform: AffineTransform_float_3_3
Parameters: 0.999985 -0.000494302 -0.00544619 0.000399705 0.999847 -0.0174854 0.00545382 0.0174836 0.999833 0.186473 0.628631 -0.915187
FixedParameters: 0 0 0

#Transform 117
Transform: AffineTransform_float_3_3
Parameters: 0.999981 1.6611e-05 -0.00606037 -0.000130404 0.999825 -0.0187105 0.00605962 0.0187104 0.999806 0.209652 0.653955 -0.959661
FixedParameters: 0 0 0

#Transform 118
Transform: AffineTransform_float_3_3
Parameters: 0.999981 -7.62365e-05 -0.00620264 -3.72255e-05 0.999834 -0.0182541 0.00620235 0.0182539 0.999814 0.196232 0.605533 -0.814582
FixedParameters: 0 0 0

#Transform 119
Transform: AffineTransform_float_3_3
Parameters: 0.999983 0.000194204 -0.00579362 -0.000301782 0.999827 -0.0186106 0.00578839 0.0186124 0.99981 0.178159 0.609818 -0.700825
FixedParameters: 0 0 0

#Transform 120
Transform: AffineTransform_float_3_3
Parameters: 0.999971 4.35772e-05 -0.00759983 -0.000212427 0.999755 -0.022162 0.00759716 0.022163 0.999725 0.258291 0.745833 -1.59078
FixedParameters: 0 0 0

#Transform 121
Transform: AffineTransform_float_3_3
Parameters: 0.999973 -0.000129551 -0.00734395 -3.75471e-05 0.999743 -0.0226733 0.00734504 0.0226737 0.999716 0.253038 0.78318 -1.60489
FixedParameters: 0 0 0

#Transform 122
Transform: AffineTransform_float_3_3
Parameters: 0.999973 -0.000128853 -0.00737797 -3.68493e-05 0.999748 -0.0224744 0.00737904 0.0224747 0.99972 0.251541 0.775748 -1.6174
FixedParameters: 0 0 0

#Transform 123
Transform: AffineTransform_float_3_3
Parameters: 0.999973 0.000328494 -0.0074323 -0.000495522 0.999745 -0.0225469 0.00742372 0.0225501 0.999718 0.256867 0.770358 -1.70901
FixedParameters: 0 0 0

#Transform 124
Transform: AffineTransform_float_3_3
Parameters: 0.999972 0.000500492 -0.00743826 -0.000669522 0.999743 -0.0226687 0.00742573 0.0226734 0.999716 0.257951 0.785158 -1.67163
FixedParameters: 0 0 0

#Transform 125
Transform: AffineTransform_float_3_3
Parameters: 0.999973 0.000270745 -0.00742194 -0.000437252 0.999749 -0.0224074 0.00741407 0.0224106 0.999722 0.266983 0.754661 -1.66305
FixedParameters: 0 0 0

#Transform 126
Transform: AffineTransform_float_3_3
Parameters: 0.999968 3.71991e-06 -0.00801884 -0.000171286 0.99978 -0.0209853 0.00801717 0.0209857 0.999747 0.298033 0.725931 -1.34223
FixedParameters: 0 0 0

#Transform 127
Transform: AffineTransform_float_3_3
Parameters: 0.999974 0.000333262 -0.00717865 -0.000484746 0.999777 -0.0211461 0.00717035 0.0211489 0.99975 0.250619 0.742881 -1.4588
FixedParameters: 0 0 0

#Transform 128
Transform: AffineTransform_float_3_3
Parameters: 0.999958 0.000663722 -0.00914332 -0.000870293 0.999745 -0.022575 0.00912668 0.022582 0.999704 0.345085 0.804776 -2.00584
FixedParameters: 0 0 0

#Transform 129
Transform: AffineTransform_float_3_3
Parameters: 0.999967 0.000223253 -0.00811785 -0.000420746 0.999703 -0.0243654 0.00811016 0.0243686 0.99967 0.309604 0.877565 -2.23116
FixedParameters: 0 0 0

#Transform 130
Transform: AffineTransform_float_3_3
Parameters: 0.999968 -0.000130266 -0.0079702 -6.42558e-05 0.999703 -0.0243683 0.00797081 0.0243687 0.999672 0.277444 0.820565 -1.84173
FixedParameters: 0 0 0

#Transform 131
Transform: AffineTransform_float_3_3
Parameters: 0.999972 -0.00048883 -0.00738533 0.000310154 0.999707 -0.024196 0.00739567 0.0241931 0.99968 0.272799 0.845037 -1.93204
FixedParameters: 0 0 0

#Transform 132
Transform: AffineTransform_float_3_3
Parameters: 0.999978 9.55935e-05 -0.0065959 -0.000245408 0.99974 -0.0228059 0.00659212 0.0228071 0.999718 0.261109 0.795592 -1.66806
FixedParameters: 0 0 0

#Transform 133
Transform: AffineTransform_float_3_3
Parameters: 0.999979 0.000942028 -0.00637508 -0.00107498 0.999782 -0.0208876 0.00635393 0.0208934 0.999762 0.260145 0.764615 -1.54988
FixedParameters: 0 0 0

#Transform 134
Transform: AffineTransform_float_3_3
Parameters: 0.999972 0.000254686 -0.0074864 -0.000418302 0.999759 -0.0219545 0.00747862 0.0219575 0.999731 0.286483 0.849412 -2.02814
FixedParameters: 0 0 0

#Transform 135
Transform: AffineTransform_float_3_3
Parameters: 0.999974 0.000410597 -0.0072753 -0.000576392 0.999738 -0.0228844 0.00726371 0.0228886 0.999711 0.293859 0.923842 -2.19074
FixedParameters: 0 0 0

#Transform 136
Transform: AffineTransform_float_3_3
Parameters: 0.999973 0.000409165 -0.00731932 -0.00057683 0.999736 -0.0229434 0.00730769 0.0229466 0.99971 0.293991 0.9329 -2.22008
FixedParameters: 0 0 0

#Transform 137
Transform: AffineTransform_float_3_3
Parameters: 0.999971 0.000582616 -0.00758771 -0.000760391 0.999726 -0.0233959 0.00757228 0.0234011 0.999698 0.310155 0.957108 -2.33332
FixedParameters: 0 0 0

#Transform 138
Transform: AffineTransform_float_3_3
Parameters: 0.999974 0.000408907 -0.00718854 -0.000577084 0.999726 -0.0233975 0.00717647 0.0234006 0.999701 0.293396 0.945666 -2.31077
FixedParameters: 0 0 0

#Transform 139
Transform: AffineTransform_float_3_3
Parameters: 0.999974 3.0576e-06 -0.00730507 -0.000173967 0.999726 -0.0234003 0.00730393 0.0234006 0.999699 0.295706 0.924913 -2.32014
FixedParameters: 0 0 0

#Transform 140
Transform: AffineTransform_float_3_3
Parameters: 0.999974 -6.02897e-06 -0.00729082 -0.000163006 0.999731 -0.0231824 0.00728818 0.0231836 0.999704 0.295111 0.958459 -2.32185
FixedParameters: 0 0 0

#Transform 141
Transform: AffineTransform_float_3_3
Parameters: 0.999986 -0.00278948 -0.00453648 0.00269152 0.999769 -0.0213555 0.00459451 0.0213425 0.999761 0.241127 0.907589 -2.49376
FixedParameters: 0 0 0

#Transform 142
Transform: AffineTransform_float_3_3
Parameters: 0.999974 -0.00700025 0.00197184 0.00703477 0.99981 -0.0182086 -0.00184417 0.0182214 0.999833 0.0668901 0.85494 -2.76647
FixedParameters: 0 0 0

#Transform 143
Transform: AffineTransform_float_3_3
Parameters: 0.99999 -0.00351042 -0.00300649 0.00344659 0.999777 -0.0208466 0.0030785 0.0208354 0.999778 0.18694 0.859987 -2.2232
FixedParameters: 0 0 0

#Transform 144
Transform: AffineTransform_float_3_3
Parameters: 0.999994 -0.00299102 -0.00209218 0.00294899 0.9998 -0.0198073 0.00215082 0.0198007 0.999801 0.126772 0.839166 -2.52702
FixedParameters: 0 0 0

#Transform 145
Transform: AffineTransform_float_3_3
Parameters: 0.999991 -0.0013487 -0.0040768 0.0012563 0.999748 -0.0224113 0.00410619 0.0224067 0.999741 0.188196 0.929416 -2.5678
FixedParameters: 0 0 0

#Transform 146
Transform: AffineTransform_float_3_3
Parameters: 0.999988 -0.0016342 -0.00461516 0.0015168 0.999679 -0.0252853 0.00465483 0.0252777 0.999669 0.207271 1.01884 -2.48434
FixedParameters: 0 0 0

#Transform 147
Transform: AffineTransform_float_3_3
Parameters: 0.999991 -0.00150049 -0.00411101 0.00139252 0.999654 -0.026266 0.004149 0.02626 0.999646 0.188317 1.04043 -2.44937
FixedParameters: 0 0 0

#Transform 148
Transform: AffineTransform_float_3_3
Parameters: 0.99999 -0.00162696 -0.00410713 0.00151704 0.999644 -0.0266355 0.00414887 0.0266285 0.999637 0.187559 1.05504 -2.47564
FixedParameters: 0 0 0

#Transform 149
Transform: AffineTransform_float_3_3
Parameters: 0.999991 -0.00152475 -0.00410959 0.00141426 0.99964 -0.0268191 0.00414842 0.0268129 0.999632 0.188315 1.06287 -2.48837
FixedParameters: 0 0 0

#Transform 150
Transform: AffineTransform_float_3_3
Parameters: 0.999989 -0.00163489 -0.00454127 0.00151712 0.999665 -0.0258422 0.00458173 0.0258358 0.999655 0.204498 1.02425 -2.48101
FixedParameters: 0 0 0

#Transform 151
Transform: AffineTransform_float_3_3
Parameters: 0.999988 -0.00163694 -0.00459502 0.00151706 0.999661 -0.0259853 0.00463598 0.0259777 0.999652 0.218265 1.05533 -2.4546
FixedParameters: 0 0 0

#Transform 152
Transform: AffineTransform_float_3_3
Parameters: 0.999989 -0.00163187 -0.00442734 0.00151714 0.999666 -0.025825 0.00446766 0.025818 0.999656 0.21909 1.02297 -2.45932
FixedParameters: 0 0 0

#Transform 153
Transform: AffineTransform_float_3_3
Parameters: 0.999987 -0.00230568 -0.0046937 0.00218331 0.99966 -0.0259766 0.00475231 0.0259664 0.999651 0.226095 1.05485 -2.59227
FixedParameters: 0 0 0

#Transform 154
Transform: AffineTransform_float_3_3
Parameters: 0.999988 -0.00229635 -0.00434496 0.00218365 0.999662 -0.0259148 0.00440306 0.0259052 0.999654 0.210811 0.998197 -2.12145
FixedParameters: 0 0 0

#Transform 155
Transform: AffineTransform_float_3_3
Parameters: 0.999985 -0.00191854 -0.00523765 0.00178044 0.999656 -0.0261407 0.00528634 0.0261302 0.999644 0.250095 1.00696 -2.06963
FixedParameters: 0 0 0

#Transform 156
Transform: AffineTransform_float_3_3
Parameters: 0.999986 -0.00196848 -0.00503024 0.00183953 0.99967 -0.0256166 0.00507878 0.0256064 0.999659 0.256293 1.06194 -2.53208
FixedParameters: 0 0 0

#Transform 157
Transform: AffineTransform_float_3_3
Parameters: 0.999987 -0.002002 -0.00483193 0.00187399 0.999651 -0.0263524 0.00488307 0.0263426 0.999641 0.233343 1.08428 -2.53943
FixedParameters: 0 0 0

#Transform 158
Transform: AffineTransform_float_3_3
Parameters: 0.999986 -0.00216792 -0.00478088 0.00204208 0.999655 -0.0261881 0.00483613 0.0261779 0.999645 0.233885 1.09958 -2.58563
FixedParameters: 0 0 0

#Transform 159
Transform: AffineTransform_float_3_3
Parameters: 0.999985 -0.00250435 -0.00472516 0.00238066 0.999656 -0.0261396 0.00478885 0.0261284 0.999647 0.249138 1.09891 -2.60387
FixedParameters: 0 0 0

#Transform 160
Transform: AffineTransform_float_3_3
Parameters: 0.999988 -0.00189364 -0.00435574 0.00178135 0.999667 -0.02572 0.00440326 0.0257119 0.999659 0.232598 1.10172 -2.61799
FixedParameters: 0 0 0

#Transform 161
Transform: AffineTransform_float_3_3
Parameters: 0.999983 -0.00237744 -0.00535615 0.00224456 0.999695 -0.0245984 0.00541283 0.0245856 0.999683 0.269415 1.09381 -2.76715
FixedParameters: 0 0 0

#Transform 162
Transform: AffineTransform_float_3_3
Parameters: 0.99998 -0.00244871 -0.00591725 0.0022993 0.999681 -0.0251761 0.00597677 0.0251619 0.999666 0.280149 1.05905 -2.29224
FixedParameters: 0 0 0

#Transform 163
Transform: AffineTransform_float_3_3
Parameters: 0.999979 -0.00137663 -0.00642097 0.00120737 0.999652 -0.0263473 0.00645505 0.0263387 0.999632 0.292455 1.06934 -1.83399
FixedParameters: 0 0 0

#Transform 164
Transform: AffineTransform_float_3_3
Parameters: 0.999986 -0.00130736 -0.00526187 0.00117567 0.999685 -0.0250785 0.00529214 0.0250724 0.999671 0.24869 1.04883 -2.36357
FixedParameters: 0 0 0

#Transform 165
Transform: AffineTransform_float_3_3
Parameters: 0.999986 -0.00188425 -0.00506645 0.00175376 0.999671 -0.0255912 0.00511255 0.0255817 0.999659 0.22856 1.0564 -2.43367
FixedParameters: 0 0 0

#Transform 166
Transform: AffineTransform_float_3_3
Parameters: 0.999986 -0.00267824 -0.00472213 0.00255276 0.99965 -0.0263324 0.00479087 0.0263196 0.999642 0.204163 1.03896 -2.56377
FixedParameters: 0 0 0

#Transform 167
Transform: AffineTransform_float_3_3
Parameters: 0.999983 -0.00214374 -0.00538982 0.00201326 0.999707 -0.0241463 0.00544019 0.0241348 0.999694 0.207677 0.816181 -2.56131
FixedParameters: 0 0 0

#Transform 168
Transform: AffineTransform_float_3_3
Parameters: 0.999976 -0.00127824 -0.00672068 0.00110675 0.999676 -0.025422 0.00675131 0.025414 0.999654 0.278462 0.926532 -2.57746
FixedParameters: 0 0 0

#Transform 169
Transform: AffineTransform_float_3_3
Parameters: 0.999976 -0.00128161 -0.00672004 0.00110639 0.999664 -0.0259231 0.00675094 0.025915 0.999642 0.300414 1.01281 -2.37138
FixedParameters: 0 0 0

#Transform 170
Transform: AffineTransform_float_3_3
Parameters: 0.999973 -0.00130369 -0.00731667 0.0011073 0.999639 -0.0268228 0.00734935 0.0268142 0.999614 0.328322 1.06729 -2.40372
FixedParameters: 0 0 0

#Transform 171
Transform: AffineTransform_float_3_3
Parameters: 0.99997 -0.00191858 -0.00756998 0.00171842 0.999649 -0.0264148 0.00761804 0.0264012 0.999623 0.337821 1.04505 -2.43833
FixedParameters: 0 0 0

#Transform 172
Transform: AffineTransform_float_3_3
Parameters: 0.999988 -0.00402145 -0.00278434 0.00394456 0.99962 -0.0272833 0.00289268 0.0272727 0.999624 0.22459 1.07653 -2.49537
FixedParameters: 0 0 0

#Transform 173
Transform: AffineTransform_float_3_3
Parameters: 0.999974 -0.0060396 -0.00399669 0.00592939 0.999615 -0.0271294 0.00415932 0.0271056 0.999624 0.278934 1.0398 -2.53067
FixedParameters: 0 0 0

#Transform 174
Transform: AffineTransform_float_3_3
Parameters: 0.999953 -0.0064838 -0.00712518 0.00632117 0.999723 -0.0226391 0.00727082 0.0225929 0.999719 0.374894 0.862403 -2.83296
FixedParameters: 0 0 0

#Transform 175
Transform: AffineTransform_float_3_3
Parameters: 0.999881 -0.00723166 -0.0136139 0.00688935 0.999665 -0.0249778 0.0137901 0.0248812 0.999596 0.59991 0.911615 -2.80927
FixedParameters: 0 0 0

#Transform 176
Transform: AffineTransform_float_3_3
Parameters: 0.999907 -0.00717622 -0.0115936 0.00688979 0.999675 -0.0245422 0.0117653 0.0244598 0.999631 0.5205 0.91884 -2.76826
FixedParameters: 0 0 0

#Transform 177
Transform: AffineTransform_float_3_3
Parameters: 0.999912 -0.00737471 -0.0110345 0.00710128 0.999674 -0.0245525 0.0112124 0.0244715 0.999637 0.513103 0.941371 -2.79539
FixedParameters: 0 0 0

#Transform 178
Transform: AffineTransform_float_3_3
Parameters: 0.999547 -0.0236075 -0.0186568 0.0229205 0.999082 -0.03619 0.0194942 0.035746 0.999171 0.896495 1.45026 -3.1473
FixedParameters: 0 0 0

#Transform 179
Transform: AffineTransform_float_3_3
Parameters: 0.999702 -0.0191703 -0.0151267 0.0186867 0.999328 -0.0315301 0.0157213 0.0312379 0.999389 0.72948 1.18334 -3.01504
FixedParameters: 0 0 0
