#Insight Transform File V1.0
#Transform 0
Transform: AffineTransform_float_3_3
Parameters: 0.999999 -0.000562203 -0.000752628 0.000580806 0.999715 0.0238596 0.000739353 -0.0238594 0.999715 0.0411393 -0.194063 -0.451124
FixedParameters: 0 0 0

#Transform 1
Transform: AffineTransform_float_3_3
Parameters: 0.999998 -0.00220004 0.000746568 0.00219297 0.999955 0.00930267 -0.000766431 -0.00930035 0.999957 0.0580904 -0.00140105 -0.224072
FixedParameters: 0 0 0

#Transform 2
Transform: AffineTransform_float_3_3
Parameters: 0.999999 -0.00123407 0.000630263 0.00122794 0.999954 0.00953478 -0.000641737 -0.00953422 0.999955 0.0156514 -0.00715064 -0.197746
FixedParameters: 0 0 0

#Transform 3
Transform: AffineTransform_float_3_3
Parameters: 0.999999 -0.00136477 0.000216114 0.00136323 0.999967 0.00798131 -0.000226887 -0.0079807 0.999968 0.0113546 -0.0113269 -0.267673
FixedParameters: 0 0 0

#Transform 4
Transform: AffineTransform_float_3_3
Parameters: 1 -0.00100946 0.000283391 0.00100655 0.999963 0.00853829 -0.000291604 -0.00853771 0.999963 0.020015 0.0197897 -0.125715
FixedParameters: 0 0 0

#Transform 5
Transform: AffineTransform_float_3_3
Parameters: 0.999999 -0.00136291 -1.66371e-05 0.0013631 0.999962 0.00853798 5.36207e-06 -0.00853801 0.999963 0.0179525 -0.0257376 -0.34478
FixedParameters: 0 0 0

#Transform 6
Transform: AffineTransform_float_3_3
Parameters: 1 -0.000952909 0.000218849 0.00095109 0.999963 0.00856221 -0.000227152 -0.00856179 0.999964 -0.00820392 -0.0227392 -0.314725
FixedParameters: 0 0 0

#Transform 7
Transform: AffineTransform_float_3_3
Parameters: 0.999999 -1.21456e-05 0.000736933 7.85394e-06 0.999975 0.00698201 -0.000737073 -0.00698199 0.999976 -0.019755 0.0333408 -0.0825198
FixedParameters: 0 0 0

#Transform 8
Transform: AffineTransform_float_3_3
Parameters: 1 -0.000599451 0.000272834 0.000598553 0.999986 0.00528716 -0.000275168 -0.00528684 0.999986 0.0111121 0.0150247 -0.199942
FixedParameters: 0 0 0

#Transform 9
Transform: AffineTransform_float_3_3
Parameters: 0.999999 -6.702e-06 0.000801977 3.29789e-06 0.99999 0.00461601 -0.000802024 -0.004616 0.999989 -0.0205633 0.0371035 0.033761
FixedParameters: 0 0 0

#Transform 10
Transform: AffineTransform_float_3_3
Parameters: 1 -6.25825e-05 0.000355725 6.04163e-05 0.99999 0.00444702 -0.000356272 -0.00444698 0.99999 -0.0149506 0.00761798 -0.140887
FixedParameters: 0 0 0

#Transform 11
Transform: AffineTransform_float_3_3
Parameters: 1 0.000115273 0.000683465 -0.000117729 0.999992 0.00399092 -0.000683535 -0.00399108 0.999992 -0.00570026 -0.0292306 -0.156595
FixedParameters: 0 0 0

#Transform 12
Transform: AffineTransform_float_3_3
Parameters: 1 -0.000119098 0.000672632 0.000116901 0.999995 0.00311808 -0.000673368 -0.00311792 0.999995 -0.00281645 -0.00240094 -0.101085
FixedParameters: 0 0 0

#Transform 13
Transform: AffineTransform_float_3_3
Parameters: 1 -0.000413542 0.001047 0.000410459 0.999997 0.00242643 -0.001048 -0.00242657 0.999996 -0.0016065 -0.0104409 -0.0934657
FixedParameters: 0 0 0

#Transform 14
Transform: AffineTransform_float_3_3
Parameters: 1 -0.000414083 0.00104679 0.000410919 0.999995 0.00294443 -0.00104721 -0.00294357 0.999995 -0.0007218 -0.0182796 -0.0853778
FixedParameters: 0 0 0

#Transform 15
Transform: AffineTransform_float_3_3
Parameters: 1 -0.000246305 0.000540407 0.000245693 0.999997 0.00241413 -0.000541595 -0.00241387 0.999997 0.00624898 -0.0276618 -0.149267
FixedParameters: 0 0 0

#Transform 16
Transform: AffineTransform_float_3_3
Parameters: 1 0.000102016 0.000541186 -0.000102985 0.999999 0.00181795 -0.000541814 -0.00181806 0.999998 0.00196342 -0.000371795 -0.0230454
FixedParameters: 0 0 0

#Transform 17
Transform: AffineTransform_float_3_3
Parameters: 1 -0.000411598 0.000540545 0.000410401 1 0.00110622 -0.000541454 -0.00110578 0.999999 -0.00261893 -0.0214448 -0.0923704
FixedParameters: 0 0 0

#Transform 18
Transform: AffineTransform_float_3_3
Parameters: 0.999999 -0.000120927 0.000837866 0.000120073 1 0.0011061 -0.000838133 -0.0011059 0.999999 -0.00252855 0.000200668 0.0126847
FixedParameters: 0 0 0

#Transform 19
Transform: AffineTransform_float_3_3
Parameters: 1 0.000194402 0.000541215 -0.000194599 1 0.0011059 -0.000541785 -0.00110611 0.999999 -0.0185612 0.0278199 0.0620312
FixedParameters: 0 0 0

#Transform 20
Transform: AffineTransform_float_3_3
Parameters: 1 -0.000143899 -0.00012112 0.000144101 0.999999 0.000836982 0.000120879 -0.000837017 0.999999 0.00566809 -0.00592531 0.00230078
FixedParameters: 0 0 0

#Transform 21
Transform: AffineTransform_float_3_3
Parameters: 1 0.000222917 0.000121153 -0.000222084 0.999999 0.000686973 -0.000121847 -0.000687027 1 -0.0137972 -0.000534308 -0.0894798
FixedParameters: 0 0 0

#Transform 22
Transform: AffineTransform_float_3_3
Parameters: 1 -0.000152247 0.00101781 0.000150753 0.999999 0.00122515 -0.00101819 -0.00122485 0.999998 -0.00507841 0.00246189 -0.0474656
FixedParameters: 0 0 0

#Transform 23
Transform: AffineTransform_float_3_3
Parameters: 1 -9.21276e-05 0.000159926 9.28723e-05 0.999999 0.000798014 -0.000160074 -0.000797985 0.999999 -0.00134832 0.0325841 0.0283516
FixedParameters: 0 0 0

#Transform 24
Transform: AffineTransform_float_3_3
Parameters: 1 -0.000114992 0.000213004 0.000115008 1 -3.59755e-05 -0.000212996 3.60245e-05 1 0.00315248 0.015084 0.0145323
FixedParameters: 0 0 0

#Transform 25
Transform: AffineTransform_float_3_3
Parameters: 1 0.000149549 0.000919074 -0.000150451 1 0.000490862 -0.000918927 -0.000491138 1 -0.022691 0.0223737 0.0901652
FixedParameters: 0 0 0

#Transform 26
Transform: AffineTransform_float_3_3
Parameters: 1 -7.95519e-06 0.000259001 8.04481e-06 1 -0.000172998 -0.000258999 0.000173002 1 -0.00855117 0.0293065 0.0271907
FixedParameters: 0 0 0

#Transform 27
Transform: AffineTransform_float_3_3
Parameters: 1 0.000169616 -0.000430152 -0.000169383 0.999999 -0.000891927 0.000429849 0.000892073 1 -0.00686533 0.0366302 0.122666
FixedParameters: 0 0 0

#Transform 28
Transform: AffineTransform_float_3_3
Parameters: 1 0.000269953 -3.14082e-05 -0.000270048 0.999999 -0.00151199 3.15917e-05 0.00151201 0.999999 -0.0121524 0.0463959 0.169118
FixedParameters: 0 0 0

#Transform 29
Transform: AffineTransform_float_3_3
Parameters: 1 0.000396118 0.000541183 -0.000394882 0.999998 -0.00206421 -0.000541816 0.00206378 0.999997 -0.0197343 0.0503436 0.164293
FixedParameters: 0 0 0

#Transform 30
Transform: AffineTransform_float_3_3
Parameters: 1 3.3116e-05 4.19086e-05 -3.28837e-05 0.999996 -0.002765 -4.20911e-05 0.002765 0.999996 -0.00600776 0.0950954 0.350357
FixedParameters: 0 0 0

#Transform 31
Transform: AffineTransform_float_3_3
Parameters: 1 5.47075e-05 -0.000487263 -5.72912e-05 0.999989 -0.00470597 0.000486736 0.00470603 0.999989 -0.00289958 0.0512528 0.225346
FixedParameters: 0 0 0

#Transform 32
Transform: AffineTransform_float_3_3
Parameters: 0.999999 -4.57063e-05 -0.000919823 4.22929e-05 0.999992 -0.00402904 0.000920178 0.00402896 0.999992 -0.0182741 0.0808544 0.347182
FixedParameters: 0 0 0

#Transform 33
Transform: AffineTransform_float_3_3
Parameters: 0.999999 0.000723904 -0.000461305 -0.000726099 0.99999 -0.00455867 0.000458694 0.00455933 0.999989 -0.0199406 0.0698179 0.367282
FixedParameters: 0 0 0

#Transform 34
Transform: AffineTransform_float_3_3
Parameters: 0.999999 0.000427645 -0.000720603 -0.000432357 0.999981 -0.00605469 0.000718396 0.00605431 0.999982 -0.0263866 0.0482004 0.321235
FixedParameters: 0 0 0

#Transform 35
Transform: AffineTransform_float_3_3
Parameters: 0.999999 0.000390585 -0.000628136 -0.000393414 0.999985 -0.00544475 0.000625867 0.00544525 0.999985 -0.0272964 0.060323 0.391842
FixedParameters: 0 0 0

#Transform 36
Transform: AffineTransform_float_3_3
Parameters: 1 0.000529516 -0.00095151 -0.000534482 0.999988 -0.00471849 0.000948489 0.00471951 0.999989 -0.0124083 0.0412208 0.299812
FixedParameters: 0 0 0

#Transform 37
Transform: AffineTransform_float_3_3
Parameters: 1 0.000721926 -0.000824586 -0.000726073 0.999988 -0.00495241 0.000820415 0.0049526 0.999988 -0.0605051 0.0537514 0.339711
FixedParameters: 0 0 0

#Transform 38
Transform: AffineTransform_float_3_3
Parameters: 1 0.000657184 -0.000772265 -0.000660816 0.999988 -0.0049525 0.000768738 0.00495251 0.999988 -0.00173841 0.0540036 0.32961
FixedParameters: 0 0 0

#Transform 39
Transform: AffineTransform_float_3_3
Parameters: 1 0.000466313 -0.000907425 -0.000470685 0.999986 -0.00517257 0.000904578 0.00517242 0.999986 -0.0145414 0.052958 0.311799
FixedParameters: 0 0 0

#Transform 40
Transform: AffineTransform_float_3_3
Parameters: 0.999999 0.000377064 -0.00121785 -0.000382938 0.999988 -0.00487854 0.00121615 0.00487846 0.999988 -0.0185778 0.0510823 0.283234
FixedParameters: 0 0 0

#Transform 41
Transform: AffineTransform_float_3_3
Parameters: 1 0.000246285 -0.00102215 -0.000250719 0.99999 -0.00461475 0.00102185 0.00461525 0.999989 -0.0188258 0.0442659 0.326411
FixedParameters: 0 0 0

#Transform 42
Transform: AffineTransform_float_3_3
Parameters: 1 0.000245874 -0.00102225 -0.00025113 0.999988 -0.00501775 0.00102175 0.00501826 0.999987 -0.0305446 0.0561283 0.324239
FixedParameters: 0 0 0

#Transform 43
Transform: AffineTransform_float_3_3
Parameters: 0.999999 0.00104744 -0.00102465 -0.00105156 0.999994 -0.00347893 0.00102135 0.00348008 0.999994 -0.0350231 0.0958037 0.461635
FixedParameters: 0 0 0

#Transform 44
Transform: AffineTransform_float_3_3
Parameters: 0.999999 0.00121505 -0.000558275 -0.00121695 0.999993 -0.00351532 0.000553725 0.00351568 0.999993 -0.0441163 0.0828189 0.486869
FixedParameters: 0 0 0

#Transform 45
Transform: AffineTransform_float_3_3
Parameters: 0.999999 0.00121501 -0.000305043 -0.00121699 0.999978 -0.00661364 0.000296957 0.00661437 0.999978 -0.0817942 0.056564 0.399325
FixedParameters: 0 0 0

#Transform 46
Transform: AffineTransform_float_3_3
Parameters: 1 0.00075037 0.000622773 -0.000746629 0.999976 -0.00698747 -0.000628232 0.00698654 0.999976 -0.0770464 0.0668062 0.417173
FixedParameters: 0 0 0

#Transform 47
Transform: AffineTransform_float_3_3
Parameters: 0.999999 0.000747492 0.000239389 -0.000746509 0.99998 -0.00617518 -0.000243614 0.00617482 0.999981 -0.0726449 0.0526162 0.297404
FixedParameters: 0 0 0

#Transform 48
Transform: AffineTransform_float_3_3
Parameters: 0.999999 0.000904889 -0.000175817 -0.000906112 0.999979 -0.00642385 0.000170183 0.00642416 0.99998 -0.0605504 0.0504855 0.384936
FixedParameters: 0 0 0

#Transform 49
Transform: AffineTransform_float_3_3
Parameters: 0.999999 0.000744889 -0.000174804 -0.000746112 0.999979 -0.00644387 0.000170196 0.00644413 0.999979 -0.0574929 0.0759943 0.410816
FixedParameters: 0 0 0

#Transform 50
Transform: AffineTransform_float_3_3
Parameters: 0.999999 0.000744842 -0.000175005 -0.000746158 0.999977 -0.00671388 0.000169994 0.00671413 0.999978 -0.0531635 0.0321343 0.245468
FixedParameters: 0 0 0

#Transform 51
Transform: AffineTransform_float_3_3
Parameters: 1 0.000741648 -0.000687722 -0.000746353 0.999979 -0.00634848 0.000683275 0.0063495 0.999979 -0.039875 0.0714305 0.40718
FixedParameters: 0 0 0

#Transform 52
Transform: AffineTransform_float_3_3
Parameters: 0.999999 0.000902258 -0.000881952 -0.000908744 0.99997 -0.00767521 0.000875051 0.0076758 0.99997 -0.0451196 0.0411858 0.312252
FixedParameters: 0 0 0

#Transform 53
Transform: AffineTransform_float_3_3
Parameters: 1 0.000915222 -0.000689391 -0.000919783 0.999976 -0.00696338 0.000683612 0.00696464 0.999976 -0.0525817 0.0562573 0.392749
FixedParameters: 0 0 0

#Transform 54
Transform: AffineTransform_float_3_3
Parameters: 0.999999 0.000842819 -0.00115277 -0.000852182 0.999967 -0.00798703 0.00114623 0.00798798 0.999968 -0.0565056 0.0222847 0.250805
FixedParameters: 0 0 0

#Transform 55
Transform: AffineTransform_float_3_3
Parameters: 0.999999 0.0010508 -0.000690979 -0.0010562 0.999971 -0.00757427 0.00068302 0.00757472 0.999971 -0.0506913 0.0538192 0.382423
FixedParameters: 0 0 0

#Transform 56
Transform: AffineTransform_float_3_3
Parameters: 0.999998 0.0012606 -0.000996429 -0.0012684 0.999972 -0.00745775 0.000987568 0.00745826 0.999971 -0.0443266 0.0582219 0.350315
FixedParameters: 0 0 0

#Transform 57
Transform: AffineTransform_float_3_3
Parameters: 0.999998 0.00112885 -0.00121649 -0.00113915 0.999965 -0.00837163 0.0012075 0.00837338 0.999964 -0.0370862 0.0529897 0.358285
FixedParameters: 0 0 0

#Transform 58
Transform: AffineTransform_float_3_3
Parameters: 0.999998 0.00139909 -0.00180367 -0.00141391 0.999964 -0.00829247 0.00179134 0.00829452 0.999964 -0.0483836 0.0600618 0.413414
FixedParameters: 0 0 0

#Transform 59
Transform: AffineTransform_float_3_3
Parameters: 0.999998 0.00118715 -0.00162793 -0.00120185 0.999958 -0.00915206 0.00161707 0.00915394 0.999957 -0.0491656 0.0528306 0.320389
FixedParameters: 0 0 0

#Transform 60
Transform: AffineTransform_float_3_3
Parameters: 0.999999 0.00129257 -0.00131335 -0.00130343 0.999961 -0.0087393 0.00130166 0.0087407 0.999961 -0.0534849 0.0701579 0.370801
FixedParameters: 0 0 0

#Transform 61
Transform: AffineTransform_float_3_3
Parameters: 0.999999 0.000777571 -0.00130826 -0.000787426 0.999968 -0.00798998 0.00130175 0.00799102 0.999967 -0.0482488 0.0536817 0.313076
FixedParameters: 0 0 0

#Transform 62
Transform: AffineTransform_float_3_3
Parameters: 0.999999 0.000709214 -0.00125715 -0.000719784 0.999963 -0.0086001 0.00125086 0.0086009 0.999962 -0.051085 0.0847955 0.460005
FixedParameters: 0 0 0

#Transform 63
Transform: AffineTransform_float_3_3
Parameters: 0.999998 0.00175245 -0.00153758 -0.00176554 0.999959 -0.00885431 0.00152142 0.00885669 0.999959 -0.0942878 0.0746705 0.349217
FixedParameters: 0 0 0

#Transform 64
Transform: AffineTransform_float_3_3
Parameters: 0.999998 0.00140224 -0.000822632 -0.00140975 0.999965 -0.00827485 0.000810361 0.00827615 0.999966 -0.057475 0.0793564 0.368172
FixedParameters: 0 0 0

#Transform 65
Transform: AffineTransform_float_3_3
Parameters: 0.999998 0.00139861 -0.00131315 -0.00140939 0.999968 -0.00794216 0.00130185 0.00794384 0.999967 -0.0515075 0.0755396 0.341701
FixedParameters: 0 0 0

#Transform 66
Transform: AffineTransform_float_3_3
Parameters: 0.999998 0.00150717 -0.00131452 -0.00151782 0.999964 -0.00827302 0.00130149 0.00827497 0.999965 -0.0522098 0.0790779 0.359059
FixedParameters: 0 0 0

#Transform 67
Transform: AffineTransform_float_3_3
Parameters: 0.999998 0.000980409 -0.00130999 -0.000991589 0.999966 -0.00810771 0.001302 0.00810929 0.999967 -0.0493106 0.0789865 0.336798
FixedParameters: 0 0 0

#Transform 68
Transform: AffineTransform_float_3_3
Parameters: 0.999998 0.00108449 -0.00131077 -0.00109551 0.999967 -0.00804457 0.00130223 0.00804542 0.999967 -0.0498863 0.0363274 0.285701
FixedParameters: 0 0 0

#Transform 69
Transform: AffineTransform_float_3_3
Parameters: 0.999998 0.00139309 -0.00131153 -0.00140191 0.999976 -0.00682117 0.00130147 0.00682282 0.999976 -0.0442317 0.0574359 0.322802
FixedParameters: 0 0 0

#Transform 70
Transform: AffineTransform_float_3_3
Parameters: 0.999995 0.0026209 -0.0016664 -0.0026301 0.999981 -0.00548264 0.0016516 0.00548635 0.999983 -0.053476 -0.0280533 0.00172555
FixedParameters: 0 0 0

#Transform 71
Transform: AffineTransform_float_3_3
Parameters: 0.999996 0.0019319 -0.00171418 -0.0019391 0.999987 -0.00473869 0.00170483 0.00474131 0.999988 -0.0537218 0.0448643 0.217849
FixedParameters: 0 0 0

#Transform 72
Transform: AffineTransform_float_3_3
Parameters: 0.999997 0.00193125 -0.00156983 -0.00193975 0.999983 -0.00559098 0.00155918 0.00559403 0.999983 -0.05099 0.0118833 0.0957808
FixedParameters: 0 0 0

#Transform 73
Transform: AffineTransform_float_3_3
Parameters: 0.999998 0.00146105 -0.00148187 -0.00146894 0.999984 -0.00537483 0.00147412 0.00537616 0.999984 -0.0494791 0.0523978 0.223833
FixedParameters: 0 0 0

#Transform 74
Transform: AffineTransform_float_3_3
Parameters: 0.999997 0.00135991 -0.00170093 -0.00137108 0.999977 -0.00653668 0.00169107 0.00653931 0.999977 -0.0463167 0.0391218 0.148753
FixedParameters: 0 0 0

#Transform 75
Transform: AffineTransform_float_3_3
Parameters: 0.999996 0.00286025 5.37642e-06 -0.00286075 0.999881 0.015165 3.83877e-05 -0.015165 0.999885 -0.0395101 0.2172 0.706187
FixedParameters: 0 0 0

#Transform 76
Transform: AffineTransform_float_3_3
Parameters: 0.999994 0.00347139 -0.000110935 -0.00346961 0.999849 0.0170195 0.000170077 -0.0170195 0.999855 -0.0230597 0.117604 0.498853
FixedParameters: 0 0 0

#Transform 77
Transform: AffineTransform_float_3_3
Parameters: 0.999996 0.00272617 0.000631786 -0.00273383 0.999915 0.0127403 -0.000597214 -0.0127427 0.999918 -0.0362326 0.120854 0.422268
FixedParameters: 0 0 0

#Transform 78
Transform: AffineTransform_float_3_3
Parameters: 0.999995 0.00290948 0.00048398 -0.00291351 0.999949 0.00960863 -0.000456023 -0.00961036 0.999953 -0.0342291 0.105625 0.341912
FixedParameters: 0 0 0

#Transform 79
Transform: AffineTransform_float_3_3
Parameters: 0.999996 0.00266222 -1.58933e-05 -0.00266277 0.999962 0.00830407 3.81129e-05 -0.00830392 0.999965 -0.0356866 0.127531 0.347504
FixedParameters: 0 0 0

#Transform 80
Transform: AffineTransform_float_3_3
Parameters: 0.999995 0.00291909 0.000293666 -0.00292191 0.999973 0.00673417 -0.000273329 -0.00673483 0.999978 -0.0338735 0.11729 0.304534
FixedParameters: 0 0 0

#Transform 81
Transform: AffineTransform_float_3_3
Parameters: 0.999997 0.00248352 -0.000277721 -0.00248148 0.999982 0.0053487 0.000291277 -0.00534829 0.999985 -0.0311732 0.0539452 0.172684
FixedParameters: 0 0 0

#Transform 82
Transform: AffineTransform_float_3_3
Parameters: 0.999997 0.00248165 6.57098e-05 -0.00248135 0.99998 0.00592686 -5.12938e-05 -0.00592715 0.999983 -0.0372528 0.0893094 0.286794
FixedParameters: 0 0 0

#Transform 83
Transform: AffineTransform_float_3_3
Parameters: 0.999997 0.00248422 -0.000338104 -0.00248179 0.999977 0.00640186 0.000353892 -0.00640015 0.99998 -0.03256 0.0823943 0.232998
FixedParameters: 0 0 0

#Transform 84
Transform: AffineTransform_float_3_3
Parameters: 0.999996 0.00281913 -8.89488e-06 -0.00281887 0.999973 0.00677705 2.81041e-05 -0.00677695 0.999977 -0.0442616 0.10294 0.338492
FixedParameters: 0 0 0

#Transform 85
Transform: AffineTransform_float_3_3
Parameters: 0.999996 0.0026031 -0.000508381 -0.0025999 0.999979 0.00600435 0.000523617 -0.00600266 0.999982 -0.0326217 0.0851884 0.255152
FixedParameters: 0 0 0

#Transform 86
Transform: AffineTransform_float_3_3
Parameters: 0.999997 0.00248412 -0.000338795 -0.00248188 0.999978 0.00612386 0.000353205 -0.00612314 0.999981 -0.034133 0.0842838 0.277271
FixedParameters: 0 0 0

#Transform 87
Transform: AffineTransform_float_3_3
Parameters: 0.999997 0.00248403 -0.000339458 -0.00248197 0.99998 0.00585686 0.000353542 -0.00585614 0.999983 -0.0405045 0.11033 0.345675
FixedParameters: 0 0 0

#Transform 88
Transform: AffineTransform_float_3_3
Parameters: 0.999997 0.00248262 -9.955e-05 -0.00248138 0.99998 0.00582127 0.000113446 -0.00582074 0.999983 -0.0492609 0.124754 0.413009
FixedParameters: 0 0 0

#Transform 89
Transform: AffineTransform_float_3_3
Parameters: 0.999996 0.00300874 0.0003182 -0.00301027 0.999969 0.00737508 -0.000295806 -0.00737592 0.999973 -0.0405043 0.146321 0.44251
FixedParameters: 0 0 0

#Transform 90
Transform: AffineTransform_float_3_3
Parameters: 0.999996 0.00288573 4.70151e-05 -0.00288627 0.99997 0.0072819 -2.59827e-05 -0.00728211 0.999974 -0.0415746 0.109711 0.314361
FixedParameters: 0 0 0

#Transform 91
Transform: AffineTransform_float_3_3
Parameters: 0.999996 0.00296601 -0.000755607 -0.00296099 0.999974 0.00654527 0.000775393 -0.00654273 0.999979 -0.0394788 0.128033 0.377414
FixedParameters: 0 0 0

#Transform 92
Transform: AffineTransform_float_3_3
Parameters: 0.999997 0.00248367 -0.000288963 -0.00248133 0.999981 0.00565373 0.000303033 -0.00565326 0.999984 -0.0387068 0.129902 0.393966
FixedParameters: 0 0 0

#Transform 93
Transform: AffineTransform_float_3_3
Parameters: 0.999996 0.00299349 -0.000235854 -0.00299152 0.999977 0.00606373 0.000254144 -0.00606326 0.999981 -0.0513589 0.148431 0.444099
FixedParameters: 0 0 0

#Transform 94
Transform: AffineTransform_float_3_3
Parameters: 0.999995 0.00289832 -0.000314011 -0.00289768 0.999987 0.00413793 0.000325992 -0.00413708 0.999992 -0.0509031 0.101793 0.31356
FixedParameters: 0 0 0

#Transform 95
Transform: AffineTransform_float_3_3
Parameters: 0.999997 0.0024841 -0.000425936 -0.0024819 0.999985 0.00485907 0.000438063 -0.00485793 0.999988 -0.0468805 0.128595 0.430156
FixedParameters: 0 0 0

#Transform 96
Transform: AffineTransform_float_3_3
Parameters: 0.999997 0.00248171 8.49568e-05 -0.00248229 0.999991 0.0036088 -7.60441e-05 -0.0036082 0.999993 -0.0480944 0.0867179 0.272917
FixedParameters: 0 0 0

#Transform 97
Transform: AffineTransform_float_3_3
Parameters: 0.999993 0.00335887 0.00169917 -0.00336412 0.99999 0.0030223 -0.00168883 -0.00302869 0.999994 -0.0833962 0.152483 0.546611
FixedParameters: 0 0 0

#Transform 98
Transform: AffineTransform_float_3_3
Parameters: 0.999991 0.00384924 0.00147422 -0.00385276 0.999991 0.00187134 -0.00146778 -0.00187667 0.999997 -0.100542 0.133989 0.541091
FixedParameters: 0 0 0

#Transform 99
Transform: AffineTransform_float_3_3
Parameters: 0.999993 0.00339183 0.0010488 -0.00339317 0.999993 0.00111845 -0.0010452 -0.00112155 0.999999 -0.0781004 0.12085 0.447128
FixedParameters: 0 0 0

#Transform 100
Transform: AffineTransform_float_3_3
Parameters: 0.99999 0.00438267 0.00147693 -0.00438633 0.999988 0.00226055 -0.00146707 -0.00226745 0.999997 -0.13691 0.146828 0.522036
FixedParameters: 0 0 0

#Transform 101
Transform: AffineTransform_float_3_3
Parameters: 0.999989 0.00458771 0.0014648 -0.0045873 0.99999 -0.000483725 -0.00146721 0.000477275 0.999999 -0.16082 0.12865 0.418759
FixedParameters: 0 0 0

#Transform 102
Transform: AffineTransform_float_3_3
Parameters: 0.999993 0.00361171 0.00146527 -0.0036103 0.999994 -0.000482294 -0.00146773 0.000476703 0.999999 -0.11749 0.165716 0.649126
FixedParameters: 0 0 0

#Transform 103
Transform: AffineTransform_float_3_3
Parameters: 0.999993 0.00361131 0.001129 -0.00361069 0.999994 -0.000280079 -0.00113 0.000275921 1 -0.100215 0.127763 0.443137
FixedParameters: 0 0 0

#Transform 104
Transform: AffineTransform_float_3_3
Parameters: 0.999993 0.00360938 0.00147099 -0.00361062 0.999993 0.0011017 -0.00146702 -0.0011063 0.999999 -0.10182 0.148313 0.525002
FixedParameters: 0 0 0

#Transform 105
Transform: AffineTransform_float_3_3
Parameters: 0.999996 0.00288354 0.0010293 -0.00288346 0.999995 0.000450034 -0.0010287 -0.000452968 1 -0.0863596 0.118164 0.386905
FixedParameters: 0 0 0

#Transform 106
Transform: AffineTransform_float_3_3
Parameters: 0.999993 0.00360847 0.00147323 -0.00361054 0.999992 0.00172169 -0.00146778 -0.00172731 0.999998 -0.092508 0.164382 0.566603
FixedParameters: 0 0 0

#Transform 107
Transform: AffineTransform_float_3_3
Parameters: 0.999993 0.00343837 0.00106552 -0.00344163 0.999991 0.00247535 -0.00105748 -0.00247865 0.999997 -0.0975439 0.150261 0.693823
FixedParameters: 0 0 0

#Transform 108
Transform: AffineTransform_float_3_3
Parameters: 0.999992 0.00366993 0.0015318 -0.00367407 0.999989 0.00266539 -0.0015222 -0.00267061 0.999996 -0.100737 0.154813 0.79454
FixedParameters: 0 0 0

#Transform 109
Transform: AffineTransform_float_3_3
Parameters: 0.99999 0.00401536 0.002075 -0.00402064 0.99999 0.00223568 -0.002066 -0.00224432 0.999996 -0.102784 0.14153 0.69039
FixedParameters: 0 0 0

#Transform 110
Transform: AffineTransform_float_3_3
Parameters: 0.999988 0.00451579 0.00219384 -0.00452122 0.999986 0.00283612 -0.00218116 -0.00284588 0.999993 -0.118109 0.156457 0.854273
FixedParameters: 0 0 0

#Transform 111
Transform: AffineTransform_float_3_3
Parameters: 0.999988 0.00451779 0.00218971 -0.00452121 0.999988 0.00192112 -0.0021813 -0.00193088 0.999996 -0.134141 0.147907 0.716462
FixedParameters: 0 0 0

#Transform 112
Transform: AffineTransform_float_3_3
Parameters: 0.999988 0.00452679 0.00217105 -0.00452122 0.999988 -0.00220484 -0.00218095 0.00219516 0.999995 -0.126435 0.170404 0.893125
FixedParameters: 0 0 0

#Transform 113
Transform: AffineTransform_float_3_3
Parameters: 0.999987 0.00453395 0.00242882 -0.00452205 0.999978 -0.00490305 -0.00245018 0.00489195 0.999985 -0.119854 0.161619 0.711923
FixedParameters: 0 0 0

#Transform 114
Transform: AffineTransform_float_3_3
Parameters: 0.999981 0.00508224 0.00332327 -0.00506376 0.999972 -0.00547493 -0.00335073 0.00545808 0.99998 -0.153244 0.153986 0.802046
FixedParameters: 0 0 0

#Transform 115
Transform: AffineTransform_float_3_3
Parameters: 0.99999 0.00397829 0.00166091 -0.0039687 0.999976 -0.00556264 -0.00168309 0.00555635 0.999983 -0.112238 0.14896 0.722845
FixedParameters: 0 0 0

#Transform 116
Transform: AffineTransform_float_3_3
Parameters: 0.99999 0.00398035 0.00209356 -0.00396865 0.999977 -0.00539936 -0.00211444 0.00539064 0.999983 -0.132519 0.163448 0.812033
FixedParameters: 0 0 0

#Transform 117
Transform: AffineTransform_float_3_3
Parameters: 0.999991 0.00397757 0.00136325 -0.00396943 0.999972 -0.00623146 -0.00138775 0.00622653 0.999979 -0.100833 0.117087 0.616426
FixedParameters: 0 0 0

#Transform 118
Transform: AffineTransform_float_3_3
Parameters: 0.999992 0.00397669 0.00129767 -0.00396931 0.999975 -0.0058742 -0.00132133 0.0058688 0.999982 -0.113897 0.153348 0.780203
FixedParameters: 0 0 0

#Transform 119
Transform: AffineTransform_float_3_3
Parameters: 0.999992 0.00397751 0.00125739 -0.00396949 0.999969 -0.00669905 -0.00128361 0.00669395 0.999977 -0.113694 0.136669 0.697596
FixedParameters: 0 0 0

#Transform 120
Transform: AffineTransform_float_3_3
Parameters: 0.999991 0.00397793 0.00149747 -0.00396906 0.999974 -0.005924 -0.00152153 0.005918 0.999982 -0.116505 0.143367 0.746356
FixedParameters: 0 0 0

#Transform 121
Transform: AffineTransform_float_3_3
Parameters: 0.999992 0.00397694 0.00127348 -0.00396906 0.999973 -0.00617511 -0.00129853 0.00617089 0.99998 -0.107191 0.130536 0.718534
FixedParameters: 0 0 0

#Transform 122
Transform: AffineTransform_float_3_3
Parameters: 0.999993 0.00357597 0.001284 -0.00356802 0.999974 -0.00616062 -0.001306 0.00615637 0.99998 -0.0995474 0.144264 0.707642
FixedParameters: 0 0 0

#Transform 123
Transform: AffineTransform_float_3_3
Parameters: 0.999993 0.00354856 0.00134056 -0.00354044 0.999973 -0.00633379 -0.00136344 0.00632921 0.999979 -0.103119 0.14158 0.747728
FixedParameters: 0 0 0

#Transform 124
Transform: AffineTransform_float_3_3
Parameters: 0.999993 0.00354657 0.00130224 -0.00354043 0.999981 -0.00501464 -0.00131976 0.00501035 0.999986 -0.0884747 0.148627 0.763579
FixedParameters: 0 0 0

#Transform 125
Transform: AffineTransform_float_3_3
Parameters: 0.999992 0.00365855 0.00114514 -0.00365045 0.999972 -0.00652923 -0.00116885 0.00652477 0.999978 -0.0930696 0.124231 0.622256
FixedParameters: 0 0 0

#Transform 126
Transform: AffineTransform_float_3_3
Parameters: 0.99999 0.00425733 0.00149347 -0.00424867 0.999975 -0.0055364 -0.00151653 0.0055296 0.999983 -0.112415 0.175916 0.767632
FixedParameters: 0 0 0

#Transform 127
Transform: AffineTransform_float_3_3
Parameters: 0.999992 0.00402554 0.00102277 -0.00401746 0.999965 -0.00727017 -0.00105223 0.00726582 0.999973 -0.124844 0.125792 0.670671
FixedParameters: 0 0 0

#Transform 128
Transform: AffineTransform_float_3_3
Parameters: 0.999986 0.00462359 0.00233132 -0.00460741 0.999968 -0.00665083 -0.00236167 0.00664017 0.999975 -0.150601 0.170169 0.887206
FixedParameters: 0 0 0

#Transform 129
Transform: AffineTransform_float_3_3
Parameters: 0.999992 0.00403482 0.00106101 -0.00402618 0.999959 -0.00818835 -0.00109399 0.00818366 0.999966 -0.130812 0.145701 0.779818
FixedParameters: 0 0 0

#Transform 130
Transform: AffineTransform_float_3_3
Parameters: 0.999992 0.0040295 0.000402364 -0.0040265 0.999957 -0.00835169 -0.000435641 0.00835031 0.999965 -0.1159 0.171018 0.951857
FixedParameters: 0 0 0

#Transform 131
Transform: AffineTransform_float_3_3
Parameters: 0.999991 0.00403278 0.000698976 -0.00402622 0.999948 -0.0094379 -0.000737027 0.00943511 0.999955 -0.112305 0.160561 0.806373
FixedParameters: 0 0 0

#Transform 132
Transform: AffineTransform_float_3_3
Parameters: 0.999993 0.00354146 0.000232158 -0.00353955 0.999946 -0.00984188 -0.000266847 0.00984112 0.999951 -0.109183 0.143796 0.79803
FixedParameters: 0 0 0

#Transform 133
Transform: AffineTransform_float_3_3
Parameters: 0.999993 0.00354128 0.00020013 -0.00353973 0.99994 -0.0104148 -0.000236878 0.0104142 0.999945 -0.101593 0.186775 0.921145
FixedParameters: 0 0 0

#Transform 134
Transform: AffineTransform_float_3_3
Parameters: 0.999993 0.00353906 -1.30989e-05 -0.00353893 0.999936 -0.010765 -2.50982e-05 0.010765 0.999942 -0.103195 0.165608 0.839944
FixedParameters: 0 0 0

#Transform 135
Transform: AffineTransform_float_3_3
Parameters: 0.999989 0.00447106 0.00171725 -0.00445495 0.999942 -0.00980877 -0.00176077 0.00980124 0.999951 -0.12752 0.175547 1.01458
FixedParameters: 0 0 0

#Transform 136
Transform: AffineTransform_float_3_3
Parameters: 0.999992 0.00415036 0.000502535 -0.00414564 0.999939 -0.0102392 -0.000544472 0.0102368 0.999948 -0.113772 0.152634 0.879902
FixedParameters: 0 0 0

#Transform 137
Transform: AffineTransform_float_3_3
Parameters: 0.999993 0.00385353 0.0005463 -0.00384747 0.999944 -0.00979117 -0.000583699 0.00978982 0.999952 -0.115642 0.159389 0.877013
FixedParameters: 0 0 0

#Transform 138
Transform: AffineTransform_float_3_3
Parameters: 0.999994 0.00354509 0.000797405 -0.00353892 0.999965 -0.00750987 -0.000823596 0.00750713 0.999972 -0.10557 0.103199 0.552618
FixedParameters: 0 0 0

#Transform 139
Transform: AffineTransform_float_3_3
Parameters: 0.999994 0.00354463 0.000808716 -0.00353938 0.99997 -0.00685791 -0.000832288 0.0068551 0.999976 -0.112644 0.146482 0.675437
FixedParameters: 0 0 0

#Transform 140
Transform: AffineTransform_float_3_3
Parameters: 0.999992 0.00354936 0.0014448 -0.00353964 0.999969 -0.00711217 -0.0014692 0.00710684 0.999973 -0.110921 0.121564 0.542755
FixedParameters: 0 0 0

#Transform 141
Transform: AffineTransform_float_3_3
Parameters: 0.999993 0.00354348 0.00065729 -0.00353952 0.999972 -0.00669637 -0.000680712 0.00669364 0.999978 -0.109008 0.137712 0.571901
FixedParameters: 0 0 0

#Transform 142
Transform: AffineTransform_float_3_3
Parameters: 0.999993 0.00354402 0.00103295 -0.00353899 0.999982 -0.00481669 -0.00105005 0.00481331 0.999988 -0.0975575 0.115897 0.476235
FixedParameters: 0 0 0

#Transform 143
Transform: AffineTransform_float_3_3
Parameters: 0.999991 0.00393123 0.00114787 -0.00392477 0.999978 -0.00538155 -0.00116913 0.00537645 0.999985 -0.114606 0.130947 0.586487
FixedParameters: 0 0 0

#Transform 144
Transform: AffineTransform_float_3_3
Parameters: 0.999994 0.00354397 0.000965943 -0.00353903 0.99998 -0.00510045 -0.000983059 0.00509755 0.999986 -0.10472 0.13223 0.606164
FixedParameters: 0 0 0

#Transform 145
Transform: AffineTransform_float_3_3
Parameters: 0.999994 0.00354301 0.000727768 -0.003539 0.999979 -0.00543261 -0.000747231 0.00542939 0.999985 -0.116534 0.141822 0.723329
FixedParameters: 0 0 0

#Transform 146
Transform: AffineTransform_float_3_3
Parameters: 0.999989 0.00451866 0.000740213 -0.00451233 0.999962 -0.00748342 -0.000773784 0.00748058 0.999971 -0.136585 0.122893 0.60531
FixedParameters: 0 0 0

#Transform 147
Transform: AffineTransform_float_3_3
Parameters: 0.999989 0.00439857 0.00121799 -0.00439043 0.999972 -0.00614942 -0.00124501 0.00614359 0.999981 -0.131411 0.130924 0.622875
FixedParameters: 0 0 0

#Transform 148
Transform: AffineTransform_float_3_3
Parameters: 0.999992 0.00392432 0.000606677 -0.00392068 0.999968 -0.00696743 -0.00063333 0.00696557 0.999975 -0.116782 0.123426 0.57881
FixedParameters: 0 0 0

#Transform 149
Transform: AffineTransform_float_3_3
Parameters: 0.999993 0.00354415 0.00103756 -0.00353885 0.999981 -0.0049267 -0.00105444 0.0049233 0.999988 -0.112258 0.140309 0.613872
FixedParameters: 0 0 0

#Transform 150
Transform: AffineTransform_float_3_3
Parameters: 0.999992 0.00362509 0.0016008 -0.00362491 0.999994 -5.88032e-05 -0.0016012 5.31959e-05 0.999998 -0.087763 0.148582 0.564388
FixedParameters: 0 0 0

#Transform 151
Transform: AffineTransform_float_3_3
Parameters: 0.999992 0.0039761 0.000710453 -0.0039759 0.999992 -0.000138826 -0.000711547 0.000136172 0.999999 -0.113182 0.243565 0.863177
FixedParameters: 0 0 0

#Transform 152
Transform: AffineTransform_float_3_3
Parameters: 0.999993 0.00354114 0.000308375 -0.00353886 0.999972 -0.00667413 -0.000332624 0.00667287 0.999977 -0.130323 0.181083 0.642892
FixedParameters: 0 0 0

#Transform 153
Transform: AffineTransform_float_3_3
Parameters: 0.999994 0.00354321 0.000821063 -0.0035398 0.999981 -0.00506694 -0.000838942 0.00506406 0.999987 -0.118325 0.199789 0.746359
FixedParameters: 0 0 0

#Transform 154
Transform: AffineTransform_float_3_3
Parameters: 0.999994 0.00354288 0.000896825 -0.00353913 0.999984 -0.0042872 -0.000911176 0.0042838 0.999991 -0.124384 0.196847 0.679269
FixedParameters: 0 0 0

#Transform 155
Transform: AffineTransform_float_3_3
Parameters: 0.999993 0.0035444 0.00127003 -0.0035396 0.999985 -0.00422953 -0.00128498 0.00422548 0.99999 -0.12531 0.181118 0.701032
FixedParameters: 0 0 0

#Transform 156
Transform: AffineTransform_float_3_3
Parameters: 0.999992 0.00387988 0.000886638 -0.00387412 0.999971 -0.00654349 -0.000911365 0.00654052 0.999978 -0.122735 0.162409 0.684569
FixedParameters: 0 0 0

#Transform 157
Transform: AffineTransform_float_3_3
Parameters: 0.999991 0.0039684 0.00139433 -0.00396061 0.999975 -0.00597358 -0.00141768 0.00596843 0.999981 -0.129339 0.141349 0.640541
FixedParameters: 0 0 0

#Transform 158
Transform: AffineTransform_float_3_3
Parameters: 0.999991 0.00395548 0.00138851 -0.00394553 0.999965 -0.00746755 -0.00141749 0.00746146 0.999971 -0.12912 0.160265 0.680338
FixedParameters: 0 0 0

#Transform 159
Transform: AffineTransform_float_3_3
Parameters: 0.999992 0.00354842 0.00139426 -0.00353958 0.999972 -0.00669998 -0.00141774 0.00669502 0.999976 -0.127347 0.120179 0.548128
FixedParameters: 0 0 0

#Transform 160
Transform: AffineTransform_float_3_3
Parameters: 0.999994 0.00354542 0.000915496 -0.00353959 0.99997 -0.00691928 -0.000939507 0.00691571 0.999975 -0.126366 0.168907 0.702783
FixedParameters: 0 0 0

#Transform 161
Transform: AffineTransform_float_3_3
Parameters: 0.999994 0.00354439 0.000752023 -0.00353961 0.999969 -0.00705371 -0.000776983 0.00705129 0.999975 -0.122547 0.128765 0.599524
FixedParameters: 0 0 0

#Transform 162
Transform: AffineTransform_float_3_3
Parameters: 0.999991 0.00396248 0.00106312 -0.00395652 0.999974 -0.00603326 -0.00108688 0.00602875 0.999981 -0.130306 0.153426 0.576736
FixedParameters: 0 0 0

#Transform 163
Transform: AffineTransform_float_3_3
Parameters: 0.999993 0.0035427 0.000588102 -0.00353929 0.999974 -0.00618512 -0.000609898 0.00618287 0.99998 -0.118682 0.136619 0.558039
FixedParameters: 0 0 0

#Transform 164
Transform: AffineTransform_float_3_3
Parameters: 0.999992 0.00395599 0.000475787 -0.00395301 0.999974 -0.00612393 -0.000500214 0.00612207 0.999981 -0.114103 0.131366 0.56227
FixedParameters: 0 0 0

#Transform 165
Transform: AffineTransform_float_3_3
Parameters: 0.999993 0.00354292 0.000649973 -0.00353908 0.999976 -0.00593934 -0.000671026 0.00593666 0.999982 -0.121168 0.135066 0.54158
FixedParameters: 0 0 0

#Transform 166
Transform: AffineTransform_float_3_3
Parameters: 0.999993 0.0035453 0.00137789 -0.0035397 0.999984 -0.00454991 -0.00139411 0.00454509 0.999988 -0.133615 0.174389 0.632504
FixedParameters: 0 0 0

#Transform 167
Transform: AffineTransform_float_3_3
Parameters: 0.999992 0.00388171 0.000803575 -0.00387729 0.999976 -0.00578216 -0.000826426 0.00577884 0.999983 -0.128768 0.150725 0.579672
FixedParameters: 0 0 0

#Transform 168
Transform: AffineTransform_float_3_3
Parameters: 0.999991 0.00399406 0.00111858 -0.00398794 0.999977 -0.0053695 -0.00113942 0.00536449 0.999985 -0.123529 0.18496 0.726211
FixedParameters: 0 0 0

#Transform 169
Transform: AffineTransform_float_3_3
Parameters: 0.999992 0.00406868 0.000688582 -0.00406532 0.999978 -0.00526784 -0.000710416 0.00526415 0.999986 -0.116523 0.181978 0.726531
FixedParameters: 0 0 0

#Transform 170
Transform: AffineTransform_float_3_3
Parameters: 0.999989 0.00461376 0.000931258 -0.00461324 0.999989 -0.000813305 -0.000934741 0.000808697 0.999999 -0.111526 0.280158 1.21688
FixedParameters: 0 0 0

#Transform 171
Transform: AffineTransform_float_3_3
Parameters: 0.999991 0.00424609 0.000533406 -0.00424191 0.999964 -0.00744533 -0.000565592 0.00744267 0.999972 -0.0781581 0.0518837 0.0260118
FixedParameters: 0 0 0

#Transform 172
Transform: AffineTransform_float_3_3
Parameters: 0.999992 0.00397766 0.000608275 -0.00397334 0.999964 -0.00747848 -0.000637726 0.00747552 0.999972 -0.127219 0.152815 0.477387
FixedParameters: 0 0 0

#Transform 173
Transform: AffineTransform_float_3_3
Parameters: 0.999991 0.00414164 0.00107085 -0.00413335 0.999966 -0.00704749 -0.00110015 0.0070425 0.999974 -0.122093 0.109733 0.231998
FixedParameters: 0 0 0

#Transform 174
Transform: AffineTransform_float_3_3
Parameters: 0.999989 0.00442407 0.00107119 -0.00441693 0.999969 -0.0065188 -0.00109981 0.0065142 0.999978 -0.112338 0.167405 0.376618
FixedParameters: 0 0 0

#Transform 175
Transform: AffineTransform_float_3_3
Parameters: 0.999991 0.00425272 0.00106978 -0.00424428 0.999965 -0.00711561 -0.00110022 0.00711139 0.999974 -0.102084 0.14305 0.294983
FixedParameters: 0 0 0

#Transform 176
Transform: AffineTransform_float_3_3
Parameters: 0.999992 0.00399965 0.00107184 -0.00399235 0.999967 -0.00704934 -0.00110016 0.00704466 0.999974 -0.105912 0.142617 0.347221
FixedParameters: 0 0 0

#Transform 177
Transform: AffineTransform_float_3_3
Parameters: 0.99999 0.00427442 0.00117891 -0.00426559 0.999966 -0.0070501 -0.00120909 0.0070449 0.999975 -0.110095 0.0972073 0.212995
FixedParameters: 0 0 0

#Transform 178
Transform: AffineTransform_float_3_3
Parameters: 0.99999 0.00409762 0.00134398 -0.00408938 0.999972 -0.00635856 -0.00137002 0.00635245 0.999979 -0.104785 0.0893044 0.227634
FixedParameters: 0 0 0

#Transform 179
Transform: AffineTransform_float_3_3
Parameters: 0.999991 0.00400398 0.00092118 -0.00399702 0.999964 -0.00745574 -0.00095082 0.00745226 0.999972 -0.121033 0.0963977 0.264239
FixedParameters: 0 0 0
