#Insight Transform File V1.0
#Transform 0
Transform: AffineTransform_float_3_3
Parameters: 0.999998 0.000112427 -0.00177685 -0.000109572 0.999999 0.0013662 0.00177715 -0.0013658 0.999998 -0.0108117 0.0599923 0.0762433
FixedParameters: 0 0 0

#Transform 1
Transform: AffineTransform_float_3_3
Parameters: 0.999998 3.1523e-06 -0.001667 1.52306e-07 0.999998 0.001891 0.001667 -0.001891 0.999997 -0.00959001 0.0632 0.0972174
FixedParameters: 0 0 0

#Transform 2
Transform: AffineTransform_float_3_3
Parameters: 0.999999 6.01427e-05 -0.0017989 -5.68588e-05 0.999999 0.00174611 0.0017991 -0.0017469 0.999997 -0.0454023 0.0621295 0.0699721
FixedParameters: 0 0 0

#Transform 3
Transform: AffineTransform_float_3_3
Parameters: 0.999999 -0.000423996 -0.000880967 0.000426005 0.999998 0.00227663 0.000880032 -0.00227637 0.999997 0.00392377 0.0479907 0.0667959
FixedParameters: 0 0 0

#Transform 4
Transform: AffineTransform_float_3_3
Parameters: 1 -0.000253281 -0.00108864 0.000255719 0.999997 0.00249772 0.00108837 -0.00249828 0.999997 -0.0105098 0.0698834 0.0683411
FixedParameters: 0 0 0

#Transform 5
Transform: AffineTransform_float_3_3
Parameters: 0.999999 2.06006e-06 -0.000827997 6.00699e-08 0.999997 0.002488 0.000828002 -0.002488 0.999996 -0.0104853 0.0806396 0.0602582
FixedParameters: 0 0 0

#Transform 6
Transform: AffineTransform_float_3_3
Parameters: 0.999999 2.24612e-06 -0.000931997 2.46126e-07 0.999997 0.00241 0.000932001 -0.00241 0.999996 -0.00147233 0.062044 0.0507782
FixedParameters: 0 0 0

#Transform 7
Transform: AffineTransform_float_3_3
Parameters: 1 1.35917e-06 -0.001077 3.59175e-07 0.999999 0.001262 0.001077 -0.001262 0.999998 -0.0118397 0.0364396 0.0522338
FixedParameters: 0 0 0

#Transform 8
Transform: AffineTransform_float_3_3
Parameters: 1 9.71568e-07 -0.001038 -2.8431e-08 0.999999 0.000936 0.001038 -0.000935999 0.999999 -0.0116251 0.0294567 0.0530461
FixedParameters: 0 0 0

#Transform 9
Transform: AffineTransform_float_3_3
Parameters: 1 4.8043e-07 -0.000535 4.8043e-07 0.999999 0.000898 0.000535 -0.000898 1 -0.0118788 0.0355807 0.0252124
FixedParameters: 0 0 0

#Transform 10
Transform: AffineTransform_float_3_3
Parameters: 1 3.0709e-07 -0.000535 3.0709e-07 1 0.000574 0.000535 -0.000574 0.999999 -0.0087357 0.0425724 0.0568501
FixedParameters: 0 0 0

#Transform 11
Transform: AffineTransform_float_3_3
Parameters: 1 4.15695e-07 -0.000535 4.15695e-07 0.999999 0.000776999 0.000535 -0.000776999 0.999999 -0.00524887 0.043759 0.0496813
FixedParameters: 0 0 0

#Transform 12
Transform: AffineTransform_float_3_3
Parameters: 1 4.93805e-07 -0.000535 4.93805e-07 0.999999 0.000923 0.000535 -0.000923 1 -0.00477633 0.044629 0.0505393
FixedParameters: 0 0 0

#Transform 13
Transform: AffineTransform_float_3_3
Parameters: 1 5.79405e-07 -0.000535 -4.20594e-07 1 0.001083 0.000535001 -0.001083 1 -0.00185157 0.0433301 0.0397852
FixedParameters: 0 0 0

#Transform 14
Transform: AffineTransform_float_3_3
Parameters: 1 3.18784e-07 -0.000272 3.18784e-07 1 0.001172 0.000272 -0.001172 1 -0.00724746 0.0459523 0.0238565
FixedParameters: 0 0 0

#Transform 15
Transform: AffineTransform_float_3_3
Parameters: 1 -7.0556e-08 0.000124 -7.0556e-08 1 0.000569 -0.000124 -0.000569 1 -0.0049553 0.0300066 0.0180837
FixedParameters: 0 0 0

#Transform 16
Transform: AffineTransform_float_3_3
Parameters: 1 -1.9136e-08 5.2e-05 -1.9136e-08 1 0.000368 -5.2e-05 -0.000368 1 -0.00531858 0.0170741 0.00250307
FixedParameters: 0 0 0

#Transform 17
Transform: AffineTransform_float_3_3
Parameters: 1 1.18319e-07 -0.000179 1.18319e-07 1 0.000661 0.000179 -0.000661 1 -0.00670732 0.018787 0.0206469
FixedParameters: 0 0 0

#Transform 18
Transform: AffineTransform_float_3_3
Parameters: 1 0.000165023 -9.49601e-05 -0.000164977 1 0.000242016 9.50399e-05 -0.000241984 1 -0.00138236 0.0160791 0.0184304
FixedParameters: 0 0 0

#Transform 19
Transform: AffineTransform_float_3_3
Parameters: 1 0.000161011 -4.3961e-05 -0.000160989 1 0.000242007 4.4039e-05 -0.000241993 1 -0.00679449 0.0160516 0.0183553
FixedParameters: 0 0 0

#Transform 20
Transform: AffineTransform_float_3_3
Parameters: 1 0.000161054 -0.000181952 -0.000160946 1 0.000296029 0.000182048 -0.000295971 1 -0.00759184 0.0163045 -0.00205267
FixedParameters: 0 0 0

#Transform 21
Transform: AffineTransform_float_3_3
Parameters: 1 0.00016095 0.000208039 -0.00016105 1 0.000241966 -0.000207961 -0.000241033 1 -0.000680423 0.00568945 0.0136537
FixedParameters: 0 0 0

#Transform 22
Transform: AffineTransform_float_3_3
Parameters: 1 -3.20382e-05 8.29853e-05 3.19618e-05 1 0.000460003 -8.30147e-05 -0.000459997 1 -0.00499658 0.0199596 0.00766952
FixedParameters: 0 0 0

#Transform 23
Transform: AffineTransform_float_3_3
Parameters: 1 0.000160994 9.10899e-06 -0.000161006 1 0.000676998 -8.891e-06 -0.000677001 1 0.00155149 0.0249427 0.0177383
FixedParameters: 0 0 0

#Transform 24
Transform: AffineTransform_float_3_3
Parameters: 1 -0.000292422 -0.000535864 0.000293578 0.999995 0.00294684 0.000535137 -0.00294715 0.999995 0.0153311 -0.0951115 -0.229568
FixedParameters: 0 0 0

#Transform 25
Transform: AffineTransform_float_3_3
Parameters: 1 2.40096e-05 2.92249e-06 -2.39902e-05 0.999995 -0.003229 -3.07748e-06 0.003229 0.999995 0.0166853 -0.0709574 0.0344771
FixedParameters: 0 0 0

#Transform 26
Transform: AffineTransform_float_3_3
Parameters: 0.999999 0.000491045 0.000673791 -0.000487953 0.999989 -0.00451233 -0.000676208 0.00451167 0.999989 0.00131753 -0.030663 0.0207065
FixedParameters: 0 0 0

#Transform 27
Transform: AffineTransform_float_3_3
Parameters: 0.999999 0.000486432 0.000674252 -0.000483565 0.999994 -0.00360233 -0.000676746 0.00360167 0.999994 -0.00750407 -0.0143273 -0.0112882
FixedParameters: 0 0 0

#Transform 28
Transform: AffineTransform_float_3_3
Parameters: 0.999999 0.000365188 0.00067482 -0.000362811 0.999994 -0.00324024 -0.000676178 0.00323975 0.999994 0.00314217 0.00809597 -0.0289585
FixedParameters: 0 0 0

#Transform 29
Transform: AffineTransform_float_3_3
Parameters: 0.999999 0.000764024 0.0012812 -0.000760974 0.999997 -0.00235898 -0.0012838 0.00235802 0.999997 0.0349898 0.0164997 -0.069772
FixedParameters: 0 0 0

#Transform 30
Transform: AffineTransform_float_3_3
Parameters: 0.999997 0.000764169 0.00206883 -0.000760834 0.999999 -0.00153158 -0.00206917 0.00153042 0.999996 0.0277667 -0.00422405 -0.129196
FixedParameters: 0 0 0

#Transform 31
Transform: AffineTransform_float_3_3
Parameters: 0.999997 -8.18469e-06 0.00215401 1.08153e-05 0.999999 -0.00130698 -0.00215399 0.00130702 0.999997 0.0290553 -0.00163934 -0.109174
FixedParameters: 0 0 0

#Transform 32
Transform: AffineTransform_float_3_3
Parameters: 1 0.000173381 0.00104277 -0.000172619 0.999999 -0.00132418 -0.00104323 0.00132382 0.999998 0.0217675 -0.00205744 -0.107251
FixedParameters: 0 0 0

#Transform 33
Transform: AffineTransform_float_3_3
Parameters: 1 -1.06841e-05 0.000406008 1.13159e-05 0.999999 -0.000777995 -0.000405991 0.000778004 0.999999 0.0190481 -0.0155819 -0.0718281
FixedParameters: 0 0 0

#Transform 34
Transform: AffineTransform_float_3_3
Parameters: 0.999999 -0.000323056 0.000748408 0.000323945 0.999999 -0.00126176 -0.000748591 0.00126224 0.999999 0.0225897 -0.0389811 -0.0749249
FixedParameters: 0 0 0

#Transform 35
Transform: AffineTransform_float_3_3
Parameters: 1 -8.48532e-05 0.000646152 8.61465e-05 0.999999 -0.00177495 -0.000645848 0.00177506 0.999998 0.0207455 -0.0251799 -0.110101
FixedParameters: 0 0 0

#Transform 36
Transform: AffineTransform_float_3_3
Parameters: 1 -0.000267407 0.000348456 0.000268594 0.999998 -0.00170291 -0.000348543 0.00170309 0.999999 0.019934 -0.013143 -0.106161
FixedParameters: 0 0 0

#Transform 37
Transform: AffineTransform_float_3_3
Parameters: 1 9.25271e-05 0.00034786 -9.14726e-05 0.999999 -0.00151503 -0.000348139 0.00151497 0.999999 0.0180842 -0.0238559 -0.131881
FixedParameters: 0 0 0

#Transform 38
Transform: AffineTransform_float_3_3
Parameters: 1 0.000115667 0.000347779 -0.000114333 0.999998 -0.00191704 -0.00034822 0.00191696 0.999998 0.0179534 -0.0262302 -0.103782
FixedParameters: 0 0 0

#Transform 39
Transform: AffineTransform_float_3_3
Parameters: 1 0.000116203 0.000626778 -0.000114797 0.999998 -0.00191907 -0.000627221 0.00191893 0.999998 0.019561 0.000843745 -0.104634
FixedParameters: 0 0 0

#Transform 40
Transform: AffineTransform_float_3_3
Parameters: 1 0.000115755 0.000347749 -0.000115244 0.999997 -0.00217104 -0.000348251 0.00217096 0.999997 0.0104502 -0.000549455 -0.109916
FixedParameters: 0 0 0

#Transform 41
Transform: AffineTransform_float_3_3
Parameters: 1 0.000114744 -0.000132223 -0.000115258 0.999998 -0.00193899 0.000132777 0.00193902 0.999998 0.015269 -0.0239197 -0.124088
FixedParameters: 0 0 0

#Transform 42
Transform: AffineTransform_float_3_3
Parameters: 1 -0.000286325 0.000369524 0.000286676 0.999999 -0.0018289 -0.000369476 0.00182911 0.999999 0.0180674 -0.0225818 -0.0988015
FixedParameters: 0 0 0

#Transform 43
Transform: AffineTransform_float_3_3
Parameters: 1 -0.000286344 0.00029863 0.000286656 0.999997 -0.00219691 -0.000298371 0.00219708 0.999997 0.0175883 -0.0246604 -0.074832
FixedParameters: 0 0 0

#Transform 44
Transform: AffineTransform_float_3_3
Parameters: 1 -0.000287194 -0.000131577 0.000286805 0.999999 -0.00147304 0.000132423 0.00147296 0.999999 0.0174011 0.00286714 -0.0520576
FixedParameters: 0 0 0

#Transform 45
Transform: AffineTransform_float_3_3
Parameters: 1 -0.000287248 -0.000131459 0.000286751 0.999998 -0.00188304 0.00013254 0.00188296 0.999998 0.0173891 0.000504656 -0.0541654
FixedParameters: 0 0 0

#Transform 46
Transform: AffineTransform_float_3_3
Parameters: 1 -0.000185287 -0.000131597 0.000184712 0.999997 -0.00217902 0.000132403 0.00217897 0.999997 0.0114458 -0.00126408 -0.06841
FixedParameters: 0 0 0

#Transform 47
Transform: AffineTransform_float_3_3
Parameters: 1 -0.000287328 -0.000131284 0.00028667 0.999997 -0.00249204 0.000132715 0.00249196 0.999997 -0.000198437 0.0107762 -0.0573381
FixedParameters: 0 0 0

#Transform 48
Transform: AffineTransform_float_3_3
Parameters: 1 -0.000287349 -0.00013124 0.00028665 0.999997 -0.00264804 0.00013276 0.00264796 0.999997 -0.00945703 0.0106813 -0.0829819
FixedParameters: 0 0 0

#Transform 49
Transform: AffineTransform_float_3_3
Parameters: 1 -0.000287359 -0.000131217 0.000286639 0.999996 -0.00272604 0.000132782 0.00272596 0.999997 -0.0152882 0.0103531 -0.111208
FixedParameters: 0 0 0

#Transform 50
Transform: AffineTransform_float_3_3
Parameters: 1 -0.000287616 -0.00021016 0.000286385 0.999995 -0.00292406 0.000210838 0.00292394 0.999995 -0.0157917 0.00449006 -0.121906
FixedParameters: 0 0 0

#Transform 51
Transform: AffineTransform_float_3_3
Parameters: 1 -0.000457618 -0.000210663 0.000457381 0.999995 -0.00292409 0.000212338 0.0029239 0.999995 -0.00744441 0.00960914 -0.112419
FixedParameters: 0 0 0

#Transform 52
Transform: AffineTransform_float_3_3
Parameters: 1 -0.000287492 -0.000185238 0.000286506 0.999997 -0.00265206 0.000186761 0.00265195 0.999997 -0.0156123 0.0106515 -0.0942132
FixedParameters: 0 0 0

#Transform 53
Transform: AffineTransform_float_3_3
Parameters: 1 -0.000287374 -0.000131184 0.000286624 0.999996 -0.00284104 0.000132815 0.00284096 0.999996 -0.00785952 -0.00279786 -0.0953503
FixedParameters: 0 0 0

#Transform 54
Transform: AffineTransform_float_3_3
Parameters: 1 -0.000287401 -0.000131126 0.000286597 0.999996 -0.00304404 0.000132873 0.00304396 0.999996 -0.00607156 -0.00790645 -0.11424
FixedParameters: 0 0 0

#Transform 55
Transform: AffineTransform_float_3_3
Parameters: 1 -0.000287379 -0.000131173 0.000286618 0.999996 -0.00288104 0.000132826 0.00288096 0.999996 -0.0152925 -0.00681802 -0.116847
FixedParameters: 0 0 0

#Transform 56
Transform: AffineTransform_float_3_3
Parameters: 1 -0.000287403 -0.000131121 0.000286595 0.999996 -0.00305904 0.000132877 0.00305896 0.999996 -0.0152799 -0.0253414 -0.119288
FixedParameters: 0 0 0

#Transform 57
Transform: AffineTransform_float_3_3
Parameters: 1 -0.000426521 -0.000404402 0.000424481 0.999993 -0.00375317 0.000405596 0.00375283 0.999993 -0.0161702 -0.0207103 -0.113073
FixedParameters: 0 0 0

#Transform 58
Transform: AffineTransform_float_3_3
Parameters: 0.999999 -0.00070259 -0.000449524 0.000701411 0.999993 -0.00352831 0.000451477 0.00352768 0.999993 -0.0150437 -0.0220654 -0.110937
FixedParameters: 0 0 0

#Transform 59
Transform: AffineTransform_float_3_3
Parameters: 0.999999 -0.000702953 -0.00053444 0.000701044 0.999993 -0.00364738 0.00053756 0.00364662 0.999993 -0.015483 -0.0117137 -0.0988678
FixedParameters: 0 0 0

#Transform 60
Transform: AffineTransform_float_3_3
Parameters: 0.999999 -0.000702969 -0.000534419 0.000701028 0.999993 -0.00367738 0.000537581 0.00367662 0.999993 -0.0154742 -0.0240949 -0.0990702
FixedParameters: 0 0 0

#Transform 61
Transform: AffineTransform_float_3_3
Parameters: 1 -0.000701265 -6.52031e-05 0.000700735 0.999992 -0.00398905 6.77957e-05 0.00398895 0.999992 -0.0128243 -0.0297118 -0.122034
FixedParameters: 0 0 0

#Transform 62
Transform: AffineTransform_float_3_3
Parameters: 0.999999 -0.000548889 -0.000535069 0.000547111 0.999993 -0.00352329 0.000536931 0.0035237 0.999993 -0.0162795 -0.0210149 -0.0984259
FixedParameters: 0 0 0

#Transform 63
Transform: AffineTransform_float_3_3
Parameters: 1 -0.000563551 -0.000129627 0.000563447 0.999991 -0.00421207 0.000132374 0.00421193 0.999991 -0.00337632 -0.0247055 -0.102626
FixedParameters: 0 0 0

#Transform 64
Transform: AffineTransform_float_3_3
Parameters: 0.999999 -0.000632 -0.000534643 0.000629997 0.999993 -0.00373434 0.000537356 0.00373366 0.999993 -0.0158079 -0.0123138 -0.099419
FixedParameters: 0 0 0

#Transform 65
Transform: AffineTransform_float_3_3
Parameters: 0.999999 -0.000895289 -0.000349716 0.000893709 0.999993 -0.00367031 0.000353283 0.00367069 0.999993 -0.00431406 -0.0233117 -0.0649555
FixedParameters: 0 0 0

#Transform 66
Transform: AffineTransform_float_3_3
Parameters: 0.999999 -0.000703165 -0.00053416 0.000700834 0.999991 -0.00404437 0.000536838 0.00404362 0.999991 -0.00424605 -0.0248448 -0.0666797
FixedParameters: 0 0 0

#Transform 67
Transform: AffineTransform_float_3_3
Parameters: 1 -0.000415796 -0.000429267 0.000413205 0.999991 -0.00417618 0.000430729 0.00417582 0.999991 -0.0163717 -0.0223091 -0.0745094
FixedParameters: 0 0 0

#Transform 68
Transform: AffineTransform_float_3_3
Parameters: 1 -0.000179228 -5.22219e-05 0.000179772 0.99999 -0.00434401 5.27814e-05 0.00434399 0.99999 -0.0155052 -0.0202722 -0.112359
FixedParameters: 0 0 0

#Transform 69
Transform: AffineTransform_float_3_3
Parameters: 1 -0.000271082 -0.000274937 0.000269917 0.999992 -0.00392908 0.000276063 0.00392893 0.999992 -0.0162877 -0.0225612 -0.118662
FixedParameters: 0 0 0

#Transform 70
Transform: AffineTransform_float_3_3
Parameters: 0.999999 -0.000648432 -0.000389627 0.00064657 0.999993 -0.00366425 0.000391372 0.00366375 0.999993 -0.0149651 -0.0203946 -0.117121
FixedParameters: 0 0 0

#Transform 71
Transform: AffineTransform_float_3_3
Parameters: 1 -0.000647271 -7.57181e-05 0.000646728 0.999993 -0.00352605 7.82808e-05 0.00352595 0.999994 -0.0130733 -0.0371734 -0.135131
FixedParameters: 0 0 0

#Transform 72
Transform: AffineTransform_float_3_3
Parameters: 0.999999 -0.000645906 0.000311279 0.000647096 0.999993 -0.0035258 -0.00030972 0.0035262 0.999993 -0.0109342 -0.0342918 -0.136945
FixedParameters: 0 0 0

#Transform 73
Transform: AffineTransform_float_3_3
Parameters: 1 -0.000646082 0.000251371 0.000646916 0.999993 -0.00366684 -0.000248629 0.00366716 0.999993 -0.0112359 -0.0379126 -0.147247
FixedParameters: 0 0 0

#Transform 74
Transform: AffineTransform_float_3_3
Parameters: 1 -0.000528641 0.000109743 0.00052836 0.999995 -0.00329495 -0.00010826 0.00329506 0.999995 -0.0126821 -0.0343653 -0.116063
FixedParameters: 0 0 0

#Transform 75
Transform: AffineTransform_float_3_3
Parameters: 1 -0.000646276 0.000189487 0.000646726 0.999993 -0.00384688 -0.000187514 0.00384612 0.999992 -0.00200989 -0.0394477 -0.0827049
FixedParameters: 0 0 0

#Transform 76
Transform: AffineTransform_float_3_3
Parameters: 1 -0.000697553 0.000110852 0.000698448 0.999992 -0.00408692 -0.000108146 0.00408708 0.999991 -0.0118106 -0.0579005 -0.190653
FixedParameters: 0 0 0

#Transform 77
Transform: AffineTransform_float_3_3
Parameters: 1 -0.000646597 0.000110387 0.000646405 0.999993 -0.00368993 -0.000108615 0.00369007 0.999993 -0.00292387 -0.0451988 -0.175412
FixedParameters: 0 0 0

#Transform 78
Transform: AffineTransform_float_3_3
Parameters: 0.999999 -0.000645582 0.000409244 0.00064642 0.999994 -0.00347274 -0.000407757 0.00347326 0.999994 0.00602182 -0.0364682 -0.165869
FixedParameters: 0 0 0

#Transform 79
Transform: AffineTransform_float_3_3
Parameters: 1 -0.000646365 0.000201053 0.000646635 0.999995 -0.00317487 -0.000198948 0.00317513 0.999995 -0.0115297 -0.0278951 -0.172726
FixedParameters: 0 0 0

#Transform 80
Transform: AffineTransform_float_3_3
Parameters: 0.999999 -0.000644926 0.00065405 0.000647073 0.999995 -0.00317458 -0.000651948 0.00317542 0.999994 0.0015951 -0.0172307 -0.183765
FixedParameters: 0 0 0

#Transform 81
Transform: AffineTransform_float_3_3
Parameters: 1 -0.000646222 0.000246053 0.000646777 0.999995 -0.00317484 -0.000243948 0.00317516 0.999995 -0.00350018 0.00753875 -0.156187
FixedParameters: 0 0 0

#Transform 82
Transform: AffineTransform_float_3_3
Parameters: 1 -0.000646605 0.000110338 0.000646397 0.999994 -0.00361393 -0.000108665 0.00361407 0.999994 -0.0120988 -0.00222923 -0.158297
FixedParameters: 0 0 0

#Transform 83
Transform: AffineTransform_float_3_3
Parameters: 1 -0.000646616 0.000110272 0.000646385 0.999993 -0.00351193 -0.00010873 0.00351207 0.999994 -0.0120996 -0.00553593 -0.157794
FixedParameters: 0 0 0

#Transform 84
Transform: AffineTransform_float_3_3
Parameters: 1 -0.000552485 -0.000167406 0.000552515 0.999995 -0.00288609 0.000168596 0.00288691 0.999996 -0.00965787 -0.00594033 -0.143539
FixedParameters: 0 0 0

#Transform 85
Transform: AffineTransform_float_3_3
Parameters: 1 -0.000379036 0.000466602 0.000380965 0.999991 -0.00421582 -0.000465398 0.00421618 0.999991 -0.0211342 -0.0169241 -0.145803
FixedParameters: 0 0 0

#Transform 86
Transform: AffineTransform_float_3_3
Parameters: 1 -0.000646565 0.000110574 0.000646436 0.999992 -0.00397893 -0.000108429 0.00397907 0.999992 0.0231616 -0.0851851 0.0435541
FixedParameters: 0 0 0

#Transform 87
Transform: AffineTransform_float_3_3
Parameters: 1 -9.33081e-06 0.000551052 1.16689e-05 0.999989 -0.004844 -0.00055095 0.00484401 0.999988 0.0290095 -0.0193054 0.0385411
FixedParameters: 0 0 0

#Transform 88
Transform: AffineTransform_float_3_3
Parameters: 0.999999 -0.000211049 0.000827018 0.000214951 0.999989 -0.00477983 -0.000825982 0.00478018 0.999988 0.0249475 -0.0255025 -0.0359729
FixedParameters: 0 0 0

#Transform 89
Transform: AffineTransform_float_3_3
Parameters: 1 -0.000212578 0.000544951 0.000214423 0.99999 -0.00444988 -0.000544051 0.00444912 0.99999 -0.00270034 -0.0351739 -0.113419
FixedParameters: 0 0 0

#Transform 90
Transform: AffineTransform_float_3_3
Parameters: 1 -0.000212708 0.0005449 0.000215293 0.999991 -0.00420988 -0.000544098 0.00421012 0.999991 0.00783536 -0.0515641 -0.0818291
FixedParameters: 0 0 0

#Transform 91
Transform: AffineTransform_float_3_3
Parameters: 1 -0.000446795 0.000545812 0.000449206 0.999991 -0.00404675 -0.000544187 0.00404624 0.999991 0.000427009 -0.0130851 -0.125511
FixedParameters: 0 0 0

#Transform 92
Transform: AffineTransform_float_3_3
Parameters: 1 -0.000212889 0.00054483 0.000215112 0.999993 -0.00387789 -0.00054417 0.00387712 0.999993 -0.000504531 -0.0124452 -0.15625
FixedParameters: 0 0 0

#Transform 93
Transform: AffineTransform_float_3_3
Parameters: 0.999999 -0.000622912 0.000546389 0.000625087 0.999993 -0.00382966 -0.000543609 0.00383034 0.999992 -0.0019036 -0.0113021 -0.176774
FixedParameters: 0 0 0

#Transform 94
Transform: AffineTransform_float_3_3
Parameters: 0.999999 -0.000420719 0.000662453 0.000423279 0.999994 -0.00344572 -0.000660545 0.00344628 0.999994 0.00843607 -0.0335322 -0.186698
FixedParameters: 0 0 0

#Transform 95
Transform: AffineTransform_float_3_3
Parameters: 1 -0.000308201 0.000545021 0.000309799 0.999995 -0.00330383 -0.000543979 0.00330417 0.999995 0.00643426 -0.0329321 -0.192166
FixedParameters: 0 0 0

#Transform 96
Transform: AffineTransform_float_3_3
Parameters: 0.999999 -0.00062321 0.00054605 0.00062479 0.999995 -0.00328466 -0.00054395 0.00328534 0.999995 0.00979381 -0.0323081 -0.18177
FixedParameters: 0 0 0

#Transform 97
Transform: AffineTransform_float_3_3
Parameters: 0.999999 -0.000434435 0.000733525 0.000437567 0.999994 -0.00350068 -0.000732472 0.00350032 0.999993 0.0181671 -0.0338623 -0.164496
FixedParameters: 0 0 0

#Transform 98
Transform: AffineTransform_float_3_3
Parameters: 0.999999 -0.000697299 0.00020935 0.000697703 0.999994 -0.00336886 -0.000207651 0.00336815 0.999995 0.0238686 -0.0498908 -0.135103
FixedParameters: 0 0 0

#Transform 99
Transform: AffineTransform_float_3_3
Parameters: 1 -0.000622429 0.000824947 0.000624572 0.999995 -0.00312049 -0.000823055 0.00312051 0.999995 0.0271538 -0.0249712 -0.118504
FixedParameters: 0 0 0

#Transform 100
Transform: AffineTransform_float_3_3
Parameters: 0.999999 -0.000623164 0.000546102 0.000624836 0.999994 -0.00336866 -0.000543898 0.00336834 0.999994 0.000988997 -0.017837 -0.0986233
FixedParameters: 0 0 0

#Transform 101
Transform: AffineTransform_float_3_3
Parameters: 1 -0.00106433 0.000547261 0.00106567 0.999994 -0.00306142 -0.00054374 0.00306158 0.999995 0.00813718 -0.0105692 -0.107031
FixedParameters: 0 0 0

#Transform 102
Transform: AffineTransform_float_3_3
Parameters: 1 -0.00104337 0.000547121 0.00104463 0.999995 -0.00298843 -0.000543881 0.00298857 0.999996 -0.000875437 -0.00317914 -0.115121
FixedParameters: 0 0 0

#Transform 103
Transform: AffineTransform_float_3_3
Parameters: 0.999999 -0.000928318 0.000546863 0.000930681 0.999995 -0.00308149 -0.000544134 0.00308251 0.999995 -0.00120138 0.0126198 -0.109453
FixedParameters: 0 0 0

#Transform 104
Transform: AffineTransform_float_3_3
Parameters: 0.999999 -0.000823557 0.000546182 0.000825442 0.999996 -0.00264655 -0.000543817 0.00264745 0.999997 -0.0112252 0.00155917 -0.118658
FixedParameters: 0 0 0

#Transform 105
Transform: AffineTransform_float_3_3
Parameters: 1 -0.00105537 0.000547164 0.00105663 0.999995 -0.00299542 -0.000543838 0.00299558 0.999996 -0.00756395 -0.00841208 -0.13733
FixedParameters: 0 0 0

#Transform 106
Transform: AffineTransform_float_3_3
Parameters: 0.999999 -0.00105491 0.00068623 0.0010571 0.999995 -0.00305828 -0.00068377 0.00305872 0.999995 0.000388066 -0.00868681 -0.138881
FixedParameters: 0 0 0

#Transform 107
Transform: AffineTransform_float_3_3
Parameters: 1 -0.00105533 0.000547231 0.00105667 0.999995 -0.00305842 -0.000543771 0.00305858 0.999995 -0.000378259 -0.00873169 -0.138533
FixedParameters: 0 0 0

#Transform 108
Transform: AffineTransform_float_3_3
Parameters: 0.999999 -0.00105496 0.000788738 0.00105704 0.999996 -0.00259217 -0.000785263 0.00259283 0.999997 0.00103118 -0.00600122 -0.152902
FixedParameters: 0 0 0

#Transform 109
Transform: AffineTransform_float_3_3
Parameters: 1 -0.00105574 0.000546447 0.00105626 0.999997 -0.00231542 -0.000544556 0.00231558 0.999997 -0.000372695 -0.00449135 -0.134772
FixedParameters: 0 0 0

#Transform 110
Transform: AffineTransform_float_3_3
Parameters: 0.999999 -0.00105423 0.00115554 0.00105677 0.999996 -0.00240078 -0.00115347 0.00240222 0.999997 0.00303171 0.00246744 -0.120212
FixedParameters: 0 0 0

#Transform 111
Transform: AffineTransform_float_3_3
Parameters: 1 -0.00096661 0.000546468 0.000967393 0.999997 -0.00255147 -0.000544534 0.00255153 0.999996 -0.000824451 0.0015524 -0.124129
FixedParameters: 0 0 0

#Transform 112
Transform: AffineTransform_float_3_3
Parameters: 0.999999 -0.00114349 0.000547168 0.00114551 0.999995 -0.00276837 -0.000543831 0.00276862 0.999996 -2.04544e-05 0.0170804 -0.120984
FixedParameters: 0 0 0

#Transform 113
Transform: AffineTransform_float_3_3
Parameters: 0.999999 -0.00105522 0.000689728 0.00105678 0.999996 -0.00258227 -0.000687274 0.00258273 0.999997 0.00041047 0.0234595 -0.120304
FixedParameters: 0 0 0

#Transform 114
Transform: AffineTransform_float_3_3
Parameters: 1 -0.000935097 0.000665683 0.000936903 0.999996 -0.00286638 -0.000662317 0.00286662 0.999995 -0.000327707 0.0200575 -0.121737
FixedParameters: 0 0 0

#Transform 115
Transform: AffineTransform_float_3_3
Parameters: 1 -0.00105544 0.000547029 0.00105656 0.999996 -0.00286742 -0.000543973 0.00286758 0.999995 -0.000377405 0.0161996 -0.101389
FixedParameters: 0 0 0

#Transform 116
Transform: AffineTransform_float_3_3
Parameters: 1 -0.00105527 0.000547358 0.00105673 0.999995 -0.00317942 -0.000543643 0.00317958 0.999995 -0.000395816 0.0337404 -0.102987
FixedParameters: 0 0 0

#Transform 117
Transform: AffineTransform_float_3_3
Parameters: 1 -0.00105494 0.000547991 0.00105706 0.999993 -0.00377942 -0.000544008 0.00378058 0.999992 -0.000364643 -0.000329057 -0.106368
FixedParameters: 0 0 0

#Transform 118
Transform: AffineTransform_float_3_3
Parameters: 0.999999 -0.00110614 0.000547765 0.00110786 0.999993 -0.00340039 -0.000544235 0.0034016 0.999994 -0.000186011 0.0152767 -0.104289
FixedParameters: 0 0 0

#Transform 119
Transform: AffineTransform_float_3_3
Parameters: 0.999999 -0.00105443 0.000678018 0.00105657 0.999992 -0.00380529 -0.000673985 0.00380572 0.999993 0.000392518 -0.00674445 -0.11974
FixedParameters: 0 0 0

#Transform 120
Transform: AffineTransform_float_3_3
Parameters: 0.999999 -0.00105458 0.000671813 0.00105642 0.999993 -0.00361129 -0.00066819 0.00361171 0.999994 0.000315619 -0.0210616 -0.127204
FixedParameters: 0 0 0

#Transform 121
Transform: AffineTransform_float_3_3
Parameters: 1 -0.00105527 0.000547351 0.00105673 0.999995 -0.00317242 -0.000543651 0.00317258 0.999995 -0.000377375 0.00106583 -0.117871
FixedParameters: 0 0 0

#Transform 122
Transform: AffineTransform_float_3_3
Parameters: 0.999999 -0.00141836 0.000548271 0.00141964 0.999995 -0.00300923 -0.00054373 0.00300978 0.999996 0.00144157 0.00894392 -0.059819
FixedParameters: 0 0 0

#Transform 123
Transform: AffineTransform_float_3_3
Parameters: 0.999998 -0.00152257 0.000547995 0.00152343 0.999996 -0.00262217 -0.000544007 0.00262283 0.999997 0.0269397 0.0155035 -0.0157673
FixedParameters: 0 0 0

#Transform 124
Transform: AffineTransform_float_3_3
Parameters: 0.999998 -0.00152249 0.000548214 0.00152351 0.999995 -0.00276617 -0.000543786 0.00276783 0.999996 0.0230997 0.00507933 -0.111118
FixedParameters: 0 0 0

#Transform 125
Transform: AffineTransform_float_3_3
Parameters: 0.999999 -0.0014676 0.000147976 0.0014674 0.999996 -0.00270879 -0.000144025 0.00270922 0.999997 0.0205937 0.031188 0.00165092
FixedParameters: 0 0 0

#Transform 126
Transform: AffineTransform_float_3_3
Parameters: 0.999999 -0.00129711 -4.15965e-05 0.00129689 0.999995 -0.00262405 4.44031e-05 0.00262394 0.999996 -0.00119645 0.0306654 -0.0998429
FixedParameters: 0 0 0

#Transform 127
Transform: AffineTransform_float_3_3
Parameters: 0.999999 -0.00129617 0.00023853 0.00129682 0.999993 -0.00349369 -0.000233471 0.00349331 0.999994 -0.0122903 -0.00800596 -0.185988
FixedParameters: 0 0 0

#Transform 128
Transform: AffineTransform_float_3_3
Parameters: 0.999999 -0.00135117 -3.94294e-05 0.00135183 0.99999 -0.00412305 4.45739e-05 0.00412294 0.999991 -0.0236862 -0.0350786 -0.202106
FixedParameters: 0 0 0

#Transform 129
Transform: AffineTransform_float_3_3
Parameters: 0.999999 -0.00120426 0.000388446 0.00120574 0.999989 -0.00451853 -0.000382556 0.00451846 0.999989 -0.0218731 -0.0319577 -0.191746
FixedParameters: 0 0 0

#Transform 130
Transform: AffineTransform_float_3_3
Parameters: 0.999999 -0.00117837 0.000575417 0.00118163 0.999989 -0.00459132 -0.000569581 0.00459168 0.99999 -0.0210096 -0.0306185 -0.184776
FixedParameters: 0 0 0

#Transform 131
Transform: AffineTransform_float_3_3
Parameters: 0.999999 -0.00129313 0.000874749 0.00129687 0.99999 -0.00443887 -0.000869251 0.00444013 0.99999 -0.018697 -0.0313816 -0.169444
FixedParameters: 0 0 0

#Transform 132
Transform: AffineTransform_float_3_3
Parameters: 0.999999 -0.00129525 0.000401674 0.00129675 0.999989 -0.00437748 -0.000396328 0.00437752 0.999991 -0.0113285 -0.0284534 -0.0982592
FixedParameters: 0 0 0

#Transform 133
Transform: AffineTransform_float_3_3
Parameters: 0.999999 -0.00129548 0.000415753 0.00129651 0.999993 -0.00366647 -0.000410248 0.00366754 0.999993 -0.00893547 -0.00192447 -0.10668
FixedParameters: 0 0 0

#Transform 134
Transform: AffineTransform_float_3_3
Parameters: 0.999999 -0.00119456 0.000339128 0.00119544 0.99999 -0.0042896 -0.000333874 0.0042904 0.99999 -0.0121194 -0.00186504 -0.0976557
FixedParameters: 0 0 0

#Transform 135
Transform: AffineTransform_float_3_3
Parameters: 0.999999 -0.00122294 0.000438784 0.00122506 0.999988 -0.00472547 -0.000432215 0.00472653 0.999988 -0.0108219 0.00271424 -0.131422
FixedParameters: 0 0 0

#Transform 136
Transform: AffineTransform_float_3_3
Parameters: 1 -0.000917902 0.000600762 0.000921101 0.999986 -0.00517845 -0.000596239 0.00517855 0.999987 -0.0223136 0.0150101 -0.149128
FixedParameters: 0 0 0

#Transform 137
Transform: AffineTransform_float_3_3
Parameters: 1 -0.0010087 0.000416614 0.0010103 0.999984 -0.00555859 -0.000410391 0.00555842 0.999985 -0.0252975 -0.00511999 -0.174976
FixedParameters: 0 0 0

#Transform 138
Transform: AffineTransform_float_3_3
Parameters: 0.999999 -0.00113522 0.000510241 0.00113778 0.999985 -0.00549042 -0.000503761 0.00549058 0.999985 -0.0215485 -0.0336495 -0.16897
FixedParameters: 0 0 0

#Transform 139
Transform: AffineTransform_float_3_3
Parameters: 0.999999 -0.000580596 0.000652047 0.000584404 0.999986 -0.00523262 -0.00064895 0.00523338 0.999986 -0.0236414 -0.0606211 -0.181703
FixedParameters: 0 0 0

#Transform 140
Transform: AffineTransform_float_3_3
Parameters: 1 -0.00107495 0.000523313 0.00107805 0.999982 -0.00586444 -0.000516687 0.00586456 0.999982 -0.0191181 -0.0497554 -0.191337
FixedParameters: 0 0 0

#Transform 141
Transform: AffineTransform_float_3_3
Parameters: 1 -0.00100784 0.00052313 0.00101116 0.999981 -0.00607248 -0.00051687 0.00607253 0.999982 -0.0219821 -0.0498141 -0.173719
FixedParameters: 0 0 0

#Transform 142
Transform: AffineTransform_float_3_3
Parameters: 0.999999 -0.00124989 0.000524468 0.00125311 0.999982 -0.00596735 -0.000516532 0.00596765 0.999982 -0.0207377 -0.0498384 -0.191825
FixedParameters: 0 0 0

#Transform 143
Transform: AffineTransform_float_3_3
Parameters: 1 -0.000791578 0.000773552 0.000796425 0.999983 -0.00573339 -0.000769446 0.00573462 0.999984 -0.0117972 -0.039113 -0.191063
FixedParameters: 0 0 0

#Transform 144
Transform: AffineTransform_float_3_3
Parameters: 0.999999 -0.00116174 0.000436068 0.00116426 0.999985 -0.0052175 -0.000430931 0.0052185 0.999987 -0.0111927 -0.0346385 -0.158557
FixedParameters: 0 0 0

#Transform 145
Transform: AffineTransform_float_3_3
Parameters: 1 -0.000889384 0.000521488 0.000892614 0.999987 -0.00503854 -0.000516509 0.00503946 0.999987 -0.0127774 -0.0418073 -0.155291
FixedParameters: 0 0 0

#Transform 146
Transform: AffineTransform_float_3_3
Parameters: 0.999999 -0.000890037 0.000360877 0.000891962 0.999984 -0.00547368 -0.000356123 0.00547332 0.999985 -0.0201204 -0.0383456 -0.159324
FixedParameters: 0 0 0

#Transform 147
Transform: AffineTransform_float_3_3
Parameters: 1 -0.000889624 0.000433907 0.000892378 0.999985 -0.00550862 -0.00042909 0.00550939 0.999984 -0.0126361 -0.0356939 -0.15769
FixedParameters: 0 0 0

#Transform 148
Transform: AffineTransform_float_3_3
Parameters: 1 -0.00111255 0.000297487 0.00111446 0.999987 -0.00492867 -0.00029251 0.00492933 0.999988 -0.019429 -0.0404895 -0.154483
FixedParameters: 0 0 0

#Transform 149
Transform: AffineTransform_float_3_3
Parameters: 1 -0.000870339 0.000521466 0.000872658 0.999986 -0.00512354 -0.000516535 0.00512445 0.999986 -0.0167518 -0.019334 -0.155701
FixedParameters: 0 0 0

#Transform 150
Transform: AffineTransform_float_3_3
Parameters: 1 -0.000869992 0.000522046 0.000873008 0.999983 -0.00578955 -0.000516954 0.00579045 0.999983 -0.0226814 -0.0518305 -0.161464
FixedParameters: 0 0 0

#Transform 151
Transform: AffineTransform_float_3_3
Parameters: 0.999999 -0.00116739 0.000522873 0.00116961 0.999986 -0.00502439 -0.000516129 0.00502561 0.999987 -0.0211856 -0.034497 -0.15517
FixedParameters: 0 0 0

#Transform 152
Transform: AffineTransform_float_3_3
Parameters: 0.999999 -0.00127803 0.000216784 0.00127897 0.999989 -0.00452373 -0.000211216 0.00452427 0.999989 -0.022466 -0.0154471 -0.13886
FixedParameters: 0 0 0

#Transform 153
Transform: AffineTransform_float_3_3
Parameters: 1 -0.000990579 0.000521625 0.000993419 0.999988 -0.00466248 -0.000516374 0.00466251 0.999989 -0.008956 -0.0169879 -0.13687
FixedParameters: 0 0 0

#Transform 154
Transform: AffineTransform_float_3_3
Parameters: 0.999999 -0.00127321 0.000386952 0.00127479 0.999989 -0.00467151 -0.000381049 0.00467149 0.999989 -0.00783615 -0.0075407 -0.155682
FixedParameters: 0 0 0

#Transform 155
Transform: AffineTransform_float_3_3
Parameters: 0.999999 -0.00125347 0.000523098 0.00125553 0.999988 -0.00485935 -0.000516905 0.00485965 0.999988 -0.00958791 -0.0143411 -0.171556
FixedParameters: 0 0 0

#Transform 156
Transform: AffineTransform_float_3_3
Parameters: 0.999999 -0.00130138 0.000361889 0.00130262 0.999989 -0.00452253 -0.000356111 0.00452347 0.999989 -0.0180963 -0.00502193 -0.162995
FixedParameters: 0 0 0

#Transform 157
Transform: AffineTransform_float_3_3
Parameters: 1 -0.00113443 0.000379718 0.00113557 0.99999 -0.00415557 -0.000375284 0.00415643 0.999992 -0.022223 -0.00670501 -0.158919
FixedParameters: 0 0 0

#Transform 158
Transform: AffineTransform_float_3_3
Parameters: 1 -0.000973565 0.00052157 0.000976432 0.999988 -0.00468749 -0.000516428 0.0046885 0.999989 -0.0222724 -0.0240653 -0.169314
FixedParameters: 0 0 0

#Transform 159
Transform: AffineTransform_float_3_3
Parameters: 0.999999 -0.00117163 0.000522357 0.00117337 0.999989 -0.00456739 -0.000516647 0.00456761 0.99999 -0.021218 -0.0101503 -0.168499
FixedParameters: 0 0 0

#Transform 160
Transform: AffineTransform_float_3_3
Parameters: 1 -0.00112658 0.00032988 0.00112842 0.99999 -0.00432863 -0.000325119 0.00432837 0.99999 -0.022666 0.0048377 -0.156297
FixedParameters: 0 0 0

#Transform 161
Transform: AffineTransform_float_3_3
Parameters: 1 -0.000998583 0.000687988 0.00100242 0.999987 -0.00498532 -0.000683012 0.00498569 0.999988 -0.0212193 -0.00684781 -0.161205
FixedParameters: 0 0 0

#Transform 162
Transform: AffineTransform_float_3_3
Parameters: 0.999999 -0.00140033 0.000524195 0.00140267 0.999986 -0.00513327 -0.000516806 0.00513373 0.999986 -0.0200043 -0.00933778 -0.154626
FixedParameters: 0 0 0

#Transform 163
Transform: AffineTransform_float_3_3
Parameters: 0.999999 -0.000873622 0.000521006 0.000876377 0.999989 -0.00457955 -0.000516991 0.00458046 0.99999 -0.067234 0.0194726 -0.151543
FixedParameters: 0 0 0

#Transform 164
Transform: AffineTransform_float_3_3
Parameters: 0.999999 -0.000723611 0.000520338 0.000726387 0.999989 -0.00460563 -0.00051666 0.00460638 0.99999 -0.0311937 0.000913178 -0.119784
FixedParameters: 0 0 0

#Transform 165
Transform: AffineTransform_float_3_3
Parameters: 0.999999 -0.000723154 0.000520972 0.000725845 0.999984 -0.00548162 -0.000517028 0.00548237 0.999985 -0.0387817 -0.00541752 -0.165318
FixedParameters: 0 0 0

#Transform 166
Transform: AffineTransform_float_3_3
Parameters: 0.999999 -0.000720627 0.00105668 0.000726375 0.999987 -0.00509324 -0.00105331 0.00509376 0.999987 -0.0356504 -0.00638614 -0.176298
FixedParameters: 0 0 0

#Transform 167
Transform: AffineTransform_float_3_3
Parameters: 1 -0.000722302 0.000655101 0.000725698 0.999983 -0.00566252 -0.000650902 0.00566247 0.999984 -0.0278793 -0.0300285 -0.189728
FixedParameters: 0 0 0

#Transform 168
Transform: AffineTransform_float_3_3
Parameters: 0.999999 -0.000904283 0.000521736 0.000906712 0.999986 -0.00522953 -0.000516265 0.00523047 0.999986 -0.0248206 -0.0455506 -0.176211
FixedParameters: 0 0 0

#Transform 169
Transform: AffineTransform_float_3_3
Parameters: 0.999999 -0.00120545 0.0009759 0.00121055 0.999983 -0.00570983 -0.000969104 0.00571018 0.999983 -0.0222093 -0.0215881 -0.179354
FixedParameters: 0 0 0

#Transform 170
Transform: AffineTransform_float_3_3
Parameters: 0.999999 -0.00123222 0.000523589 0.00123478 0.999985 -0.00534136 -0.000516411 0.00534264 0.999985 -0.0105219 -0.0368225 -0.0945572
FixedParameters: 0 0 0

#Transform 171
Transform: AffineTransform_float_3_3
Parameters: 0.999999 -0.00123466 5.86942e-05 0.00123534 0.99998 -0.00623093 -5.13035e-05 0.00623106 0.99998 -0.00502157 -0.0221528 0.0893775
FixedParameters: 0 0 0

#Transform 172
Transform: AffineTransform_float_3_3
Parameters: 0.999999 -0.00123109 0.000590216 0.0012349 0.999977 -0.00666328 -0.000581784 0.00666372 0.999977 -0.0165746 -0.0186281 -0.10694
FixedParameters: 0 0 0

#Transform 173
Transform: AffineTransform_float_3_3
Parameters: 1 -0.00112849 0.000369747 0.00113051 0.999976 -0.00685659 -0.000362258 0.00685642 0.999977 -0.0219382 -0.0206083 -0.125403
FixedParameters: 0 0 0

#Transform 174
Transform: AffineTransform_float_3_3
Parameters: 0.999999 -0.00123443 0.000103051 0.00123557 0.999983 -0.00571087 -9.59451e-05 0.00571112 0.999983 -0.00486059 0.0135472 0.00409894
FixedParameters: 0 0 0

#Transform 175
Transform: AffineTransform_float_3_3
Parameters: 1 -0.000442837 0.000519711 0.000446158 0.999982 -0.00610077 -0.000516288 0.00610123 0.999982 -0.0305417 -0.0460238 -0.230122
FixedParameters: 0 0 0

#Transform 176
Transform: AffineTransform_float_3_3
Parameters: 0.999999 -0.00021855 0.00106256 0.000226445 0.999976 -0.00701576 -0.00106044 0.00701624 0.999975 -0.0479054 -0.0691886 -0.387881
FixedParameters: 0 0 0

#Transform 177
Transform: AffineTransform_float_3_3
Parameters: 0.999999 -0.00021599 0.000964296 0.000226006 0.999946 -0.0103918 -0.000961702 0.0103922 0.999945 -0.0736072 -0.1069 -0.67546
FixedParameters: 0 0 0

#Transform 178
Transform: AffineTransform_float_3_3
Parameters: 1 -0.00030955 0.00114217 0.000321449 0.999949 -0.0100386 -0.00113883 0.0100384 0.999949 -0.0704382 -0.11653 -0.646995
FixedParameters: 0 0 0

#Transform 179
Transform: AffineTransform_float_3_3
Parameters: 1 -0.000390833 0.00108509 0.000402165 0.999947 -0.0103096 -0.00108091 0.0103104 0.999947 -0.0613598 -0.122194 -0.643402
FixedParameters: 0 0 0
