# transform file /out/sourcedata/freesurfer/sub-v1s15x0050196_ses-1/mri/transforms/cc_up.lta
# created by oesteban on Sun Mar  8 22:03:26 2026

type      = 0 # LINEAR_VOX_TO_VOX
nxforms   = 1
mean      = 128.0000 88.0000 129.0000
sigma     = 10000.0000
1 4 4
9.964373111724854e-01 -1.482914481312037e-02 8.302345126867294e-02 -8.800853729248047e+00 
1.477793790400028e-02 9.998900294303894e-01 1.231302157975733e-03 5.596343612670898e+01 
-8.303258568048477e-02 0.000000000000000e+00 9.965469241142273e-01 1.505636787414551e+01 
0.000000000000000e+00 0.000000000000000e+00 0.000000000000000e+00 1.000000000000000e+00 
src volume info
valid = 1  # volume info valid
filename = /out/sourcedata/freesurfer/sub-v1s15x0050196_ses-1/mri/norm.mgz
volume = 256 256 256
voxelsize = 1.000000000000000e+00 1.000000000000000e+00 1.000000000000000e+00
xras   = -1.000000000000000e+00 0.000000000000000e+00 0.000000000000000e+00
yras   = 0.000000000000000e+00 0.000000000000000e+00 -1.000000000000000e+00
zras   = 0.000000000000000e+00 1.000000000000000e+00 0.000000000000000e+00
cras   = 2.843498229980469e+00 5.188003540039062e+00 -3.934399414062500e+01
dst volume info
valid = 1  # volume info valid
filename = /out/sourcedata/freesurfer/sub-v1s15x0050196_ses-1/mri/norm.mgz
volume = 256 256 256
voxelsize = 1.000000000000000e+00 1.000000000000000e+00 1.000000000000000e+00
xras   = -1.000000000000000e+00 0.000000000000000e+00 0.000000000000000e+00
yras   = 0.000000000000000e+00 0.000000000000000e+00 -1.000000000000000e+00
zras   = 0.000000000000000e+00 1.000000000000000e+00 0.000000000000000e+00
cras   = 2.843498229980469e+00 5.188003540039062e+00 -3.934399414062500e+01
