# transform file /out/sourcedata/freesurfer/sub-v1s15x0050216_ses-1/mri/transforms/cc_up.lta
# created by oesteban on Sun Mar  8 23:36:45 2026

type      = 0 # LINEAR_VOX_TO_VOX
nxforms   = 1
mean      = 128.0000 102.0000 127.0000
sigma     = 10000.0000
1 4 4
9.911467432975769e-01 -1.043378710746765e-01 -8.210817724466324e-02 2.135208511352539e+01 
1.039816811680794e-01 9.945419430732727e-01 -8.614009246230125e-03 3.044445228576660e+01 
8.255879580974579e-02 9.313225746154785e-10 9.965862035751343e-01 -6.975683689117432e+00 
0.000000000000000e+00 0.000000000000000e+00 0.000000000000000e+00 1.000000000000000e+00 
src volume info
valid = 1  # volume info valid
filename = /out/sourcedata/freesurfer/sub-v1s15x0050216_ses-1/mri/norm.mgz
volume = 256 256 256
voxelsize = 1.000000000000000e+00 1.000000000000000e+00 1.000000000000000e+00
xras   = -1.000000000000000e+00 0.000000000000000e+00 0.000000000000000e+00
yras   = 0.000000000000000e+00 0.000000000000000e+00 -1.000000000000000e+00
zras   = 0.000000000000000e+00 1.000000000000000e+00 0.000000000000000e+00
cras   = 9.875000000000000e+00 1.034400177001953e+01 -1.778199768066406e+01
dst volume info
valid = 1  # volume info valid
filename = /out/sourcedata/freesurfer/sub-v1s15x0050216_ses-1/mri/norm.mgz
volume = 256 256 256
voxelsize = 1.000000000000000e+00 1.000000000000000e+00 1.000000000000000e+00
xras   = -1.000000000000000e+00 0.000000000000000e+00 0.000000000000000e+00
yras   = 0.000000000000000e+00 0.000000000000000e+00 -1.000000000000000e+00
zras   = 0.000000000000000e+00 1.000000000000000e+00 0.000000000000000e+00
cras   = 9.875000000000000e+00 1.034400177001953e+01 -1.778199768066406e+01
