# transform file /out/sourcedata/freesurfer/sub-v1s15x0050184_ses-1/mri/transforms/cc_up.lta
# created by oesteban on Sun Mar  8 22:03:59 2026

type      = 0 # LINEAR_VOX_TO_VOX
nxforms   = 1
mean      = 129.0000 107.0000 125.0000
sigma     = 10000.0000
1 4 4
9.997035264968872e-01 2.343023568391800e-02 -6.640302482992411e-03 -3.519508600234985e+00 
-2.342971786856651e-02 9.997255802154541e-01 1.556265488034114e-04 4.303478240966797e+01 
6.642126012593508e-03 0.000000000000000e+00 9.999780058860779e-01 1.614406394958496e+01 
0.000000000000000e+00 0.000000000000000e+00 0.000000000000000e+00 1.000000000000000e+00 
src volume info
valid = 1  # volume info valid
filename = /out/sourcedata/freesurfer/sub-v1s15x0050184_ses-1/mri/norm.mgz
volume = 256 256 256
voxelsize = 1.000000000000000e+00 1.000000000000000e+00 1.000000000000000e+00
xras   = -1.000000000000000e+00 0.000000000000000e+00 0.000000000000000e+00
yras   = 0.000000000000000e+00 0.000000000000000e+00 -1.000000000000000e+00
zras   = 0.000000000000000e+00 1.000000000000000e+00 0.000000000000000e+00
cras   = 4.718498229980469e+00 1.362500000000000e+01 -3.512530517578125e+01
dst volume info
valid = 1  # volume info valid
filename = /out/sourcedata/freesurfer/sub-v1s15x0050184_ses-1/mri/norm.mgz
volume = 256 256 256
voxelsize = 1.000000000000000e+00 1.000000000000000e+00 1.000000000000000e+00
xras   = -1.000000000000000e+00 0.000000000000000e+00 0.000000000000000e+00
yras   = 0.000000000000000e+00 0.000000000000000e+00 -1.000000000000000e+00
zras   = 0.000000000000000e+00 1.000000000000000e+00 0.000000000000000e+00
cras   = 4.718498229980469e+00 1.362500000000000e+01 -3.512530517578125e+01
