# transform file /out/sourcedata/freesurfer/sub-v1s15x0050192_ses-1/mri/transforms/cc_up.lta
# created by oesteban on Sun Mar  8 22:05:16 2026

type      = 0 # LINEAR_VOX_TO_VOX
nxforms   = 1
mean      = 128.0000 125.0000 115.0000
sigma     = 10000.0000
1 4 4
9.974800348281860e-01 -5.758720636367798e-02 -4.144068807363510e-02 1.477259826660156e+01 
5.753757059574127e-02 9.983404874801636e-01 -2.390420064330101e-03 3.214880704879761e+00 
4.150957241654396e-02 -2.328306436538696e-10 9.991381168365479e-01 1.987485694885254e+01 
0.000000000000000e+00 0.000000000000000e+00 0.000000000000000e+00 1.000000000000000e+00 
src volume info
valid = 1  # volume info valid
filename = /out/sourcedata/freesurfer/sub-v1s15x0050192_ses-1/mri/norm.mgz
volume = 256 256 256
voxelsize = 1.000000000000000e+00 1.000000000000000e+00 1.000000000000000e+00
xras   = -1.000000000000000e+00 0.000000000000000e+00 0.000000000000000e+00
yras   = 0.000000000000000e+00 0.000000000000000e+00 -1.000000000000000e+00
zras   = 0.000000000000000e+00 1.000000000000000e+00 0.000000000000000e+00
cras   = 3.780998229980469e+00 2.300000000000000e+01 -6.063003540039062e+00
dst volume info
valid = 1  # volume info valid
filename = /out/sourcedata/freesurfer/sub-v1s15x0050192_ses-1/mri/norm.mgz
volume = 256 256 256
voxelsize = 1.000000000000000e+00 1.000000000000000e+00 1.000000000000000e+00
xras   = -1.000000000000000e+00 0.000000000000000e+00 0.000000000000000e+00
yras   = 0.000000000000000e+00 0.000000000000000e+00 -1.000000000000000e+00
zras   = 0.000000000000000e+00 1.000000000000000e+00 0.000000000000000e+00
cras   = 3.780998229980469e+00 2.300000000000000e+01 -6.063003540039062e+00
