#Insight Transform File V1.0
#Transform 0
Transform: AffineTransform_float_3_3
Parameters: 0.999999 0.000709985 -1.28726e-05 -0.000710015 0.999999 -0.00122899 1.21274e-05 0.00122901 0.999999 -0.0524053 0.0178367 -0.15768
FixedParameters: 0 0 0

#Transform 1
Transform: AffineTransform_float_3_3
Parameters: 1 0.000395827 -0.000308222 -0.000396173 1 -0.000561878 0.000308777 0.000562122 1 -0.051763 0.00341645 -0.187166
FixedParameters: 0 0 0

#Transform 2
Transform: AffineTransform_float_3_3
Parameters: 1 0.00017863 -0.000524126 -0.000178369 0.999999 -0.000704906 0.000523874 0.000705093 0.999999 -0.0361633 0.00337529 -0.199124
FixedParameters: 0 0 0

#Transform 3
Transform: AffineTransform_float_3_3
Parameters: 1 0.000178725 -0.00019725 -0.000179275 0.999999 -0.00139696 0.00019675 0.00139604 0.999999 -0.040574 0.0230434 -0.171719
FixedParameters: 0 0 0

#Transform 4
Transform: AffineTransform_float_3_3
Parameters: 1 0.00017943 0.000436824 -0.000178569 0.999999 -0.000985078 -0.000437176 0.000984922 1 -0.041269 0.0215299 -0.135542
FixedParameters: 0 0 0

#Transform 5
Transform: AffineTransform_float_3_3
Parameters: 1 6.33588e-06 0.000340994 -5.66411e-06 0.999999 -0.000985002 -0.000341006 0.000984998 1 -0.0219031 -0.0130438 -0.212748
FixedParameters: 0 0 0

#Transform 6
Transform: AffineTransform_float_3_3
Parameters: 1 -4.76394e-05 0.000366047 4.73605e-05 0.999999 -0.000984983 -0.000365954 0.000985017 1 -0.0228709 0.0020708 -0.16617
FixedParameters: 0 0 0

#Transform 7
Transform: AffineTransform_float_3_3
Parameters: 0.999999 -0.000258457 0.000954147 0.000259542 1 -0.000568753 -0.000953852 0.000569247 1 -0.00928142 -0.00016502 -0.142087
FixedParameters: 0 0 0

#Transform 8
Transform: AffineTransform_float_3_3
Parameters: 1 -0.000258681 0.00102608 0.000259319 1 -0.000310734 -0.00102592 0.000311266 1 0.00206387 -0.0248631 -0.120265
FixedParameters: 0 0 0

#Transform 9
Transform: AffineTransform_float_3_3
Parameters: 1 -0.000156196 0.000954133 0.000156804 0.999999 -0.000842851 -0.000953869 0.000843149 0.999999 -0.00892758 -0.00470502 -0.0723275
FixedParameters: 0 0 0

#Transform 10
Transform: AffineTransform_float_3_3
Parameters: 1 4.72164e-05 0.000697985 -4.67836e-05 1 -0.000310033 -0.000698014 0.000309967 0.999999 0.023074 0.013216 -0.0741508
FixedParameters: 0 0 0

#Transform 11
Transform: AffineTransform_float_3_3
Parameters: 1 0.000114353 0.000552927 -0.000113647 1 -0.000639063 -0.000553072 0.000638936 0.999999 0.0139389 -0.028095 -0.114399
FixedParameters: 0 0 0

#Transform 12
Transform: AffineTransform_float_3_3
Parameters: 1 0.000121154 0.000382951 -0.000120846 1 -0.000401046 -0.000383048 0.000400954 1 0.00614873 -0.00204355 -0.132752
FixedParameters: 0 0 0

#Transform 13
Transform: AffineTransform_float_3_3
Parameters: 1 0.000245354 0.000552843 -0.000244645 1 -0.000641135 -0.000553157 0.000640864 0.999999 0.00281863 0.00480379 -0.0916585
FixedParameters: 0 0 0

#Transform 14
Transform: AffineTransform_float_3_3
Parameters: 1 -0.00025887 0.000201167 0.00025913 1 -0.000644948 -0.000200833 0.000645052 1 -0.00819766 -0.029138 -0.146149
FixedParameters: 0 0 0

#Transform 15
Transform: AffineTransform_float_3_3
Parameters: 1 -0.000162936 0.000103102 0.000163064 1 -0.000623983 -0.000102898 0.000624017 1 -0.0219529 0.0132051 -0.0506657
FixedParameters: 0 0 0

#Transform 16
Transform: AffineTransform_float_3_3
Parameters: 1 -0.000258935 0.000103164 0.000259065 1 -0.000631973 -0.000102836 0.000632026 1 -0.00138423 0.00512584 -0.0377357
FixedParameters: 0 0 0

#Transform 17
Transform: AffineTransform_float_3_3
Parameters: 1 -0.000441301 -0.000305565 0.000440698 1 -0.000985135 0.000306434 0.000984865 0.999999 -0.0206343 -0.0149743 -0.0459525
FixedParameters: 0 0 0

#Transform 18
Transform: AffineTransform_float_3_3
Parameters: 1 -0.000106953 4.81053e-05 0.000107047 0.999999 -0.000984994 -4.78946e-05 0.000985004 0.999999 -0.0213902 0.029295 0.0175233
FixedParameters: 0 0 0

#Transform 19
Transform: AffineTransform_float_3_3
Parameters: 1 0.000114009 2.09514e-05 -0.000113991 1 -0.000426002 -2.10486e-05 0.000425998 1 -0.00025641 0.0277543 0.0363029
FixedParameters: 0 0 0

#Transform 20
Transform: AffineTransform_float_3_3
Parameters: 1 8.19754e-05 -0.000127016 -8.20246e-05 1 -0.00019399 0.000126984 0.00019401 1 -0.0018195 0.00842041 0.00368633
FixedParameters: 0 0 0

#Transform 21
Transform: AffineTransform_float_3_3
Parameters: 1 -0.000259113 -0.000306904 0.000258887 1 -0.000369079 0.000307095 0.00036892 1 -0.0284538 0.0192989 0.000161918
FixedParameters: 0 0 0

#Transform 22
Transform: AffineTransform_float_3_3
Parameters: 1 -0.000259156 -0.000219816 0.000258844 0.999999 -0.000709057 0.000220183 0.000708943 0.999999 -0.0206025 0.0355812 0.0339
FixedParameters: 0 0 0

#Transform 23
Transform: AffineTransform_float_3_3
Parameters: 0.999999 -0.000709194 -0.00030655 0.000708805 0.999999 -0.000634217 0.00030645 0.000634782 1 -0.0211022 0.00520611 0.0432245
FixedParameters: 0 0 0

#Transform 24
Transform: AffineTransform_float_3_3
Parameters: 0.999999 -0.000651177 -0.000306623 0.000650823 0.999999 -0.000578199 0.000306376 0.0005778 1 -0.0210169 0.0382127 0.0591152
FixedParameters: 0 0 0

#Transform 25
Transform: AffineTransform_float_3_3
Parameters: 1 -0.000132379 -0.000425883 0.000131621 0.999999 -0.000889056 0.000426117 0.000888944 1 -0.0195809 0.032969 0.086605
FixedParameters: 0 0 0

#Transform 26
Transform: AffineTransform_float_3_3
Parameters: 0.999999 -0.000582444 -0.000727643 0.000581555 0.999999 -0.000611423 0.000727355 0.000610576 0.999999 -0.00118634 0.00705043 0.000897891
FixedParameters: 0 0 0

#Transform 27
Transform: AffineTransform_float_3_3
Parameters: 0.999999 -0.000372468 -0.000614716 0.000371531 0.999999 -0.000762228 0.000615283 0.00076177 0.999999 0.00141403 0.00911232 -0.0396032
FixedParameters: 0 0 0

#Transform 28
Transform: AffineTransform_float_3_3
Parameters: 0.999999 -0.000535075 -0.000493918 0.000534925 1 -0.000152264 0.000494081 0.000151736 1 0.000638648 0.000490826 -0.00671789
FixedParameters: 0 0 0

#Transform 29
Transform: AffineTransform_float_3_3
Parameters: 1 -0.00107307 -0.000306755 0.00107293 1 -0.000228329 0.000306245 0.000227672 1 0.0161136 -0.0140563 -0.0615037
FixedParameters: 0 0 0

#Transform 30
Transform: AffineTransform_float_3_3
Parameters: 0.999999 -0.000893971 9.92529e-05 0.000894027 0.999999 -0.000282911 -9.87469e-05 0.000283088 1 0.0166505 0.0243153 0.00287159
FixedParameters: 0 0 0

#Transform 31
Transform: AffineTransform_float_3_3
Parameters: 0.999999 -0.00124303 0.000417914 0.00124297 0.999999 6.95195e-05 -0.000418087 -6.94804e-05 1 0.0274597 -0.00926562 -0.043146
FixedParameters: 0 0 0

#Transform 32
Transform: AffineTransform_float_3_3
Parameters: 0.999998 -0.00180835 0.000701107 0.00180765 0.999998 0.000494268 -0.000701892 -0.000492732 0.999999 0.0600401 -0.03467 -0.119356
FixedParameters: 0 0 0

#Transform 33
Transform: AffineTransform_float_3_3
Parameters: 0.999996 -0.0021278 0.00146584 0.0021272 0.999997 0.00054512 -0.00146616 -0.000541882 0.999999 0.09759 -0.0196244 -0.105813
FixedParameters: 0 0 0

#Transform 34
Transform: AffineTransform_float_3_3
Parameters: 0.999997 -0.00212774 0.00127176 0.00212726 0.999997 0.000583707 -0.00127324 -0.000581292 0.999999 0.0983115 -0.0164947 -0.123287
FixedParameters: 0 0 0

#Transform 35
Transform: AffineTransform_float_3_3
Parameters: 0.999996 -0.00271273 0.00127145 0.00271227 0.999996 0.000574451 -0.00127356 -0.000571548 0.999999 0.105966 -0.0427878 -0.203511
FixedParameters: 0 0 0

#Transform 36
Transform: AffineTransform_float_3_3
Parameters: 0.999996 -0.00249427 0.00127246 0.00249373 0.999997 0.000217174 -0.00127354 -0.000213824 0.999999 0.132047 -0.00776136 -0.150657
FixedParameters: 0 0 0

#Transform 37
Transform: AffineTransform_float_3_3
Parameters: 0.999995 -0.0026482 0.00127259 0.0026478 0.999997 0.00015537 -0.00127341 -0.000151629 0.999999 0.142526 -0.0164362 -0.156953
FixedParameters: 0 0 0

#Transform 38
Transform: AffineTransform_float_3_3
Parameters: 0.999996 -0.00210948 0.00151834 0.00210952 0.999997 0.000316204 -0.00151866 -0.000312797 0.999999 0.131857 -0.0153223 -0.135023
FixedParameters: 0 0 0

#Transform 39
Transform: AffineTransform_float_3_3
Parameters: 0.999995 -0.00271309 0.00159714 0.00271191 0.999996 0.000687334 -0.00159886 -0.000682665 0.999998 0.110414 -0.0472852 -0.208654
FixedParameters: 0 0 0

#Transform 40
Transform: AffineTransform_float_3_3
Parameters: 0.999995 -0.00222796 0.00193404 0.00222804 0.999998 -1.6691e-05 -0.00193396 2.13089e-05 0.999998 0.109689 -0.0430101 -0.18867
FixedParameters: 0 0 0

#Transform 41
Transform: AffineTransform_float_3_3
Parameters: 0.999995 -0.00262534 0.00178003 0.00262466 0.999997 0.000753676 -0.00178197 -0.000749326 0.999998 0.116638 -0.0200057 -0.232063
FixedParameters: 0 0 0

#Transform 42
Transform: AffineTransform_float_3_3
Parameters: 0.999995 -0.00265271 0.00160782 0.00265229 0.999997 0.000445267 -0.00160817 -0.000440736 0.999998 0.103222 -0.028957 -0.189764
FixedParameters: 0 0 0

#Transform 43
Transform: AffineTransform_float_3_3
Parameters: 0.999995 -0.00273709 0.00145983 0.00273691 0.999997 6.49957e-05 -0.00145917 -6.10064e-05 0.999999 0.105239 -0.0250747 -0.181907
FixedParameters: 0 0 0

#Transform 44
Transform: AffineTransform_float_3_3
Parameters: 0.999995 -0.00257716 0.00151173 0.00257684 0.999996 0.000105896 -0.00151227 -0.000102103 0.999999 0.0917665 -0.011388 -0.143899
FixedParameters: 0 0 0

#Transform 45
Transform: AffineTransform_float_3_3
Parameters: 0.999995 -0.00288177 0.00127126 0.00288123 0.999995 0.000605666 -0.00127274 -0.000602335 0.999999 0.0940764 -0.0118151 -0.123362
FixedParameters: 0 0 0

#Transform 46
Transform: AffineTransform_float_3_3
Parameters: 0.999993 -0.00332618 0.00140157 0.00332682 0.999995 0.000131664 -0.00140143 -0.000127339 0.999999 0.118133 -0.0407873 -0.151334
FixedParameters: 0 0 0

#Transform 47
Transform: AffineTransform_float_3_3
Parameters: 0.999992 -0.00350037 0.00186532 0.00350064 0.999994 0.000198531 -0.00186569 -0.000192471 0.999998 0.127842 -0.0165464 -0.13237
FixedParameters: 0 0 0

#Transform 48
Transform: AffineTransform_float_3_3
Parameters: 0.999994 -0.00287107 0.00165187 0.00287092 0.999996 4.67426e-05 -0.00165113 -4.22597e-05 0.999998 0.129807 -0.0141321 -0.146389
FixedParameters: 0 0 0

#Transform 49
Transform: AffineTransform_float_3_3
Parameters: 0.999994 -0.00315576 0.00133156 0.00315524 0.999995 -0.0001758 -0.00133144 0.000179203 0.999999 0.116791 -0.0142435 -0.20117
FixedParameters: 0 0 0

#Transform 50
Transform: AffineTransform_float_3_3
Parameters: 0.999993 -0.00368463 0.00127409 0.00368538 0.999993 -0.000292307 -0.00127292 0.000296693 0.999999 0.129525 -0.0153278 -0.261721
FixedParameters: 0 0 0

#Transform 51
Transform: AffineTransform_float_3_3
Parameters: 0.999993 -0.00368469 0.0012739 0.00368531 0.999993 -0.000241307 -0.0012731 0.000245693 0.999999 0.121821 -0.0336895 -0.283585
FixedParameters: 0 0 0

#Transform 52
Transform: AffineTransform_float_3_3
Parameters: 0.999993 -0.00368482 0.000922708 0.00368518 0.999993 -0.000190601 -0.000921293 0.000193396 0.999999 0.101552 -0.0541943 -0.262233
FixedParameters: 0 0 0

#Transform 53
Transform: AffineTransform_float_3_3
Parameters: 0.999993 -0.00368488 0.000926457 0.00368512 0.999993 -0.000122587 -0.00092554 0.000126411 0.999999 0.117471 -0.0234429 -0.259378
FixedParameters: 0 0 0

#Transform 54
Transform: AffineTransform_float_3_3
Parameters: 0.99999 -0.00412088 0.00127014 0.00412012 0.999992 0.00069724 -0.00127286 -0.000691761 0.999999 0.110433 -0.000669869 -0.252304
FixedParameters: 0 0 0

#Transform 55
Transform: AffineTransform_float_3_3
Parameters: 0.999988 -0.00476207 0.00126899 0.00476093 0.999989 0.000845052 -0.00127301 -0.000838948 0.999999 0.127402 -0.0412657 -0.312683
FixedParameters: 0 0 0

#Transform 56
Transform: AffineTransform_float_3_3
Parameters: 0.999988 -0.00465341 0.00102615 0.00465359 0.999989 0.00040078 -0.00102786 -0.000396222 1 0.128489 -0.0178187 -0.29199
FixedParameters: 0 0 0

#Transform 57
Transform: AffineTransform_float_3_3
Parameters: 0.99999 -0.00425019 0.000770943 0.00424981 0.999991 0.000250279 -0.000772055 -0.000246721 0.999999 0.130375 -0.0159322 -0.220693
FixedParameters: 0 0 0

#Transform 58
Transform: AffineTransform_float_3_3
Parameters: 0.999991 -0.0042193 0.000394845 0.0042197 0.999991 0.000748672 -0.000397153 -0.000746331 0.999999 0.131892 -0.0177577 -0.260851
FixedParameters: 0 0 0

#Transform 59
Transform: AffineTransform_float_3_3
Parameters: 0.999986 -0.00538063 0.000373435 0.00538138 0.999985 -0.00100901 -0.000367565 0.00101099 1 0.16125 -0.0144464 -0.382968
FixedParameters: 0 0 0

#Transform 60
Transform: AffineTransform_float_3_3
Parameters: 0.99999 -0.00437762 0.000762793 0.00437539 0.999988 0.00210536 -0.000772205 -0.00210164 0.999998 0.118814 0.0432761 -0.235805
FixedParameters: 0 0 0

#Transform 61
Transform: AffineTransform_float_3_3
Parameters: 0.999991 -0.00437682 0.000471477 0.00437519 0.999989 0.00172008 -0.000478522 -0.00171792 0.999999 0.114437 0.0270147 -0.306751
FixedParameters: 0 0 0

#Transform 62
Transform: AffineTransform_float_3_3
Parameters: 0.999988 -0.00488075 0.000639297 0.00488025 0.999988 0.00117013 -0.000645703 -0.00116686 0.999999 0.14256 0.0278282 -0.289925
FixedParameters: 0 0 0

#Transform 63
Transform: AffineTransform_float_3_3
Parameters: 0.999987 -0.00488095 0.00105156 0.00488004 0.999987 0.000912143 -0.00105644 -0.000906855 0.999999 0.1409 0.0449314 -0.244011
FixedParameters: 0 0 0

#Transform 64
Transform: AffineTransform_float_3_3
Parameters: 0.999985 -0.00527173 0.000957986 0.00527127 0.999986 0.000764061 -0.000962014 -0.000758939 0.999999 0.140762 -0.00180707 -0.263153
FixedParameters: 0 0 0

#Transform 65
Transform: AffineTransform_float_3_3
Parameters: 0.999986 -0.00526337 0.00129551 0.00526264 0.999986 0.000285822 -0.00129649 -0.00027918 0.999999 0.15318 0.00392129 -0.286956
FixedParameters: 0 0 0

#Transform 66
Transform: AffineTransform_float_3_3
Parameters: 0.999985 -0.00522537 0.00128949 0.00522463 0.999987 0.000291741 -0.00129051 -0.000285261 0.999999 0.156932 0.0200711 -0.221414
FixedParameters: 0 0 0

#Transform 67
Transform: AffineTransform_float_3_3
Parameters: 0.999984 -0.0054415 0.00152121 0.0054415 0.999985 0.000332283 -0.00152278 -0.000323719 0.999999 0.165328 0.000779677 -0.238211
FixedParameters: 0 0 0

#Transform 68
Transform: AffineTransform_float_3_3
Parameters: 0.999981 -0.00591674 0.00160897 0.00591727 0.999983 -0.000158482 -0.00160703 0.000168512 0.999998 0.154455 0.000376446 -0.234004
FixedParameters: 0 0 0

#Transform 69
Transform: AffineTransform_float_3_3
Parameters: 0.99998 -0.00621045 0.00136095 0.00620955 0.99998 0.000334458 -0.00136305 -0.000326541 0.999999 0.154885 -0.0266725 -0.294189
FixedParameters: 0 0 0

#Transform 70
Transform: AffineTransform_float_3_3
Parameters: 0.999983 -0.00582827 0.00116963 0.00582873 0.999983 -0.000619193 -0.00116537 0.000625803 0.999999 0.143153 -0.0251538 -0.24157
FixedParameters: 0 0 0

#Transform 71
Transform: AffineTransform_float_3_3
Parameters: 0.999986 -0.00522335 0.00106121 0.00522365 0.999986 -0.000611466 -0.00105779 0.000617534 0.999999 0.133641 0.00251065 -0.200406
FixedParameters: 0 0 0

#Transform 72
Transform: AffineTransform_float_3_3
Parameters: 0.999985 -0.00546682 0.000697438 0.00546618 0.999985 -0.000261192 -0.000695557 0.000265806 0.999999 0.134891 -0.0302047 -0.22632
FixedParameters: 0 0 0

#Transform 73
Transform: AffineTransform_float_3_3
Parameters: 0.999984 -0.00546967 0.000774335 0.00546933 0.999985 -0.000424771 -0.000771664 0.000429227 0.999999 0.140588 0.00107384 -0.236866
FixedParameters: 0 0 0

#Transform 74
Transform: AffineTransform_float_3_3
Parameters: 0.999985 -0.00529871 0.000773949 0.00529928 0.999986 -0.000365904 -0.000772049 0.000370096 0.999999 0.123976 0.0133284 -0.236222
FixedParameters: 0 0 0

#Transform 75
Transform: AffineTransform_float_3_3
Parameters: 0.999986 -0.00531986 0.000332277 0.00532014 0.999986 -0.000427238 -0.000329718 0.00042976 1 0.118043 -0.0128277 -0.220036
FixedParameters: 0 0 0

#Transform 76
Transform: AffineTransform_float_3_3
Parameters: 0.999986 -0.00524395 0.000191324 0.00524405 0.999986 -0.000252 -0.000189676 0.000252998 1 0.118704 0.000950965 -0.272704
FixedParameters: 0 0 0

#Transform 77
Transform: AffineTransform_float_3_3
Parameters: 0.999983 -0.00591697 8.2537e-05 0.00591704 0.999983 -0.000428519 -8.04602e-05 0.000429484 1 0.117801 -0.00043153 -0.233132
FixedParameters: 0 0 0

#Transform 78
Transform: AffineTransform_float_3_3
Parameters: 0.999979 -0.00637806 0.000155407 0.00637793 0.999979 0.000406999 -0.000158593 -0.000405997 1 0.116539 -0.00158604 -0.279898
FixedParameters: 0 0 0

#Transform 79
Transform: AffineTransform_float_3_3
Parameters: 0.999983 -0.00591698 0.000310575 0.00591704 0.999983 -9.61641e-05 -0.000310427 9.78385e-05 1 0.125775 -0.00166534 -0.278392
FixedParameters: 0 0 0

#Transform 80
Transform: AffineTransform_float_3_3
Parameters: 0.999984 -0.00576306 0.000186354 0.00576295 0.999984 0.000286079 -0.000187651 -0.000285923 1 0.136244 -0.0199628 -0.311332
FixedParameters: 0 0 0

#Transform 81
Transform: AffineTransform_float_3_3
Parameters: 0.999986 -0.00527502 0.000213533 0.00527498 0.999986 8.91276e-05 -0.000213467 -8.78752e-05 1 0.156675 -0.0243943 -0.307262
FixedParameters: 0 0 0

#Transform 82
Transform: AffineTransform_float_3_3
Parameters: 0.999982 -0.00588799 0.000447057 0.005888 0.999982 -8.36787e-06 -0.000446945 1.06318e-05 1 0.175177 -0.00924613 -0.262217
FixedParameters: 0 0 0

#Transform 83
Transform: AffineTransform_float_3_3
Parameters: 0.99998 -0.00630383 0.000403696 0.00630417 0.99998 -0.000426463 -0.0004013 0.000429538 1 0.171589 -0.0205977 -0.220621
FixedParameters: 0 0 0

#Transform 84
Transform: AffineTransform_float_3_3
Parameters: 0.99998 -0.00642293 8.57983e-05 0.00642308 0.999979 -0.000902467 -8.01982e-05 0.000903533 0.999999 0.187498 -0.0369931 -0.180062
FixedParameters: 0 0 0

#Transform 85
Transform: AffineTransform_float_3_3
Parameters: 0.999975 -0.00706593 8.59546e-05 0.00706507 0.999974 -0.000842413 -8.0042e-05 0.000843586 0.999999 0.182882 -0.029306 -0.18175
FixedParameters: 0 0 0

#Transform 86
Transform: AffineTransform_float_3_3
Parameters: 0.99998 -0.00633311 -0.000139981 0.00633288 0.999979 -0.000792902 0.000145019 0.000792097 0.999999 0.169915 -0.0020028 -0.140211
FixedParameters: 0 0 0

#Transform 87
Transform: AffineTransform_float_3_3
Parameters: 0.999982 -0.00612094 8.49014e-05 0.00612107 0.999981 -0.000800495 -8.01016e-05 0.000800505 0.999999 0.160518 0.00350206 -0.156693
FixedParameters: 0 0 0

#Transform 88
Transform: AffineTransform_float_3_3
Parameters: 0.99998 -0.00632806 -0.000106277 0.00632794 0.99998 -0.000588684 0.000109725 0.000588317 1 0.144822 -5.09758e-06 -0.181445
FixedParameters: 0 0 0

#Transform 89
Transform: AffineTransform_float_3_3
Parameters: 0.99998 -0.00632795 8.40609e-05 0.00632805 0.99998 -0.000641481 -7.99357e-05 0.000642518 1 0.151393 0.0117857 -0.155445
FixedParameters: 0 0 0

#Transform 90
Transform: AffineTransform_float_3_3
Parameters: 0.999983 -0.00594906 -0.000137445 0.00594894 0.999982 -0.000429825 0.000140556 0.000429171 1 0.163509 0.0165398 -0.113329
FixedParameters: 0 0 0

#Transform 91
Transform: AffineTransform_float_3_3
Parameters: 0.999977 -0.00667395 8.38691e-05 0.00667404 0.999977 -0.000579453 -8.01338e-05 0.000579547 1 0.159272 -0.0153988 -0.117946
FixedParameters: 0 0 0

#Transform 92
Transform: AffineTransform_float_3_3
Parameters: 0.99998 -0.00642394 8.46879e-05 0.00642406 0.999979 -0.000729471 -8.03151e-05 0.000729531 0.999999 0.150094 -0.0201153 -0.160156
FixedParameters: 0 0 0

#Transform 93
Transform: AffineTransform_float_3_3
Parameters: 0.999983 -0.00571679 0.000491444 0.00571721 0.999984 -0.000426197 -0.00048855 0.0004298 1 0.182321 -0.0145377 -0.141465
FixedParameters: 0 0 0

#Transform 94
Transform: AffineTransform_float_3_3
Parameters: 0.999984 -0.00571666 0.000804439 0.00571734 0.999983 -0.000424407 -0.000801557 0.000429589 0.999999 0.164665 -0.0152047 -0.188353
FixedParameters: 0 0 0

#Transform 95
Transform: AffineTransform_float_3_3
Parameters: 0.999984 -0.00561983 0.000399405 0.00562017 0.999984 -0.000426762 -0.000396594 0.000429236 1 0.162408 -0.0115714 -0.127093
FixedParameters: 0 0 0

#Transform 96
Transform: AffineTransform_float_3_3
Parameters: 0.999983 -0.00571667 0.000433417 0.00571733 0.999984 -0.000771535 -0.000428579 0.000774463 0.999999 0.164127 -0.0333582 -0.16003
FixedParameters: 0 0 0

#Transform 97
Transform: AffineTransform_float_3_3
Parameters: 0.999982 -0.00599716 -0.000130765 0.00599684 0.999982 -0.00120681 0.000137236 0.0012062 1 0.143549 -0.0326719 -0.197347
FixedParameters: 0 0 0

#Transform 98
Transform: AffineTransform_float_3_3
Parameters: 0.999983 -0.00571726 -0.000349718 0.00571774 0.999984 -0.000750012 0.000354282 0.000747987 0.999999 0.144843 -0.0205421 -0.148867
FixedParameters: 0 0 0

#Transform 99
Transform: AffineTransform_float_3_3
Parameters: 0.999981 -0.00627016 -0.000351165 0.00626984 0.99998 -0.000453211 0.000353833 0.00045079 1 0.143856 -0.0196484 -0.172912
FixedParameters: 0 0 0

#Transform 100
Transform: AffineTransform_float_3_3
Parameters: 0.999983 -0.00581812 -0.000130814 0.00581788 0.999982 -0.000891776 0.000135182 0.000890228 0.999999 0.138115 -0.0231706 -0.143158
FixedParameters: 0 0 0

#Transform 101
Transform: AffineTransform_float_3_3
Parameters: 0.999986 -0.00524503 -3.63332e-05 0.00524497 0.999986 -0.0006992 3.96658e-05 0.000698801 1 0.129435 -0.0106463 -0.171459
FixedParameters: 0 0 0

#Transform 102
Transform: AffineTransform_float_3_3
Parameters: 0.999983 -0.00585322 -0.000350254 0.00585277 0.999982 -0.000641061 0.000353746 0.00063894 0.999999 0.12388 -0.0441545 -0.260455
FixedParameters: 0 0 0

#Transform 103
Transform: AffineTransform_float_3_3
Parameters: 0.999983 -0.00585314 -0.000209174 0.00585286 0.999982 -0.000654235 0.00021283 0.000653765 1 0.126522 -0.0213615 -0.230059
FixedParameters: 0 0 0

#Transform 104
Transform: AffineTransform_float_3_3
Parameters: 0.999986 -0.00541309 -7.83801e-05 0.00541292 0.999985 -0.00103844 8.36176e-05 0.00103756 1 0.126884 -0.0116514 -0.216186
FixedParameters: 0 0 0

#Transform 105
Transform: AffineTransform_float_3_3
Parameters: 0.99998 -0.00634396 5.06516e-05 0.00634405 0.99998 -0.000890697 -4.53528e-05 0.000890306 0.999999 0.14212 -0.0332352 -0.212124
FixedParameters: 0 0 0

#Transform 106
Transform: AffineTransform_float_3_3
Parameters: 0.999976 -0.006895 1.10679e-05 0.00689501 0.999976 -0.000589938 -6.93169e-06 0.000590062 1 0.153657 -0.0204711 -0.26071
FixedParameters: 0 0 0

#Transform 107
Transform: AffineTransform_float_3_3
Parameters: 0.999973 -0.00737612 -0.000128424 0.00737588 0.999973 -0.000891972 0.000134576 0.000891032 0.999999 0.173198 -0.0247927 -0.287371
FixedParameters: 0 0 0

#Transform 108
Transform: AffineTransform_float_3_3
Parameters: 0.999978 -0.00673344 -0.000345569 0.00673256 0.999976 -0.00125335 0.000353429 0.00125065 0.999999 0.155352 -0.0270192 -0.250786
FixedParameters: 0 0 0

#Transform 109
Transform: AffineTransform_float_3_3
Parameters: 0.99998 -0.00622842 -0.000346538 0.00622758 0.99998 -0.00119918 0.00035346 0.00119682 0.999999 0.148001 -0.02056 -0.197711
FixedParameters: 0 0 0

#Transform 110
Transform: AffineTransform_float_3_3
Parameters: 0.999976 -0.00676227 -0.00112736 0.00676072 0.999976 -0.00113365 0.00113464 0.00112635 0.999998 0.136965 -0.0324301 -0.185892
FixedParameters: 0 0 0

#Transform 111
Transform: AffineTransform_float_3_3
Parameters: 0.999982 -0.00588584 -0.00093074 0.00588517 0.999983 -0.000896494 0.000935258 0.000890511 0.999999 0.140845 0.0209164 -0.184576
FixedParameters: 0 0 0

#Transform 112
Transform: AffineTransform_float_3_3
Parameters: 0.999981 -0.00596555 -0.00117819 0.00596345 0.999982 -0.00131205 0.0011858 0.00130495 0.999999 0.120741 0.0220172 -0.116229
FixedParameters: 0 0 0

#Transform 113
Transform: AffineTransform_float_3_3
Parameters: 0.999981 -0.00612811 -0.000844 0.00612689 0.999981 -0.0013082 0.000851999 0.0013028 0.999999 0.119187 -0.00915484 -0.169122
FixedParameters: 0 0 0

#Transform 114
Transform: AffineTransform_float_3_3
Parameters: 0.99998 -0.00624123 -0.00124385 0.00623877 0.999979 -0.0017908 0.00125515 0.0017832 0.999997 0.11926 -0.000984607 -0.127826
FixedParameters: 0 0 0

#Transform 115
Transform: AffineTransform_float_3_3
Parameters: 0.999979 -0.00627178 -0.00161123 0.00626922 0.999979 -0.00172314 0.00162177 0.00171286 0.999997 0.115859 0.0274276 -0.078203
FixedParameters: 0 0 0

#Transform 116
Transform: AffineTransform_float_3_3
Parameters: 0.999977 -0.00675364 -0.00124317 0.00675237 0.999977 -0.00131143 0.00125183 0.00130258 0.999999 0.128535 -0.0257764 -0.131267
FixedParameters: 0 0 0

#Transform 117
Transform: AffineTransform_float_3_3
Parameters: 0.999979 -0.0064183 -0.000993617 0.00641669 0.999978 -0.0013094 0.00100238 0.00130259 0.999998 0.113034 0.0177491 -0.091928
FixedParameters: 0 0 0

#Transform 118
Transform: AffineTransform_float_3_3
Parameters: 0.999978 -0.00643407 -0.00157458 0.00643294 0.999979 -0.00131316 0.00158242 0.00130285 0.999998 0.096741 0.00872143 -0.0598734
FixedParameters: 0 0 0

#Transform 119
Transform: AffineTransform_float_3_3
Parameters: 0.999977 -0.00656808 -0.00159041 0.00656591 0.999977 -0.00131347 0.00159959 0.00130252 0.999998 0.089756 -0.0410983 -0.101184
FixedParameters: 0 0 0

#Transform 120
Transform: AffineTransform_float_3_3
Parameters: 0.999978 -0.00639086 -0.00141817 0.00638813 0.999977 -0.0020131 0.00143083 0.0020039 0.999997 0.100996 0.0116733 0.00505914
FixedParameters: 0 0 0

#Transform 121
Transform: AffineTransform_float_3_3
Parameters: 0.999976 -0.00678535 -0.0014198 0.00678264 0.999975 -0.00165567 0.0014312 0.00164633 0.999997 0.093759 -0.0188711 0.00601646
FixedParameters: 0 0 0

#Transform 122
Transform: AffineTransform_float_3_3
Parameters: 0.999978 -0.00656752 -0.00116142 0.00656647 0.999977 -0.00131065 0.00116958 0.00130335 0.999998 0.112348 -0.00334566 -0.0331966
FixedParameters: 0 0 0

#Transform 123
Transform: AffineTransform_float_3_3
Parameters: 0.999976 -0.00697733 -0.000834985 0.00697568 0.999975 -0.00158186 0.000846017 0.00157614 0.999999 0.103403 -0.00373106 -0.0130206
FixedParameters: 0 0 0

#Transform 124
Transform: AffineTransform_float_3_3
Parameters: 0.999977 -0.00674565 -0.000867306 0.00674436 0.999976 -0.00188489 0.000880695 0.0018791 0.999998 0.109541 -0.0347917 -0.0275319
FixedParameters: 0 0 0

#Transform 125
Transform: AffineTransform_float_3_3
Parameters: 0.999979 -0.00633642 -0.00121747 0.00633358 0.999978 -0.00198175 0.00122953 0.00197425 0.999998 0.111377 -0.0209886 -0.0581742
FixedParameters: 0 0 0

#Transform 126
Transform: AffineTransform_float_3_3
Parameters: 0.999981 -0.00616784 -0.000477284 0.00616716 0.99998 -0.00173898 0.000488716 0.00173602 0.999999 0.102126 -0.00290899 -0.0597764
FixedParameters: 0 0 0

#Transform 127
Transform: AffineTransform_float_3_3
Parameters: 0.999983 -0.00590561 -0.00050084 0.00590439 0.999982 -0.00121398 0.000507154 0.00121003 0.999999 0.120143 -0.00636095 -0.063404
FixedParameters: 0 0 0

#Transform 128
Transform: AffineTransform_float_3_3
Parameters: 0.999983 -0.0059056 -0.00048684 0.00590441 0.999982 -0.0012139 0.000494154 0.0012101 0.999999 0.108956 -0.0146415 -0.148967
FixedParameters: 0 0 0

#Transform 129
Transform: AffineTransform_float_3_3
Parameters: 0.99998 -0.00631999 -0.000709245 0.00631901 0.999979 -0.00138751 0.000718757 0.00138349 0.999999 0.0885609 -0.0341648 -0.128781
FixedParameters: 0 0 0

#Transform 130
Transform: AffineTransform_float_3_3
Parameters: 0.999981 -0.00616982 -0.000474466 0.00616918 0.999979 -0.00170896 0.000484535 0.00170604 0.999999 0.103694 0.0156711 -0.0453853
FixedParameters: 0 0 0

#Transform 131
Transform: AffineTransform_float_3_3
Parameters: 0.999979 -0.00657093 -0.000472243 0.00657007 0.999976 -0.00194314 0.000484757 0.00193986 0.999998 0.108251 -0.0039813 -0.0412718
FixedParameters: 0 0 0

#Transform 132
Transform: AffineTransform_float_3_3
Parameters: 0.999977 -0.00679284 -0.000473116 0.00679216 0.999976 -0.00175126 0.000484883 0.00174775 0.999999 0.0881199 -0.000771705 -0.0851053
FixedParameters: 0 0 0

#Transform 133
Transform: AffineTransform_float_3_3
Parameters: 0.999978 -0.00674095 4.30524e-05 0.00674006 0.999977 -0.00134274 -3.39472e-05 0.00134326 0.999999 0.0945728 -0.00697128 -0.0739283
FixedParameters: 0 0 0

#Transform 134
Transform: AffineTransform_float_3_3
Parameters: 0.999976 -0.00682063 -0.00035307 0.00682037 0.999975 -0.00175045 0.000364928 0.00174755 0.999999 0.0918539 -0.0118278 -0.0505349
FixedParameters: 0 0 0

#Transform 135
Transform: AffineTransform_float_3_3
Parameters: 0.999978 -0.00674083 9.56846e-05 0.00674017 0.999975 -0.0018814 -8.23198e-05 0.0018816 0.999998 0.110049 -0.0274717 -0.0427993
FixedParameters: 0 0 0

#Transform 136
Transform: AffineTransform_float_3_3
Parameters: 0.999979 -0.00657217 -8.95098e-05 0.00657184 0.999977 -0.00174862 0.000100486 0.00174738 0.999998 0.124383 -0.0366151 -0.100399
FixedParameters: 0 0 0

#Transform 137
Transform: AffineTransform_float_3_3
Parameters: 0.999976 -0.00693419 -0.000113472 0.0069348 0.999974 -0.00166283 0.00012453 0.00166218 0.999998 0.12365 -0.0343054 -0.166595
FixedParameters: 0 0 0

#Transform 138
Transform: AffineTransform_float_3_3
Parameters: 0.999977 -0.00674157 -0.000264985 0.00674044 0.999975 -0.00207983 0.000279015 0.00207817 0.999998 0.124701 -0.0244797 -0.111275
FixedParameters: 0 0 0

#Transform 139
Transform: AffineTransform_float_3_3
Parameters: 0.999977 -0.00674203 -0.000470407 0.00674097 0.999975 -0.00216622 0.000484591 0.00216278 0.999997 0.118222 -0.0240787 -0.125254
FixedParameters: 0 0 0

#Transform 140
Transform: AffineTransform_float_3_3
Parameters: 0.999977 -0.00667395 -0.000471702 0.00667304 0.999975 -0.00199419 0.000485296 0.00199081 0.999998 0.132785 -0.0301104 -0.070523
FixedParameters: 0 0 0

#Transform 141
Transform: AffineTransform_float_3_3
Parameters: 0.999977 -0.00666284 -0.000473343 0.00666116 0.999977 -0.00175119 0.000484654 0.00174781 0.999999 0.144501 -0.0455548 -0.0917941
FixedParameters: 0 0 0

#Transform 142
Transform: AffineTransform_float_3_3
Parameters: 0.999979 -0.00637582 -0.000408387 0.00637518 0.999977 -0.00197964 0.000420615 0.00197736 0.999998 0.144611 -0.0235603 -0.0592995
FixedParameters: 0 0 0

#Transform 143
Transform: AffineTransform_float_3_3
Parameters: 0.999978 -0.00674091 4.1072e-05 0.00674009 0.999973 -0.00268078 -2.2929e-05 0.00268122 0.999997 0.155104 -0.0174092 -0.0152013
FixedParameters: 0 0 0

#Transform 144
Transform: AffineTransform_float_3_3
Parameters: 0.999975 -0.00706292 4.09747e-05 0.00706308 0.999972 -0.00254477 -2.30306e-05 0.00254423 0.999997 0.141738 -0.0421998 -0.0307469
FixedParameters: 0 0 0

#Transform 145
Transform: AffineTransform_float_3_3
Parameters: 0.999976 -0.00696291 4.23913e-05 0.00696209 0.999972 -0.00278477 -2.26166e-05 0.00278422 0.999996 0.152328 -0.0223864 -0.0340652
FixedParameters: 0 0 0

#Transform 146
Transform: AffineTransform_float_3_3
Parameters: 0.999973 -0.00726574 -0.000267572 0.00726525 0.99997 -0.00267502 0.000287429 0.00267298 0.999997 0.189025 -0.017146 -0.106987
FixedParameters: 0 0 0

#Transform 147
Transform: AffineTransform_float_3_3
Parameters: 0.999977 -0.00673632 -0.00052231 0.00673469 0.999974 -0.00247957 0.000539692 0.00247642 0.999997 0.184966 -0.0359458 -0.17928
FixedParameters: 0 0 0

#Transform 148
Transform: AffineTransform_float_3_3
Parameters: 0.999978 -0.00654248 -0.000174659 0.00654151 0.999975 -0.0026512 0.000191339 0.00264981 0.999997 0.168149 -0.0405588 -0.157515
FixedParameters: 0 0 0

#Transform 149
Transform: AffineTransform_float_3_3
Parameters: 0.999977 -0.00667072 -0.000289884 0.00667028 0.999975 -0.00241699 0.000306116 0.00241501 0.999997 0.136561 -0.0330971 -0.105889
FixedParameters: 0 0 0

#Transform 150
Transform: AffineTransform_float_3_3
Parameters: 0.999978 -0.00671153 -0.000199136 0.00671048 0.999975 -0.00251339 0.00021586 0.00251161 0.999997 0.143442 -0.0165314 -0.0757256
FixedParameters: 0 0 0

#Transform 151
Transform: AffineTransform_float_3_3
Parameters: 0.999975 -0.00698331 -0.000478183 0.00698168 0.999972 -0.00269641 0.000496813 0.0026926 0.999997 0.112927 -0.0168754 -0.0762146
FixedParameters: 0 0 0

#Transform 152
Transform: AffineTransform_float_3_3
Parameters: 0.999973 -0.00726613 -0.000376803 0.00726487 0.99997 -0.00291881 0.000398198 0.00291618 0.999995 0.112504 -0.0168808 -0.0677795
FixedParameters: 0 0 0

#Transform 153
Transform: AffineTransform_float_3_3
Parameters: 0.999973 -0.00726602 -0.000336746 0.00726498 0.99997 -0.00292652 0.00035825 0.00292347 0.999995 0.137027 -0.0472881 -0.113896
FixedParameters: 0 0 0

#Transform 154
Transform: AffineTransform_float_3_3
Parameters: 0.999977 -0.00677221 -0.000413711 0.0067708 0.999973 -0.00284987 0.000432289 0.00284714 0.999996 0.152762 -0.0570184 -0.140673
FixedParameters: 0 0 0

#Transform 155
Transform: AffineTransform_float_3_3
Parameters: 0.999977 -0.0068022 -0.000413626 0.00680079 0.999973 -0.00284988 0.000432374 0.00284712 0.999996 0.1433 -0.0325634 -0.109587
FixedParameters: 0 0 0

#Transform 156
Transform: AffineTransform_float_3_3
Parameters: 0.999979 -0.00649705 -0.000954466 0.00649395 0.999974 -0.00316426 0.000975532 0.00315773 0.999994 0.125804 -0.0200701 -0.0818577
FixedParameters: 0 0 0

#Transform 157
Transform: AffineTransform_float_3_3
Parameters: 0.999978 -0.00652675 -0.000956402 0.00652425 0.999974 -0.0028533 0.000975598 0.00284669 0.999996 0.121112 -0.0377351 -0.0600295
FixedParameters: 0 0 0

#Transform 158
Transform: AffineTransform_float_3_3
Parameters: 0.999975 -0.00694805 -0.00135438 0.00694395 0.999972 -0.00297348 0.00137562 0.00296352 0.999994 0.110715 -0.038748 -0.0528269
FixedParameters: 0 0 0

#Transform 159
Transform: AffineTransform_float_3_3
Parameters: 0.999981 -0.00619914 -0.000954858 0.00619586 0.999975 -0.00325298 0.000975143 0.00324702 0.999995 0.105596 -0.0151094 0.0109596
FixedParameters: 0 0 0

#Transform 160
Transform: AffineTransform_float_3_3
Parameters: 0.999977 -0.00666727 -0.000713018 0.00666472 0.999973 -0.00314982 0.000733981 0.00314518 0.999995 0.103321 -0.0344064 -0.0414981
FixedParameters: 0 0 0

#Transform 161
Transform: AffineTransform_float_3_3
Parameters: 0.999977 -0.00666856 -0.001068 0.00666444 0.999973 -0.00330319 0.00109 0.00329681 0.999994 0.109542 -0.04973 -0.024031
FixedParameters: 0 0 0

#Transform 162
Transform: AffineTransform_float_3_3
Parameters: 0.999972 -0.00732614 -0.00105664 0.00732185 0.999965 -0.00387584 0.00108536 0.00386815 0.999992 0.110691 -0.0349494 -0.0753893
FixedParameters: 0 0 0

#Transform 163
Transform: AffineTransform_float_3_3
Parameters: 0.999972 -0.00737444 -0.00125033 0.00736856 0.999963 -0.00430033 0.00128166 0.00429067 0.99999 0.112562 -0.0531671 -0.106777
FixedParameters: 0 0 0

#Transform 164
Transform: AffineTransform_float_3_3
Parameters: 0.999973 -0.00718234 -0.00145506 0.00717666 0.999965 -0.00431456 0.00148594 0.00430444 0.999989 0.121662 -0.0371306 -0.059671
FixedParameters: 0 0 0

#Transform 165
Transform: AffineTransform_float_3_3
Parameters: 0.999973 -0.00718271 -0.00168264 0.0071763 0.999967 -0.00395618 0.00171137 0.00394482 0.999991 0.122614 -0.0533391 -0.0611644
FixedParameters: 0 0 0

#Transform 166
Transform: AffineTransform_float_3_3
Parameters: 0.999969 -0.00766222 -0.00189 0.00765278 0.999959 -0.00483861 0.001927 0.00482438 0.999986 0.112939 -0.0656152 -0.132756
FixedParameters: 0 0 0

#Transform 167
Transform: AffineTransform_float_3_3
Parameters: 0.99997 -0.00750196 -0.00159967 0.00749502 0.999962 -0.00431812 0.00163233 0.00430588 0.99999 0.097053 -0.0105559 -0.106661
FixedParameters: 0 0 0

#Transform 168
Transform: AffineTransform_float_3_3
Parameters: 0.999971 -0.00751571 -0.00167174 0.0075083 0.999962 -0.00456669 0.00170626 0.00455431 0.999988 0.0946295 -0.00693521 -0.073821
FixedParameters: 0 0 0

#Transform 169
Transform: AffineTransform_float_3_3
Parameters: 0.999968 -0.00782796 -0.00166912 0.00782005 0.999959 -0.00472021 0.00170588 0.0047068 0.999988 0.0886794 -0.0432279 -0.146919
FixedParameters: 0 0 0

#Transform 170
Transform: AffineTransform_float_3_3
Parameters: 0.999971 -0.00734183 -0.00167199 0.00733417 0.999963 -0.0046404 0.001706 0.00462761 0.999988 0.11026 -0.0140959 -0.05643
FixedParameters: 0 0 0

#Transform 171
Transform: AffineTransform_float_3_3
Parameters: 0.99997 -0.00750332 -0.00166901 0.00749467 0.999959 -0.00493866 0.00170598 0.00492535 0.999987 0.113447 -0.0141232 -0.0595797
FixedParameters: 0 0 0

#Transform 172
Transform: AffineTransform_float_3_3
Parameters: 0.999965 -0.0081836 -0.00166427 0.00817441 0.999954 -0.00510878 0.00170573 0.00509522 0.999985 0.0958436 -0.0664979 -0.104028
FixedParameters: 0 0 0

#Transform 173
Transform: AffineTransform_float_3_3
Parameters: 0.999965 -0.00818819 -0.00166133 0.00817881 0.999951 -0.00546577 0.00170567 0.00545122 0.999983 0.104057 -0.0229755 -0.0991418
FixedParameters: 0 0 0

#Transform 174
Transform: AffineTransform_float_3_3
Parameters: 0.999957 -0.00919574 -0.00165826 0.00918727 0.999945 -0.00520146 0.00170574 0.00518554 0.999985 0.13436 -0.0453352 -0.0839005
FixedParameters: 0 0 0

#Transform 175
Transform: AffineTransform_float_3_3
Parameters: 0.999957 -0.00917469 -0.00165867 0.00916632 0.999944 -0.00516943 0.00170634 0.00515457 0.999986 0.120636 -0.019344 -0.0838431
FixedParameters: 0 0 0

#Transform 176
Transform: AffineTransform_float_3_3
Parameters: 0.999956 -0.00917622 -0.00197919 0.00916678 0.999945 -0.00511337 0.00202582 0.00509563 0.999985 0.106056 -0.0172077 -0.0510534
FixedParameters: 0 0 0

#Transform 177
Transform: AffineTransform_float_3_3
Parameters: 0.999956 -0.00925851 -0.00160932 0.00925148 0.999946 -0.00461909 0.00165168 0.00460391 0.999988 0.101264 -0.0306115 -0.101484
FixedParameters: 0 0 0

#Transform 178
Transform: AffineTransform_float_3_3
Parameters: 0.999955 -0.00941078 -0.00171347 0.00940123 0.999943 -0.00506134 0.00176054 0.00504566 0.999985 0.0953333 -0.0180111 -0.109994
FixedParameters: 0 0 0

#Transform 179
Transform: AffineTransform_float_3_3
Parameters: 0.999953 -0.00957035 -0.0015761 0.00956165 0.99994 -0.00522331 0.00162589 0.00520768 0.999985 0.0959469 0.00858531 0.0374403
FixedParameters: 0 0 0
