#Insight Transform File V1.0
#Transform 0
Transform: AffineTransform_float_3_3
Parameters: 0.999999 0.000556009 -0.00132658 -0.00055499 0.999999 0.000761737 0.00132642 -0.000760263 0.999999 -0.00132326 -0.0298876 -0.10165
FixedParameters: 0 0 0

#Transform 1
Transform: AffineTransform_float_3_3
Parameters: 0.999999 3.78963e-07 -0.000710999 3.78963e-07 1 0.000533 0.000710999 -0.000533 0.999999 0.0161009 -0.0280395 -0.0515317
FixedParameters: 0 0 0

#Transform 2
Transform: AffineTransform_float_3_3
Parameters: 0.999999 0.000246625 -0.0013267 -0.000245374 0.999999 0.00122533 0.0013273 -0.00122467 0.999999 0.0132419 0.042392 0.0813413
FixedParameters: 0 0 0

#Transform 3
Transform: AffineTransform_float_3_3
Parameters: 0.999999 2.01704e-06 -0.001327 1.7044e-08 0.999999 0.00152 0.001327 -0.00152 0.999998 -0.00687182 0.0325434 0.0824134
FixedParameters: 0 0 0

#Transform 4
Transform: AffineTransform_float_3_3
Parameters: 1 -0.000237276 -0.00113715 0.000237725 1 0.00063773 0.00113685 -0.00063727 0.999999 -0.0221962 0.0432371 0.0356651
FixedParameters: 0 0 0

#Transform 5
Transform: AffineTransform_float_3_3
Parameters: 1 4.3428e-07 -0.00044 4.3428e-07 0.999999 0.000987 0.00044 -0.000987 1 -0.0133415 0.0394254 0.0207448
FixedParameters: 0 0 0

#Transform 6
Transform: AffineTransform_float_3_3
Parameters: 1 2.78098e-07 -0.000659 2.78098e-07 1 0.000422 0.000659 -0.000422 0.999999 -0.0125983 0.0447194 0.0421724
FixedParameters: 0 0 0

#Transform 7
Transform: AffineTransform_float_3_3
Parameters: 0.999999 -0.000447288 -0.000774412 0.000448713 1 0.000919654 0.000774587 -0.000920348 1 -0.0142409 0.0555456 0.0647201
FixedParameters: 0 0 0

#Transform 8
Transform: AffineTransform_float_3_3
Parameters: 1 -0.000375439 -0.000553382 0.000376562 1 0.00101579 0.000552618 -0.00101521 1 -0.00741937 0.0521385 0.0158703
FixedParameters: 0 0 0

#Transform 9
Transform: AffineTransform_float_3_3
Parameters: 1 -0.000318461 -0.000616279 0.000319539 0.999999 0.000874803 0.000615721 -0.000875196 1 -0.00839353 0.0363363 0.029231
FixedParameters: 0 0 0

#Transform 10
Transform: AffineTransform_float_3_3
Parameters: 1 -0.000319657 -0.000559196 0.000319344 1 0.000613821 0.000559804 -0.000614179 0.999999 -0.00704867 0.0256692 0.0115276
FixedParameters: 0 0 0

#Transform 11
Transform: AffineTransform_float_3_3
Parameters: 1 -0.000331639 -0.000442271 0.000331362 0.999999 0.000816853 0.000442729 -0.000817146 0.999999 -0.00374211 0.0456258 0.0146493
FixedParameters: 0 0 0

#Transform 12
Transform: AffineTransform_float_3_3
Parameters: 1 5.0634e-06 -0.000261999 -4.9366e-06 1 0.000242001 0.000262001 -0.000241999 1 -0.017775 0.0114774 0.0116294
FixedParameters: 0 0 0

#Transform 13
Transform: AffineTransform_float_3_3
Parameters: 1 -3.7892e-05 -0.000262016 3.81079e-05 1 0.00041199 0.000261984 -0.00041201 1 -0.0102814 0.0168444 -0.0240817
FixedParameters: 0 0 0

#Transform 14
Transform: AffineTransform_float_3_3
Parameters: 1 -8.68763e-05 -0.000384028 8.61236e-05 1 0.000321967 0.000383972 -0.000322033 1 -0.0136796 0.0108852 -0.0321721
FixedParameters: 0 0 0

#Transform 15
Transform: AffineTransform_float_3_3
Parameters: 1 0.00013888 -0.000314053 -0.00013912 1 -0.000381956 0.000313947 0.000382044 1 -0.0108204 0.0118096 -0.027954
FixedParameters: 0 0 0

#Transform 16
Transform: AffineTransform_float_3_3
Parameters: 1 0.000137864 -0.000262072 -0.000138136 1 -0.000518964 0.000261928 0.000519036 1 -0.0166604 -0.00131853 -0.016987
FixedParameters: 0 0 0

#Transform 17
Transform: AffineTransform_float_3_3
Parameters: 1 5.70004e-05 -3.99362e-06 -5.69996e-05 1 0.000112 4.00638e-06 -0.000112 1 6.87769e-05 0.0273432 -0.0162288
FixedParameters: 0 0 0

#Transform 18
Transform: AffineTransform_float_3_3
Parameters: 1 0.0002742 -0.00026179 -0.0002738 0.999999 0.000764071 0.000261209 -0.000764928 0.999999 0.016671 0.0066081 -0.0460802
FixedParameters: 0 0 0

#Transform 19
Transform: AffineTransform_float_3_3
Parameters: 1 -3.18663e-05 -0.000391011 3.21337e-05 1 0.000341987 0.000390989 -0.000342012 1 -0.00811348 0.0106092 -0.0602459
FixedParameters: 0 0 0

#Transform 20
Transform: AffineTransform_float_3_3
Parameters: 1 -0.000106005 -0.000174997 0.000105995 1 -3.00185e-05 0.000175003 2.99814e-05 1 -0.00679143 0.00913439 -0.00372564
FixedParameters: 0 0 0

#Transform 21
Transform: AffineTransform_float_3_3
Parameters: 1 -0.000175999 -4.50044e-05 0.000176001 1 2.49921e-05 4.49956e-05 -2.50079e-05 1 -0.0080884 0.0169963 0.0104505
FixedParameters: 0 0 0

#Transform 22
Transform: AffineTransform_float_3_3
Parameters: 1 0.000106001 2.69947e-05 -0.000105999 1 -5.00029e-05 -2.70053e-05 4.99971e-05 1 0.0114969 0.0246982 0.0611468
FixedParameters: 0 0 0

#Transform 23
Transform: AffineTransform_float_3_3
Parameters: 1 -0.000203172 -0.000261866 0.000202828 1 -0.000658053 0.000261133 0.000657947 0.999999 -0.0240137 0.023374 0.1047
FixedParameters: 0 0 0

#Transform 24
Transform: AffineTransform_float_3_3
Parameters: 1 0.000121769 -0.000262107 -0.000121231 0.999999 -0.000882968 0.000261893 0.000883031 0.999999 -0.0190937 0.0471766 0.0968207
FixedParameters: 0 0 0

#Transform 25
Transform: AffineTransform_float_3_3
Parameters: 1 0.000211045 0.000378975 -0.000210955 1 -0.00012008 -0.000378025 0.00011992 1 -0.00926086 0.0406621 0.0861574
FixedParameters: 0 0 0

#Transform 26
Transform: AffineTransform_float_3_3
Parameters: 0.999999 -0.000148518 0.000733098 0.000149482 1 -0.000657891 -0.000732902 0.000658109 1 0.00260643 0.0273987 0.0650589
FixedParameters: 0 0 0

#Transform 27
Transform: AffineTransform_float_3_3
Parameters: 1 -0.000447928 0.000305105 0.000448072 1 -0.000234863 -0.000304895 0.000235137 1 0.00751248 -0.0837591 0.0358057
FixedParameters: 0 0 0

#Transform 28
Transform: AffineTransform_float_3_3
Parameters: 1 -0.00044818 0.000196591 0.00044882 1 0.000913088 -0.00019741 -0.000912912 0.999999 0.0011962 0.0579489 0.182143
FixedParameters: 0 0 0

#Transform 29
Transform: AffineTransform_float_3_3
Parameters: 1 4.88611e-05 0.000123055 -4.91389e-05 1 0.00112899 -0.000122945 -0.00112901 1 -0.00724564 0.11774 0.0739323
FixedParameters: 0 0 0

#Transform 30
Transform: AffineTransform_float_3_3
Parameters: 0.999999 -0.000862077 -0.0012599 0.000858922 0.999996 -0.00244108 0.0012621 0.00243991 0.999996 -0.0431525 0.0460912 0.0542614
FixedParameters: 0 0 0

#Transform 31
Transform: AffineTransform_float_3_3
Parameters: 0.999999 -0.000859688 -0.000453698 0.00085931 0.999998 -0.00151539 0.000455303 0.00151561 0.999998 -0.0181894 0.0508884 0.0810447
FixedParameters: 0 0 0

#Transform 32
Transform: AffineTransform_float_3_3
Parameters: 1 -0.00112175 0.0001647 0.00112125 0.999998 -0.00151482 -0.000163301 0.00151518 0.999999 -0.012594 0.0692355 0.0643171
FixedParameters: 0 0 0

#Transform 33
Transform: AffineTransform_float_3_3
Parameters: 0.999999 -0.00122258 0.000759298 0.00122443 0.999998 -0.00187807 -0.000757701 0.00187893 0.999998 -0.00841164 0.0331643 0.0239833
FixedParameters: 0 0 0

#Transform 34
Transform: AffineTransform_float_3_3
Parameters: 0.999999 -0.00125398 0.000909794 0.00125602 0.999996 -0.00222586 -0.000906206 0.00222714 0.999997 -0.00156376 0.00771256 0.0369522
FixedParameters: 0 0 0

#Transform 35
Transform: AffineTransform_float_3_3
Parameters: 0.999999 -0.00135791 0.0010799 0.00136109 0.999995 -0.00286754 -0.0010761 0.00286947 0.999996 0.00206364 -0.00166244 0.0496392
FixedParameters: 0 0 0

#Transform 36
Transform: AffineTransform_float_3_3
Parameters: 0.999999 -0.00112363 0.00104655 0.00112537 0.999997 -0.00227082 -0.00104445 0.00227218 0.999997 -0.0077674 0.00250069 0.0759915
FixedParameters: 0 0 0

#Transform 37
Transform: AffineTransform_float_3_3
Parameters: 0.999999 -0.00100062 0.00109218 0.00100338 0.999997 -0.00217991 -0.00108981 0.00218109 0.999997 -0.00612047 0.00800114 0.123803
FixedParameters: 0 0 0

#Transform 38
Transform: AffineTransform_float_3_3
Parameters: 0.999999 -0.000661426 0.00137073 0.000664574 0.999997 -0.00260809 -0.00136927 0.00260991 0.999995 -0.0157804 -0.0120616 0.140681
FixedParameters: 0 0 0

#Transform 39
Transform: AffineTransform_float_3_3
Parameters: 0.999998 -0.00060115 0.00162543 0.000604851 0.999997 -0.00236902 -0.00162457 0.00236998 0.999996 -0.0116169 0.0113327 0.165408
FixedParameters: 0 0 0

#Transform 40
Transform: AffineTransform_float_3_3
Parameters: 0.999998 -0.00102475 0.00137143 0.00102825 0.999996 -0.00236859 -0.00136957 0.00236941 0.999997 -0.0205345 0.00699758 0.190428
FixedParameters: 0 0 0

#Transform 41
Transform: AffineTransform_float_3_3
Parameters: 0.999999 -0.000609634 0.00142145 0.000613368 0.999997 -0.00236913 -0.00142055 0.00236987 0.999996 -0.011624 0.027258 0.193066
FixedParameters: 0 0 0

#Transform 42
Transform: AffineTransform_float_3_3
Parameters: 0.999999 -0.000743303 0.00137101 0.000746697 0.999996 -0.00269798 -0.00136899 0.00269902 0.999996 -0.00051637 0.0262765 0.200095
FixedParameters: 0 0 0

#Transform 43
Transform: AffineTransform_float_3_3
Parameters: 0.999998 -0.000848438 0.00185909 0.000853559 0.999996 -0.00245342 -0.00185691 0.00245558 0.999996 -0.0112319 0.0496019 0.218135
FixedParameters: 0 0 0

#Transform 44
Transform: AffineTransform_float_3_3
Parameters: 0.999998 -0.00102416 0.00172229 0.00102784 0.999997 -0.00223323 -0.00171971 0.00223477 0.999996 -0.010734 0.0515689 0.243927
FixedParameters: 0 0 0

#Transform 45
Transform: AffineTransform_float_3_3
Parameters: 0.999998 -0.00102376 0.00179243 0.00102824 0.999996 -0.00236816 -0.00178957 0.00236984 0.999995 -0.0107975 0.0698967 0.231193
FixedParameters: 0 0 0

#Transform 46
Transform: AffineTransform_float_3_3
Parameters: 0.999998 -0.000399746 0.00154111 0.000404253 0.999996 -0.00276038 -0.00153989 0.00276162 0.999995 -0.0231624 0.0203303 0.2516
FixedParameters: 0 0 0

#Transform 47
Transform: AffineTransform_float_3_3
Parameters: 0.999998 -0.0007808 0.00179527 0.0007862 0.999996 -0.0028976 -0.00179273 0.00289941 0.999994 -0.0128387 0.0490408 0.253246
FixedParameters: 0 0 0

#Transform 48
Transform: AffineTransform_float_3_3
Parameters: 0.999998 -0.000665901 0.00175994 0.000671098 0.999995 -0.00289782 -0.00175806 0.00289918 0.999995 -0.014342 0.0249119 0.229388
FixedParameters: 0 0 0

#Transform 49
Transform: AffineTransform_float_3_3
Parameters: 0.999998 -0.000889905 0.0016837 0.000895096 0.999995 -0.0030275 -0.0016813 0.0030295 0.999994 -0.00905026 0.0261725 0.197818
FixedParameters: 0 0 0

#Transform 50
Transform: AffineTransform_float_3_3
Parameters: 0.999998 -0.000890502 0.0021611 0.000898498 0.999993 -0.00347107 -0.00215789 0.00347293 0.999991 -0.00923175 -0.00903764 0.227463
FixedParameters: 0 0 0

#Transform 51
Transform: AffineTransform_float_3_3
Parameters: 0.999999 0.000105331 0.00156378 -0.00010167 0.999997 -0.00212916 -0.00156422 0.00212984 0.999997 -0.0117114 -0.0143007 0.280874
FixedParameters: 0 0 0

#Transform 52
Transform: AffineTransform_float_3_3
Parameters: 0.999999 -2.93661e-05 0.00136901 2.96338e-05 1 -0.00046296 -0.00136899 0.000463041 0.999999 0.0452871 -0.158614 -0.0380139
FixedParameters: 0 0 0

#Transform 53
Transform: AffineTransform_float_3_3
Parameters: 0.999998 -0.000710779 0.00194145 0.000712222 0.999999 -0.000628618 -0.00194155 0.000629381 0.999998 -0.00230769 0.105629 0.294858
FixedParameters: 0 0 0

#Transform 54
Transform: AffineTransform_float_3_3
Parameters: 0.999999 -0.000787227 0.000274348 0.000786773 1 0.000828216 -0.000274651 -0.000827784 0.999999 -0.0508323 0.123918 0.193398
FixedParameters: 0 0 0

#Transform 55
Transform: AffineTransform_float_3_3
Parameters: 0.999999 -0.000788902 -0.000404309 0.000787094 0.999988 -0.00468432 0.000408692 0.00468468 0.999989 -0.0542443 0.0480052 0.210767
FixedParameters: 0 0 0

#Transform 56
Transform: AffineTransform_float_3_3
Parameters: 0.999999 -0.000707309 0.000424827 0.000708691 0.999992 -0.0039917 -0.000422174 0.0039923 0.999992 -0.0501692 0.0508955 0.264402
FixedParameters: 0 0 0

#Transform 57
Transform: AffineTransform_float_3_3
Parameters: 0.999999 -0.000903887 0.000855368 0.000908117 0.999988 -0.00482123 -0.000851632 0.00482177 0.999988 -0.0472139 0.0391901 0.230555
FixedParameters: 0 0 0

#Transform 58
Transform: AffineTransform_float_3_3
Parameters: 0.999998 -0.00133474 0.000849318 0.00134025 0.99998 -0.00621887 -0.00084068 0.00622013 0.999981 -0.0684505 -0.021278 0.245464
FixedParameters: 0 0 0

#Transform 59
Transform: AffineTransform_float_3_3
Parameters: 0.999999 -0.0013323 0.00114602 0.0013397 0.999977 -0.00674647 -0.00113699 0.00674752 0.999976 -0.055543 -0.0310497 0.232568
FixedParameters: 0 0 0

#Transform 60
Transform: AffineTransform_float_3_3
Parameters: 0.999999 -0.00133742 0.000430096 0.00133958 0.999981 -0.00604743 -0.000421907 0.00604757 0.999981 -0.0509551 -0.0347608 0.266858
FixedParameters: 0 0 0

#Transform 61
Transform: AffineTransform_float_3_3
Parameters: 1 -0.000277316 0.000251867 0.000279685 0.999978 -0.00671194 -0.000250128 0.00671208 0.999978 -0.0572183 -0.0369297 0.329895
FixedParameters: 0 0 0

#Transform 62
Transform: AffineTransform_float_3_3
Parameters: 1 -0.000571584 0.000920646 0.000579419 0.999967 -0.00807547 -0.000916351 0.00807653 0.999967 -0.0544879 -0.0721841 0.335971
FixedParameters: 0 0 0

#Transform 63
Transform: AffineTransform_float_3_3
Parameters: 0.999999 -0.000708512 0.000296026 0.000710487 0.999963 -0.00849079 -0.000289978 0.0084912 0.999964 -0.0574548 -0.0868986 0.335111
FixedParameters: 0 0 0

#Transform 64
Transform: AffineTransform_float_3_3
Parameters: 1 -0.000505305 0.00098053 0.000513699 0.999961 -0.00888751 -0.000976473 0.0088885 0.99996 -0.0509253 -0.114469 0.319264
FixedParameters: 0 0 0

#Transform 65
Transform: AffineTransform_float_3_3
Parameters: 1 -0.000212546 0.00105794 0.000222455 0.99996 -0.00894477 -0.00105605 0.00894423 0.99996 -0.0427544 -0.0921289 0.358959
FixedParameters: 0 0 0

#Transform 66
Transform: AffineTransform_float_3_3
Parameters: 0.999999 -0.00056937 0.00142611 0.000581628 0.99996 -0.00887117 -0.0014209 0.00887181 0.999959 -0.0451321 -0.0899616 0.373353
FixedParameters: 0 0 0

#Transform 67
Transform: AffineTransform_float_3_3
Parameters: 0.999998 -0.000342947 0.00155394 0.000356053 0.999964 -0.00840746 -0.00155106 0.00840754 0.999964 -0.0434822 -0.0686731 0.412342
FixedParameters: 0 0 0

#Transform 68
Transform: AffineTransform_float_3_3
Parameters: 0.999999 -0.000789921 0.00108368 0.000799075 0.999965 -0.00840415 -0.00107632 0.00840486 0.999964 -0.0441628 -0.0867102 0.419095
FixedParameters: 0 0 0

#Transform 69
Transform: AffineTransform_float_3_3
Parameters: 0.999998 -0.000472061 0.00181223 0.000487936 0.999961 -0.00880413 -0.00180777 0.00880587 0.999959 -0.0322391 -0.0653996 0.413842
FixedParameters: 0 0 0

#Transform 70
Transform: AffineTransform_float_3_3
Parameters: 0.999999 -0.0002972 0.00177754 0.000311805 0.999965 -0.00833246 -0.00177546 0.00833254 0.999963 -0.042317 -0.08744 0.415491
FixedParameters: 0 0 0

#Transform 71
Transform: AffineTransform_float_3_3
Parameters: 0.999998 -0.000316626 0.0016636 0.000330376 0.999967 -0.00804446 -0.0016614 0.00804554 0.999967 -0.0185875 -0.0803035 0.404489
FixedParameters: 0 0 0

#Transform 72
Transform: AffineTransform_float_3_3
Parameters: 0.999999 -0.000793132 0.00108133 0.000798866 0.999985 -0.00543714 -0.00107667 0.00543786 0.999984 -0.0138634 -0.207203 0.123928
FixedParameters: 0 0 0

#Transform 73
Transform: AffineTransform_float_3_3
Parameters: 0.999997 -0.000503311 0.00247282 0.000516688 0.999984 -0.00553774 -0.00247017 0.00553926 0.999981 -0.00829688 -0.0735683 0.107071
FixedParameters: 0 0 0

#Transform 74
Transform: AffineTransform_float_3_3
Parameters: 0.999999 -0.000786933 0.00157608 0.000799075 0.999971 -0.00767076 -0.00157092 0.00767225 0.99997 -0.0277397 -0.00379722 0.353551
FixedParameters: 0 0 0

#Transform 75
Transform: AffineTransform_float_3_3
Parameters: 0.999999 -0.00078583 0.00157663 0.000798174 0.999964 -0.00837075 -0.00157037 0.00837124 0.999963 -0.0429962 -0.0205355 0.386766
FixedParameters: 0 0 0

#Transform 76
Transform: AffineTransform_float_3_3
Parameters: 0.999999 -0.000793645 0.000977374 0.000798359 0.999984 -0.00549122 -0.000973631 0.00549178 0.999985 -0.0396024 0.0377582 0.451973
FixedParameters: 0 0 0

#Transform 77
Transform: AffineTransform_float_3_3
Parameters: 0.999999 -0.000894962 0.000978557 0.000901041 0.999981 -0.00618713 -0.000973443 0.00618888 0.999981 -0.0464368 0.0590518 0.424451
FixedParameters: 0 0 0

#Transform 78
Transform: AffineTransform_float_3_3
Parameters: 0.999999 -0.000740332 0.00106637 0.000747665 0.999973 -0.00720821 -0.00106064 0.00720879 0.999974 -0.0540581 0.00633315 0.360956
FixedParameters: 0 0 0

#Transform 79
Transform: AffineTransform_float_3_3
Parameters: 0.999999 -0.000698372 0.00133807 0.000707627 0.999974 -0.00720806 -0.00133293 0.00720894 0.999973 -0.0527897 -0.0105811 0.316932
FixedParameters: 0 0 0

#Transform 80
Transform: AffineTransform_float_3_3
Parameters: 0.999999 -0.00097817 0.000255119 0.000979828 0.999973 -0.00727075 -0.000247882 0.00727124 0.999973 -0.0550951 -0.0421335 0.348224
FixedParameters: 0 0 0

#Transform 81
Transform: AffineTransform_float_3_3
Parameters: 0.999998 -0.000320835 0.00205176 0.000338159 0.999965 -0.00837132 -0.00204824 0.00837167 0.999963 -0.0359151 -0.0932837 0.329201
FixedParameters: 0 0 0

#Transform 82
Transform: AffineTransform_float_3_3
Parameters: 1 -0.000546247 0.00103712 0.000553753 0.999972 -0.00749043 -0.00103288 0.00749057 0.999972 -0.0292753 -0.0727715 0.273747
FixedParameters: 0 0 0

#Transform 83
Transform: AffineTransform_float_3_3
Parameters: 1 -0.000303002 -0.000617021 0.000300998 0.999994 -0.00324219 0.000617979 0.00324181 0.999995 -0.0332706 -0.00567845 0.307394
FixedParameters: 0 0 0

#Transform 84
Transform: AffineTransform_float_3_3
Parameters: 1 -0.000141934 -0.000182277 0.000141068 0.999987 -0.00511203 0.000182724 0.00511197 0.999987 -0.0371084 -0.0394901 0.230772
FixedParameters: 0 0 0

#Transform 85
Transform: AffineTransform_float_3_3
Parameters: 1 -0.000474879 0.000211533 0.000476117 0.999985 -0.0053279 -0.000208466 0.0053281 0.999986 -0.033887 0.0036044 0.232172
FixedParameters: 0 0 0

#Transform 86
Transform: AffineTransform_float_3_3
Parameters: 0.999999 -0.000402303 0.000848243 0.000406695 0.999984 -0.00554366 -0.000845758 0.00554434 0.999985 -0.0308978 -0.0107295 0.289155
FixedParameters: 0 0 0

#Transform 87
Transform: AffineTransform_float_3_3
Parameters: 0.999998 9.28117e-05 0.00159484 -9.01895e-05 0.999999 -0.00176315 -0.00159416 0.00176286 0.999997 -0.0119201 0.0549117 0.252971
FixedParameters: 0 0 0

#Transform 88
Transform: AffineTransform_float_3_3
Parameters: 0.999998 -0.000274305 0.00201093 0.000281697 0.999995 -0.00333044 -0.00201007 0.00333056 0.999993 -0.00559992 0.0488275 0.299889
FixedParameters: 0 0 0

#Transform 89
Transform: AffineTransform_float_3_3
Parameters: 0.999997 -0.000398122 0.00213149 0.000405877 0.999993 -0.00369714 -0.00212951 0.00369786 0.999991 0.00876858 0.0518747 0.320182
FixedParameters: 0 0 0

#Transform 90
Transform: AffineTransform_float_3_3
Parameters: 0.999998 -0.000208512 0.00205277 0.00021649 0.999994 -0.00364857 -0.00205222 0.00364844 0.999991 0.00579822 0.0367106 0.339755
FixedParameters: 0 0 0

#Transform 91
Transform: AffineTransform_float_3_3
Parameters: 0.999997 0.00019654 0.00246818 -0.000185455 0.999991 -0.00427047 -0.00246981 0.00426953 0.999988 -0.00460416 0.0457933 0.306399
FixedParameters: 0 0 0

#Transform 92
Transform: AffineTransform_float_3_3
Parameters: 0.999996 0.00027489 0.00272954 -0.000260114 0.999985 -0.00545373 -0.00273046 0.00545327 0.999982 0.0126918 -0.017369 0.338537
FixedParameters: 0 0 0

#Transform 93
Transform: AffineTransform_float_3_3
Parameters: 0.999997 -0.000198557 0.00217917 0.000211446 0.999983 -0.00571055 -0.00217883 0.00571145 0.999982 0.0041483 -0.0015881 0.340673
FixedParameters: 0 0 0

#Transform 94
Transform: AffineTransform_float_3_3
Parameters: 0.999997 -0.000186076 0.00242494 0.000197926 0.999988 -0.00491853 -0.00242406 0.00491846 0.999985 0.0196685 -0.0840558 0.341718
FixedParameters: 0 0 0

#Transform 95
Transform: AffineTransform_float_3_3
Parameters: 0.999999 0.000492454 0.00128744 -0.000490548 0.999999 -0.00112863 -0.00128755 0.00112837 0.999998 0.0264461 -0.107045 0.197692
FixedParameters: 0 0 0

#Transform 96
Transform: AffineTransform_float_3_3
Parameters: 0.999996 0.000477686 0.00272253 -0.000475314 1 -0.000987298 -0.00272247 0.000985703 0.999996 0.0195144 0.0872027 0.243286
FixedParameters: 0 0 0

#Transform 97
Transform: AffineTransform_float_3_3
Parameters: 0.999999 -8.84766e-05 0.00126618 9.05229e-05 0.999998 -0.00199289 -0.00126582 0.00199311 0.999997 -0.0389509 0.125009 0.414606
FixedParameters: 0 0 0

#Transform 98
Transform: AffineTransform_float_3_3
Parameters: 0.999999 0.000236481 0.00126481 -0.000230519 0.999987 -0.0051213 -0.0012662 0.0051217 0.999986 -0.0419101 0.0874047 0.411683
FixedParameters: 0 0 0

#Transform 99
Transform: AffineTransform_float_3_3
Parameters: 0.999999 0.000246725 0.00182859 -0.000235272 0.999983 -0.00586344 -0.00183041 0.00586256 0.999981 -0.0189002 0.0668493 0.36263
FixedParameters: 0 0 0

#Transform 100
Transform: AffineTransform_float_3_3
Parameters: 0.999999 -3.00291e-05 0.00185626 4.29689e-05 0.999975 -0.00698793 -0.00185575 0.00698806 0.999974 -0.0186991 0.0295864 0.360287
FixedParameters: 0 0 0

#Transform 101
Transform: AffineTransform_float_3_3
Parameters: 0.999998 2.16859e-05 0.0022759 -3.31325e-06 0.999967 -0.00821003 -0.0022761 0.00820997 0.999963 -0.0203027 -0.0247186 0.335996
FixedParameters: 0 0 0

#Transform 102
Transform: AffineTransform_float_3_3
Parameters: 0.999996 -0.000142552 0.00290031 0.000167453 0.999965 -0.00843056 -0.00289969 0.00843145 0.999961 -0.0122917 -0.0248186 0.329772
FixedParameters: 0 0 0

#Transform 103
Transform: AffineTransform_float_3_3
Parameters: 0.999995 -0.000287942 0.00316468 0.000316061 0.99996 -0.00886904 -0.00316232 0.00886995 0.999955 -0.0072248 -0.0538638 0.379016
FixedParameters: 0 0 0

#Transform 104
Transform: AffineTransform_float_3_3
Parameters: 0.999994 -0.000151201 0.00346148 0.000181793 0.999961 -0.00889843 -0.00345952 0.00889958 0.999955 0.00216249 -0.054857 0.378222
FixedParameters: 0 0 0

#Transform 105
Transform: AffineTransform_float_3_3
Parameters: 0.999994 -0.000286237 0.00326674 0.000315765 0.999959 -0.00911402 -0.00326426 0.00911499 0.999953 0.00304436 -0.0707986 0.384411
FixedParameters: 0 0 0

#Transform 106
Transform: AffineTransform_float_3_3
Parameters: 0.999999 0.000137513 0.00175185 -0.000121487 0.999961 -0.00885123 -0.00175315 0.00885177 0.99996 0.0112328 -0.0686983 0.309896
FixedParameters: 0 0 0

#Transform 107
Transform: AffineTransform_float_3_3
Parameters: 0.999997 0.000392311 0.00218963 -0.000373685 0.999961 -0.00881284 -0.00219338 0.00881216 0.999959 0.0131977 -0.0894831 0.338018
FixedParameters: 0 0 0

#Transform 108
Transform: AffineTransform_float_3_3
Parameters: 0.999999 0.000163349 0.00181669 -0.000147648 0.999965 -0.00844628 -0.00181831 0.00844572 0.999962 -0.00443213 -0.086506 0.353676
FixedParameters: 0 0 0

#Transform 109
Transform: AffineTransform_float_3_3
Parameters: 0.999997 1.40441e-05 0.00242297 7.04433e-06 0.999963 -0.00868501 -0.00242303 0.008685 0.99996 0.00599994 -0.0525001 0.403547
FixedParameters: 0 0 0

#Transform 110
Transform: AffineTransform_float_3_3
Parameters: 0.999997 0.000104801 0.00223016 -8.51998e-05 0.99996 -0.00887721 -0.00223084 0.00887679 0.999958 -0.00699405 -0.0704178 0.413477
FixedParameters: 0 0 0

#Transform 111
Transform: AffineTransform_float_3_3
Parameters: 0.999997 -0.000173531 0.0024497 0.000196473 0.999958 -0.00917554 -0.0024483 0.00917545 0.999955 -0.000873118 -0.032453 0.401891
FixedParameters: 0 0 0

#Transform 112
Transform: AffineTransform_float_3_3
Parameters: 0.999997 -0.000129676 0.00244429 0.000152323 0.999959 -0.00913566 -0.00244271 0.00913535 0.999956 0.00236898 -0.0526559 0.378583
FixedParameters: 0 0 0

#Transform 113
Transform: AffineTransform_float_3_3
Parameters: 0.999998 -0.000294851 0.00225886 0.000316151 0.999956 -0.00936831 -0.00225614 0.00936869 0.999953 0.00481647 -0.0528169 0.369121
FixedParameters: 0 0 0

#Transform 114
Transform: AffineTransform_float_3_3
Parameters: 0.999997 -0.000292895 0.00233002 0.000316105 0.99995 -0.00992229 -0.00232698 0.00992271 0.999948 0.00786666 -0.0907194 0.395927
FixedParameters: 0 0 0

#Transform 115
Transform: AffineTransform_float_3_3
Parameters: 0.999998 0.000193405 0.0022963 -0.00017159 0.999956 -0.00931741 -0.0022987 0.00931758 0.999954 0.00412015 -0.0553763 0.397373
FixedParameters: 0 0 0

#Transform 116
Transform: AffineTransform_float_3_3
Parameters: 0.999997 -8.6475e-06 0.00238411 2.53516e-05 0.999977 -0.00685896 -0.00238388 0.00685904 0.999973 -0.0115365 -0.0192134 0.402347
FixedParameters: 0 0 0

#Transform 117
Transform: AffineTransform_float_3_3
Parameters: 0.999997 -0.000149172 0.00253138 0.000170826 0.999963 -0.00862559 -0.00252962 0.0086254 0.999959 -0.010224 -0.0658464 0.38505
FixedParameters: 0 0 0

#Transform 118
Transform: AffineTransform_float_3_3
Parameters: 0.999996 -0.00029209 0.0025928 0.000315912 0.999958 -0.00922622 -0.00259019 0.00922679 0.999954 -0.00334873 -0.052443 0.400768
FixedParameters: 0 0 0

#Transform 119
Transform: AffineTransform_float_3_3
Parameters: 0.999997 -0.000472568 0.0023241 0.00049743 0.999944 -0.0105229 -0.00231889 0.0105241 0.999942 -0.0141616 -0.0905132 0.464014
FixedParameters: 0 0 0

#Transform 120
Transform: AffineTransform_float_3_3
Parameters: 0.999997 -0.00030016 0.00248825 0.000325846 0.999946 -0.0103902 -0.00248575 0.0103918 0.999943 -0.00809568 -0.074392 0.439609
FixedParameters: 0 0 0

#Transform 121
Transform: AffineTransform_float_3_3
Parameters: 0.999998 -0.000186819 0.0023109 0.000209181 0.999954 -0.00960154 -0.0023091 0.00960246 0.999951 -0.0129586 -0.0556163 0.475925
FixedParameters: 0 0 0

#Transform 122
Transform: AffineTransform_float_3_3
Parameters: 0.999998 0.0001771 0.00223578 -0.000160898 0.999974 -0.00719938 -0.00223722 0.00719862 0.999971 -0.010985 -0.00174317 0.479221
FixedParameters: 0 0 0

#Transform 123
Transform: AffineTransform_float_3_3
Parameters: 0.999999 -5.62176e-05 0.00186554 7.17862e-05 0.999964 -0.00846089 -0.00186546 0.00846113 0.999963 0.00399654 -0.028954 0.450805
FixedParameters: 0 0 0

#Transform 124
Transform: AffineTransform_float_3_3
Parameters: 0.999998 -0.000212542 0.00225182 0.000231461 0.999967 -0.0082005 -0.00225018 0.0082005 0.999964 0.0106668 -0.0266086 0.435538
FixedParameters: 0 0 0

#Transform 125
Transform: AffineTransform_float_3_3
Parameters: 0.999998 -0.000204362 0.00227375 0.000222642 0.999967 -0.00820052 -0.00227225 0.00820049 0.999964 0.0033604 -0.00999246 0.456749
FixedParameters: 0 0 0

#Transform 126
Transform: AffineTransform_float_3_3
Parameters: 0.999999 -0.000401856 0.00175677 0.000418147 0.999957 -0.00919928 -0.00175323 0.00919972 0.999956 0.00135461 -0.0308375 0.450822
FixedParameters: 0 0 0

#Transform 127
Transform: AffineTransform_float_3_3
Parameters: 0.999999 -5.26213e-05 0.00175349 6.63746e-05 0.999967 -0.0082009 -0.00175252 0.00820111 0.999965 0.000197215 -0.0278613 0.4781
FixedParameters: 0 0 0

#Transform 128
Transform: AffineTransform_float_3_3
Parameters: 0.999999 -0.00028582 0.00175554 0.000301175 0.999962 -0.00865248 -0.00175246 0.00865351 0.999961 0.00100881 -0.0288376 0.489314
FixedParameters: 0 0 0

#Transform 129
Transform: AffineTransform_float_3_3
Parameters: 0.999998 -0.000197176 0.00196387 0.000214825 0.999959 -0.00907959 -0.00196213 0.0090804 0.999957 0.00175607 -0.0594666 0.482256
FixedParameters: 0 0 0

#Transform 130
Transform: AffineTransform_float_3_3
Parameters: 0.999998 -0.000282633 0.00204078 0.000302368 0.999955 -0.0094954 -0.00203822 0.00949659 0.999953 0.00238978 -0.0280167 0.51129
FixedParameters: 0 0 0

#Transform 131
Transform: AffineTransform_float_3_3
Parameters: 0.999999 -0.000262283 0.00175558 0.000278711 0.999954 -0.00952852 -0.00175242 0.00952947 0.999953 0.000924524 -0.0312814 0.496507
FixedParameters: 0 0 0

#Transform 132
Transform: AffineTransform_float_3_3
Parameters: 0.999999 -0.000429983 0.00137781 0.000442017 0.999962 -0.0087324 -0.00137419 0.0087336 0.999961 -0.0104238 -0.0285928 0.501425
FixedParameters: 0 0 0

#Transform 133
Transform: AffineTransform_float_3_3
Parameters: 0.999998 -4.69222e-05 0.00158252 6.20822e-05 0.999954 -0.00952891 -0.00158248 0.00952909 0.999954 -0.00085539 -0.0345444 0.472328
FixedParameters: 0 0 0

#Transform 134
Transform: AffineTransform_float_3_3
Parameters: 0.999998 -8.5212e-05 0.00163784 9.97892e-05 0.999959 -0.00903085 -0.00163716 0.00903115 0.999958 0.00400265 -0.0536271 0.424358
FixedParameters: 0 0 0

#Transform 135
Transform: AffineTransform_float_3_3
Parameters: 0.999998 -0.000155519 0.00175454 0.000171475 0.999956 -0.00939672 -0.00175247 0.00939729 0.999955 0.000389345 -0.0511101 0.422458
FixedParameters: 0 0 0

#Transform 136
Transform: AffineTransform_float_3_3
Parameters: 0.999999 -0.000558305 0.00133353 0.000569699 0.999967 -0.00803324 -0.00132947 0.00803375 0.999967 -0.0194765 -0.198317 0.232826
FixedParameters: 0 0 0

#Transform 137
Transform: AffineTransform_float_3_3
Parameters: 0.999999 2.35692e-05 0.00100285 -1.64372e-05 0.999971 -0.00754702 -0.00100215 0.00754698 0.999971 -0.00408327 -0.0929846 0.38793
FixedParameters: 0 0 0

#Transform 138
Transform: AffineTransform_float_3_3
Parameters: 0.999999 0.000127681 0.00124104 -0.00011832 0.999969 -0.00779715 -0.00124196 0.00779784 0.999969 0.016752 -0.0121604 0.291677
FixedParameters: 0 0 0

#Transform 139
Transform: AffineTransform_float_3_3
Parameters: 0.999999 0.000356391 0.00125537 -0.000346605 0.999972 -0.00747244 -0.00125863 0.00747256 0.999972 0.0195344 0.0377244 0.291756
FixedParameters: 0 0 0

#Transform 140
Transform: AffineTransform_float_3_3
Parameters: 0.999999 0.000222013 0.00139429 -0.000210981 0.999969 -0.0078943 -0.00139671 0.0078937 0.999968 -0.00274357 0.0127301 0.328912
FixedParameters: 0 0 0

#Transform 141
Transform: AffineTransform_float_3_3
Parameters: 0.999999 2.86263e-05 0.00130581 -1.73721e-05 0.999967 -0.00813703 -0.00130618 0.00813697 0.999966 -0.00243827 0.00452377 0.300207
FixedParameters: 0 0 0

#Transform 142
Transform: AffineTransform_float_3_3
Parameters: 0.999999 -6.12161e-05 0.0014386 7.47874e-05 0.999961 -0.00888791 -0.00143839 0.00888811 0.99996 -0.00147884 0.00493749 0.28841
FixedParameters: 0 0 0

#Transform 143
Transform: AffineTransform_float_3_3
Parameters: 0.999999 -0.000189605 0.00122282 0.000201396 0.999956 -0.00932475 -0.00122118 0.00932523 0.999956 0.0178336 -0.0531758 0.261255
FixedParameters: 0 0 0

#Transform 144
Transform: AffineTransform_float_3_3
Parameters: 0.999999 -0.000186574 0.00148089 0.000201428 0.999953 -0.00974772 -0.00147911 0.0097473 0.999952 0.0234954 -0.0604054 0.280591
FixedParameters: 0 0 0

#Transform 145
Transform: AffineTransform_float_3_3
Parameters: 0.999999 -0.000185974 0.00155487 0.000201018 0.999953 -0.0096697 -0.00155213 0.0096693 0.999952 0.0225253 -0.0746368 0.303171
FixedParameters: 0 0 0

#Transform 146
Transform: AffineTransform_float_3_3
Parameters: 0.999999 -0.000186475 0.00155481 0.000201518 0.999957 -0.0093477 -0.00155218 0.0093473 0.999955 0.021157 -0.0650843 0.32413
FixedParameters: 0 0 0

#Transform 147
Transform: AffineTransform_float_3_3
Parameters: 0.999999 -0.00018491 0.00175777 0.000201092 0.999958 -0.00915767 -0.00175623 0.00915834 0.999957 0.0272108 -0.0680011 0.345498
FixedParameters: 0 0 0

#Transform 148
Transform: AffineTransform_float_3_3
Parameters: 0.999999 -0.000184897 0.00174778 0.000201105 0.999957 -0.00921766 -0.00174622 0.00921833 0.999956 0.0340885 -0.0740817 0.374389
FixedParameters: 0 0 0

#Transform 149
Transform: AffineTransform_float_3_3
Parameters: 0.999999 -0.000184596 0.0018607 0.000201407 0.999961 -0.00881964 -0.0018593 0.00882036 0.99996 0.0338953 -0.0318234 0.348281
FixedParameters: 0 0 0

#Transform 150
Transform: AffineTransform_float_3_3
Parameters: 0.999998 -0.000127278 0.00198022 0.000144731 0.99996 -0.00895273 -0.00197978 0.00895227 0.999958 0.0354238 -0.0571334 0.374228
FixedParameters: 0 0 0

#Transform 151
Transform: AffineTransform_float_3_3
Parameters: 0.999998 -0.000183737 0.00193072 0.000201265 0.99996 -0.00894463 -0.00192928 0.00894537 0.999958 0.0349684 -0.0460098 0.380825
FixedParameters: 0 0 0

#Transform 152
Transform: AffineTransform_float_3_3
Parameters: 0.999998 -0.000183241 0.00197373 0.00020176 0.999959 -0.00900061 -0.00197226 0.00900137 0.999957 0.0400325 -0.0455798 0.398279
FixedParameters: 0 0 0

#Transform 153
Transform: AffineTransform_float_3_3
Parameters: 0.999998 -0.000180217 0.00226575 0.000201785 0.999958 -0.00917557 -0.00226425 0.00917643 0.999956 0.0384695 -0.057994 0.396012
FixedParameters: 0 0 0

#Transform 154
Transform: AffineTransform_float_3_3
Parameters: 0.999997 -0.000348735 0.00246525 0.000370263 0.999959 -0.00903712 -0.00246175 0.00903789 0.999956 0.0408324 -0.034123 0.388586
FixedParameters: 0 0 0

#Transform 155
Transform: AffineTransform_float_3_3
Parameters: 0.999997 -0.000278927 0.0021467 0.000299077 0.999956 -0.00935638 -0.00214429 0.00935662 0.999954 0.0284482 -0.0543216 0.447151
FixedParameters: 0 0 0

#Transform 156
Transform: AffineTransform_float_3_3
Parameters: 0.999997 -0.00031297 0.00235917 0.000336027 0.999952 -0.00976723 -0.00235583 0.00976876 0.999949 0.033826 -0.0612498 0.438368
FixedParameters: 0 0 0

#Transform 157
Transform: AffineTransform_float_3_3
Parameters: 0.999998 -0.00028721 0.00224889 0.000308792 0.999953 -0.00969533 -0.00224611 0.00969567 0.999951 0.036934 -0.0393097 0.462831
FixedParameters: 0 0 0

#Transform 158
Transform: AffineTransform_float_3_3
Parameters: 0.999996 -0.000630284 0.00279815 0.000657715 0.999954 -0.0095572 -0.00279184 0.0095588 0.999951 0.0247756 -0.0761901 0.442432
FixedParameters: 0 0 0

#Transform 159
Transform: AffineTransform_float_3_3
Parameters: 0.999996 -0.00062865 0.00279852 0.000657356 0.999949 -0.0101412 -0.00279248 0.0101428 0.999944 0.0380443 -0.0562456 0.420147
FixedParameters: 0 0 0

#Transform 160
Transform: AffineTransform_float_3_3
Parameters: 0.999996 -0.000445865 0.00279646 0.000473142 0.999952 -0.00971071 -0.00279254 0.00971128 0.999949 0.0404105 -0.0553949 0.457297
FixedParameters: 0 0 0

#Transform 161
Transform: AffineTransform_float_3_3
Parameters: 0.999996 -0.000455535 0.00303457 0.000484468 0.999952 -0.00971557 -0.00303044 0.00971743 0.999948 0.0422356 -0.0585908 0.470557
FixedParameters: 0 0 0

#Transform 162
Transform: AffineTransform_float_3_3
Parameters: 0.999996 -0.00046858 0.00279656 0.000494423 0.999955 -0.00945366 -0.00279245 0.00945535 0.999952 0.0409319 -0.0369888 0.441298
FixedParameters: 0 0 0

#Transform 163
Transform: AffineTransform_float_3_3
Parameters: 0.999997 -0.000237159 0.00264525 0.00026084 0.99996 -0.00901634 -0.00264276 0.00901666 0.999956 0.0511493 -0.0524429 0.415555
FixedParameters: 0 0 0

#Transform 164
Transform: AffineTransform_float_3_3
Parameters: 0.999996 -0.000631476 0.00279788 0.000657525 0.999958 -0.0091312 -0.00279211 0.00913281 0.999955 0.0413991 -0.0331073 0.427664
FixedParameters: 0 0 0

#Transform 165
Transform: AffineTransform_float_3_3
Parameters: 0.999997 -0.000673098 0.00233343 0.000694898 0.999955 -0.0093984 -0.00232657 0.00939959 0.999953 0.0282046 -0.0525731 0.470894
FixedParameters: 0 0 0

#Transform 166
Transform: AffineTransform_float_3_3
Parameters: 0.999996 -0.000719799 0.00269087 0.000745202 0.999956 -0.00937603 -0.00268413 0.00937797 0.999953 0.0412322 -0.0520937 0.45641
FixedParameters: 0 0 0

#Transform 167
Transform: AffineTransform_float_3_3
Parameters: 0.999996 -0.000750257 0.00279759 0.000777747 0.999951 -0.00992887 -0.00279041 0.00993114 0.999947 0.0419434 -0.0444396 0.456226
FixedParameters: 0 0 0

#Transform 168
Transform: AffineTransform_float_3_3
Parameters: 0.999997 -0.000843163 0.00233537 0.000866833 0.999951 -0.00979501 -0.00232662 0.00979699 0.99995 0.0398533 -0.0536535 0.469466
FixedParameters: 0 0 0

#Transform 169
Transform: AffineTransform_float_3_3
Parameters: 0.999997 -0.000796979 0.00233498 0.000820022 0.999951 -0.00987511 -0.00232701 0.00987688 0.999948 0.0303665 -0.0381587 0.475534
FixedParameters: 0 0 0

#Transform 170
Transform: AffineTransform_float_3_3
Parameters: 0.999998 -0.000836446 0.00208536 0.000857551 0.999951 -0.00987524 -0.00207663 0.00987676 0.999949 0.0295301 -0.0358221 0.477711
FixedParameters: 0 0 0

#Transform 171
Transform: AffineTransform_float_3_3
Parameters: 0.999997 -0.000345522 0.0023306 0.000369473 0.999949 -0.0100812 -0.0023264 0.0100818 0.999947 0.0163668 -0.0401845 0.53298
FixedParameters: 0 0 0

#Transform 172
Transform: AffineTransform_float_3_3
Parameters: 0.999999 -2.22394e-05 0.00176041 4.47677e-05 0.999923 -0.0123619 -0.00176058 0.0123621 0.999922 -0.010386 -0.0806332 0.603549
FixedParameters: 0 0 0

#Transform 173
Transform: AffineTransform_float_3_3
Parameters: 0.999997 -0.000334609 0.00270294 0.000364392 0.999936 -0.0112511 -0.00269907 0.0112519 0.999933 -0.0207319 -0.0468005 0.586601
FixedParameters: 0 0 0

#Transform 174
Transform: AffineTransform_float_3_3
Parameters: 0.999997 -0.000323922 0.00252239 0.000342076 0.999974 -0.00717016 -0.00251961 0.00717084 0.999971 0.0226596 -0.0597395 0.378925
FixedParameters: 0 0 0

#Transform 175
Transform: AffineTransform_float_3_3
Parameters: 0.999999 -0.000629004 0.00176 0.000628996 1 3.10704e-06 -0.00176 -1.89295e-06 0.999999 0.0216631 0.0303681 0.25379
FixedParameters: 0 0 0

#Transform 176
Transform: AffineTransform_float_3_3
Parameters: 0.999999 -0.000587396 0.00169501 0.000595604 0.999987 -0.00508 -0.001692 0.005081 0.999985 -0.0218606 0.128082 0.43098
FixedParameters: 0 0 0

#Transform 177
Transform: AffineTransform_float_3_3
Parameters: 0.999996 -0.000210175 0.00303744 0.000229823 0.999978 -0.00652833 -0.00303557 0.00652867 0.999974 0.0231147 0.0821264 0.388745
FixedParameters: 0 0 0

#Transform 178
Transform: AffineTransform_float_3_3
Parameters: 0.999998 -0.000531033 0.0016612 0.000543964 0.99997 -0.00781411 -0.0016568 0.00781589 0.999968 -0.023777 0.0478292 0.451477
FixedParameters: 0 0 0

#Transform 179
Transform: AffineTransform_float_3_3
Parameters: 0.999999 -0.000816598 0.00167858 0.000832397 0.999958 -0.00919563 -0.00167042 0.00919739 0.999957 -0.00966074 0.0423995 0.428757
FixedParameters: 0 0 0
