# transform file /out/sourcedata/freesurfer/sub-v1s15x0050200_ses-1/mri/transforms/cc_up.lta
# created by oesteban on Sun Mar  8 22:13:43 2026

type      = 0 # LINEAR_VOX_TO_VOX
nxforms   = 1
mean      = 129.0000 92.0000 132.0000
sigma     = 10000.0000
1 4 4
9.932611584663391e-01 -7.224194705486298e-02 9.062833338975906e-02 -4.352872848510742e+00 
7.194309681653976e-02 9.973872303962708e-01 6.564319133758545e-03 3.727375793457031e+01 
-9.086575359106064e-02 4.656613428188905e-10 9.958631396293640e-01 6.999276638031006e+00 
0.000000000000000e+00 0.000000000000000e+00 0.000000000000000e+00 1.000000000000000e+00 
src volume info
valid = 1  # volume info valid
filename = /out/sourcedata/freesurfer/sub-v1s15x0050200_ses-1/mri/norm.mgz
volume = 256 256 256
voxelsize = 1.000000000000000e+00 1.000000000000000e+00 1.000000000000000e+00
xras   = -1.000000000000000e+00 0.000000000000000e+00 0.000000000000000e+00
yras   = 0.000000000000000e+00 0.000000000000000e+00 -1.000000000000000e+00
zras   = 0.000000000000000e+00 1.000000000000000e+00 0.000000000000000e+00
cras   = 5.655998229980469e+00 1.438003540039062e+00 -1.121899414062500e+01
dst volume info
valid = 1  # volume info valid
filename = /out/sourcedata/freesurfer/sub-v1s15x0050200_ses-1/mri/norm.mgz
volume = 256 256 256
voxelsize = 1.000000000000000e+00 1.000000000000000e+00 1.000000000000000e+00
xras   = -1.000000000000000e+00 0.000000000000000e+00 0.000000000000000e+00
yras   = 0.000000000000000e+00 0.000000000000000e+00 -1.000000000000000e+00
zras   = 0.000000000000000e+00 1.000000000000000e+00 0.000000000000000e+00
cras   = 5.655998229980469e+00 1.438003540039062e+00 -1.121899414062500e+01
