# transform file /out/sourcedata/freesurfer/sub-v1s15x0050190_ses-1/mri/transforms/cc_up.lta
# created by oesteban on Sun Mar  8 21:57:18 2026

type      = 0 # LINEAR_VOX_TO_VOX
nxforms   = 1
mean      = 126.0000 96.0000 124.0000
sigma     = 10000.0000
1 4 4
9.982020258903503e-01 3.990310244262218e-03 -5.980733409523964e-02 8.492688179016113e+00 
-3.983167000114918e-03 9.999920725822449e-01 2.386516862316057e-04 4.747622299194336e+01 
5.980781093239784e-02 0.000000000000000e+00 9.982099533081055e-01 2.647406339645386e+00 
0.000000000000000e+00 0.000000000000000e+00 0.000000000000000e+00 1.000000000000000e+00 
src volume info
valid = 1  # volume info valid
filename = /out/sourcedata/freesurfer/sub-v1s15x0050190_ses-1/mri/norm.mgz
volume = 256 256 256
voxelsize = 1.000000000000000e+00 1.000000000000000e+00 1.000000000000000e+00
xras   = -1.000000000000000e+00 0.000000000000000e+00 0.000000000000000e+00
yras   = 0.000000000000000e+00 0.000000000000000e+00 -1.000000000000000e+00
zras   = 0.000000000000000e+00 1.000000000000000e+00 0.000000000000000e+00
cras   = -2.664299011230469e+00 6.125000000000000e+00 -2.504699707031250e+01
dst volume info
valid = 1  # volume info valid
filename = /out/sourcedata/freesurfer/sub-v1s15x0050190_ses-1/mri/norm.mgz
volume = 256 256 256
voxelsize = 1.000000000000000e+00 1.000000000000000e+00 1.000000000000000e+00
xras   = -1.000000000000000e+00 0.000000000000000e+00 0.000000000000000e+00
yras   = 0.000000000000000e+00 0.000000000000000e+00 -1.000000000000000e+00
zras   = 0.000000000000000e+00 1.000000000000000e+00 0.000000000000000e+00
cras   = -2.664299011230469e+00 6.125000000000000e+00 -2.504699707031250e+01
