#Insight Transform File V1.0
#Transform 0
Transform: AffineTransform_float_3_3
Parameters: 1 -0.000400742 -0.000572882 0.000401259 0.999998 0.00219777 0.000572119 -0.00219823 0.999998 0.0130085 0.0305082 -0.0754923
FixedParameters: 0 0 0

#Transform 1
Transform: AffineTransform_float_3_3
Parameters: 0.999999 -0.000417872 -0.000572824 0.000419128 0.999998 0.00197076 0.000572175 -0.00197124 0.999998 0.0193532 0.0323634 -0.0856188
FixedParameters: 0 0 0

#Transform 2
Transform: AffineTransform_float_3_3
Parameters: 1 -0.000394214 -0.000572542 0.000394787 0.999999 0.00137377 0.000572458 -0.00137423 0.999999 0.0236373 0.0370422 -0.0693702
FixedParameters: 0 0 0

#Transform 3
Transform: AffineTransform_float_3_3
Parameters: 1 9.62104e-07 -0.000571999 -3.7894e-08 0.999998 0.001682 0.000572001 -0.001682 0.999999 0.0242896 0.0124045 -0.068863
FixedParameters: 0 0 0

#Transform 4
Transform: AffineTransform_float_3_3
Parameters: 1 8.01944e-07 -0.000571999 -1.98055e-07 0.999999 0.001402 0.000572001 -0.001402 0.999999 0.0219223 0.010718 -0.0789728
FixedParameters: 0 0 0

#Transform 5
Transform: AffineTransform_float_3_3
Parameters: 1 7.77348e-07 -0.000571999 -2.22651e-07 0.999999 0.001359 0.000572001 -0.001359 0.999999 0.013733 0.0111536 -0.0713367
FixedParameters: 0 0 0

#Transform 6
Transform: AffineTransform_float_3_3
Parameters: 1 3.9221e-07 -0.000455 3.9221e-07 0.999999 0.000861999 0.000455 -0.000861999 0.999999 0.00353382 0.00470663 -0.0808106
FixedParameters: 0 0 0

#Transform 7
Transform: AffineTransform_float_3_3
Parameters: 1 -0.000391507 -0.000572338 0.000391493 0.999999 0.000861776 0.000572663 -0.000861224 1 0.0162797 0.00290939 -0.0806362
FixedParameters: 0 0 0

#Transform 8
Transform: AffineTransform_float_3_3
Parameters: 1 -0.000298812 -0.000218258 0.000298188 0.999999 0.000861934 0.000217743 -0.000861064 0.999999 0.00138619 0.0100853 -0.0811014
FixedParameters: 0 0 0

#Transform 9
Transform: AffineTransform_float_3_3
Parameters: 1 3.64626e-07 -0.000423 3.64626e-07 0.999999 0.000861999 0.000423 -0.000861999 0.999999 0.00326365 0.0408076 -0.0808379
FixedParameters: 0 0 0

#Transform 10
Transform: AffineTransform_float_3_3
Parameters: 1 3.78418e-07 -0.000439 3.78418e-07 0.999999 0.000861999 0.000439 -0.000861999 0.999999 0.00340017 0.0105693 -0.0522007
FixedParameters: 0 0 0

#Transform 11
Transform: AffineTransform_float_3_3
Parameters: 1 3.96396e-07 -0.000572 3.96396e-07 1 0.000692999 0.000572 -0.000692999 0.999999 0.00443448 -0.00782474 -0.0634671
FixedParameters: 0 0 0

#Transform 12
Transform: AffineTransform_float_3_3
Parameters: 1 1.21264e-07 -0.000572 1.21264e-07 1 0.000212 0.000572 -0.000212 1 0.00442919 0.00740924 -0.0612173
FixedParameters: 0 0 0

#Transform 13
Transform: AffineTransform_float_3_3
Parameters: 1 4.0704e-08 -0.000192 4.0704e-08 1 0.000212 0.000192 -0.000212 1 0.00147536 0.0103014 -0.0511502
FixedParameters: 0 0 0

#Transform 14
Transform: AffineTransform_float_3_3
Parameters: 1 -5.3033e-08 -0.000293 -5.3033e-08 1 -0.000181 0.000293 0.000181 1 0.00623469 0.00967646 -0.0505556
FixedParameters: 0 0 0

#Transform 15
Transform: AffineTransform_float_3_3
Parameters: 1 0.000161023 -0.000107966 -0.000160977 1 0.000212017 0.000108034 -0.000211983 1 0.00101026 0.0111504 -0.0512095
FixedParameters: 0 0 0

#Transform 16
Transform: AffineTransform_float_3_3
Parameters: 1 5.552e-08 -0.000347 5.552e-08 1 0.00016 0.000347 -0.00016 1 0.00269666 0.00600226 -0.0424438
FixedParameters: 0 0 0

#Transform 17
Transform: AffineTransform_float_3_3
Parameters: 1 -8.7435e-08 -0.000335 -8.7435e-08 1 -0.000261 0.000335 0.000261 1 0.00257416 0.0174177 -0.0285823
FixedParameters: 0 0 0

#Transform 18
Transform: AffineTransform_float_3_3
Parameters: 1 1.21264e-07 -0.000572 1.21264e-07 1 0.000212 0.000572 -0.000212 1 0.00439744 0.027513 -0.00570457
FixedParameters: 0 0 0

#Transform 19
Transform: AffineTransform_float_3_3
Parameters: 1 -2.958e-08 -0.000145 -2.958e-08 1 -0.000204 0.000145 0.000204 1 0.00106498 0.00789527 0.0226563
FixedParameters: 0 0 0

#Transform 20
Transform: AffineTransform_float_3_3
Parameters: 1 1.65e-10 -3.3e-05 1.65e-10 1 5e-06 3.3e-05 -5e-06 1 0.000182601 0.00534145 0.00306467
FixedParameters: 0 0 0

#Transform 21
Transform: AffineTransform_float_3_3
Parameters: 1 7.30172e-05 -8.09845e-05 -7.29828e-05 1 0.000212006 8.10155e-05 -0.000211994 1 0.000594782 0.0262358 0.00658699
FixedParameters: 0 0 0

#Transform 22
Transform: AffineTransform_float_3_3
Parameters: 1 8.004e-09 -0.000116 8.004e-09 1 6.9e-05 0.000116 -6.9e-05 1 0.0160202 0.0203287 0.00666239
FixedParameters: 0 0 0

#Transform 23
Transform: AffineTransform_float_3_3
Parameters: 1 6.1707e-08 -0.000201 6.1707e-08 1 0.000307 0.000201 -0.000307 1 0.00155867 0.0385088 -0.0055852
FixedParameters: 0 0 0

#Transform 24
Transform: AffineTransform_float_3_3
Parameters: 1 -1.6874e-07 -0.000572 -1.6874e-07 1 -0.000295 0.000572 0.000295 1 0.00438995 0.0431019 0.00739591
FixedParameters: 0 0 0

#Transform 25
Transform: AffineTransform_float_3_3
Parameters: 1 -1.6874e-07 -0.000572 -1.6874e-07 1 -0.000295 0.000572 0.000295 1 0.00693982 0.00627018 0.0268505
FixedParameters: 0 0 0

#Transform 26
Transform: AffineTransform_float_3_3
Parameters: 1 0.000293981 -0.000298019 -0.000294019 1 -6.39124e-05 0.000297981 6.40876e-05 1 0.00260082 -0.0166656 -0.00808279
FixedParameters: 0 0 0

#Transform 27
Transform: AffineTransform_float_3_3
Parameters: 1 0.000154874 -0.000208094 -0.000155126 1 -0.000606967 0.000207906 0.000607032 1 0.0017139 -0.00607584 -0.00753614
FixedParameters: 0 0 0

#Transform 28
Transform: AffineTransform_float_3_3
Parameters: 1 0.000154959 -0.000294022 -0.000155041 1 -0.000140954 0.000293978 0.000141046 1 -0.0103054 0.0322152 0.0282206
FixedParameters: 0 0 0

#Transform 29
Transform: AffineTransform_float_3_3
Parameters: 1 0.000388949 -0.000173115 -0.000389051 1 -0.000294933 0.000172885 0.000295067 1 -0.00337488 -0.00637765 0.02816
FixedParameters: 0 0 0

#Transform 30
Transform: AffineTransform_float_3_3
Parameters: 1 0.000359009 3.08941e-05 -0.000358991 1 -0.000295011 -3.11059e-05 0.000294989 1 0.00401964 0.00473246 0.0235297
FixedParameters: 0 0 0

#Transform 31
Transform: AffineTransform_float_3_3
Parameters: 0.999999 0.000964838 -0.000974159 -0.00096516 0.999999 -0.00016406 0.000974841 0.000165941 1 -0.00458772 0.0350164 0.0837796
FixedParameters: 0 0 0

#Transform 32
Transform: AffineTransform_float_3_3
Parameters: 1 0.000690507 -0.000764447 -0.000691493 0.999999 -0.000645472 0.000763555 0.000645528 1 -0.00806156 0.0379264 0.0702403
FixedParameters: 0 0 0

#Transform 33
Transform: AffineTransform_float_3_3
Parameters: 1 0.001131 -5.20305e-05 -0.001131 1 -2.69412e-05 5.19694e-05 2.70588e-05 1 -0.00530928 -0.0147136 0.0799433
FixedParameters: 0 0 0

#Transform 34
Transform: AffineTransform_float_3_3
Parameters: 0.999999 0.00108628 -0.000571463 -0.00108572 1 0.000494621 0.000572537 -0.000494378 0.999999 0.00546148 0.00428834 0.104
FixedParameters: 0 0 0

#Transform 35
Transform: AffineTransform_float_3_3
Parameters: 0.999998 0.00116991 -0.00162079 -0.00117109 0.999999 -0.000669104 0.00162022 0.000670897 0.999999 -0.00111075 0.0378937 0.0912488
FixedParameters: 0 0 0

#Transform 36
Transform: AffineTransform_float_3_3
Parameters: 0.999998 0.000877601 -0.00139388 -0.000879398 0.999999 -0.00100278 0.00139312 0.00100422 0.999998 -0.00290189 0.0314542 0.0988969
FixedParameters: 0 0 0

#Transform 37
Transform: AffineTransform_float_3_3
Parameters: 0.999998 0.00093621 -0.00162104 -0.000937791 0.999999 -0.00110448 0.00161997 0.00110552 0.999998 -0.00182687 0.0360664 0.108692
FixedParameters: 0 0 0

#Transform 38
Transform: AffineTransform_float_3_3
Parameters: 0.999999 0.000650298 -0.00162189 -0.000654702 0.999995 -0.00289994 0.00162011 0.00290106 0.999994 0.000578095 0.0335058 0.0631486
FixedParameters: 0 0 0

#Transform 39
Transform: AffineTransform_float_3_3
Parameters: 0.999997 0.000666088 -0.00242635 -0.000670911 0.999997 -0.00202438 0.00242465 0.00202562 0.999995 0.0194594 0.0441815 0.0819885
FixedParameters: 0 0 0

#Transform 40
Transform: AffineTransform_float_3_3
Parameters: 0.999998 0.000916886 -0.00203286 -0.000921115 0.999997 -0.00202413 0.00203114 0.00202587 0.999996 0.0146642 0.0334882 0.0935968
FixedParameters: 0 0 0

#Transform 41
Transform: AffineTransform_float_3_3
Parameters: 0.999997 0.00119522 -0.00244033 -0.00120178 0.999996 -0.00277808 0.00243767 0.00278093 0.999993 0.0203613 0.00961143 0.0543419
FixedParameters: 0 0 0

#Transform 42
Transform: AffineTransform_float_3_3
Parameters: 0.999996 0.00126004 -0.00245356 -0.00126496 0.999997 -0.0020229 0.00245044 0.0020261 0.999995 0.0203471 0.0224007 0.0698265
FixedParameters: 0 0 0

#Transform 43
Transform: AffineTransform_float_3_3
Parameters: 0.999996 0.00131582 -0.00248175 -0.00132118 0.999997 -0.00208773 0.00247925 0.00209027 0.999994 0.00779593 0.0260028 0.0770076
FixedParameters: 0 0 0

#Transform 44
Transform: AffineTransform_float_3_3
Parameters: 0.999997 0.00121169 -0.00243714 -0.0012183 0.999996 -0.00258704 0.00243385 0.00259096 0.999993 0.0039728 0.0534724 0.0945195
FixedParameters: 0 0 0

#Transform 45
Transform: AffineTransform_float_3_3
Parameters: 0.999997 0.00121287 -0.00218685 -0.00121813 0.999996 -0.00234434 0.00218415 0.00234665 0.999995 0.0182444 0.0256463 0.0786616
FixedParameters: 0 0 0

#Transform 46
Transform: AffineTransform_float_3_3
Parameters: 0.999997 0.000539255 -0.00243528 -0.000544743 0.999997 -0.00235868 0.00243372 0.00236032 0.999995 0.00661824 -0.0234302 0.00828316
FixedParameters: 0 0 0

#Transform 47
Transform: AffineTransform_float_3_3
Parameters: 0.999997 0.000676671 -0.00243774 -0.000690331 0.999985 -0.00547133 0.00243426 0.00547266 0.999982 0.00574073 -0.0102195 0.0769091
FixedParameters: 0 0 0

#Transform 48
Transform: AffineTransform_float_3_3
Parameters: 0.999998 0.000809857 -0.00183317 -0.000817141 0.999992 -0.00389851 0.00182983 0.00390049 0.99999 0.0151052 0.00815864 0.0191703
FixedParameters: 0 0 0

#Transform 49
Transform: AffineTransform_float_3_3
Parameters: 0.999998 0.00111207 -0.00130023 -0.00111692 0.999992 -0.00379255 0.00129577 0.00379445 0.999992 -0.00768363 0.0257295 0.115031
FixedParameters: 0 0 0

#Transform 50
Transform: AffineTransform_float_3_3
Parameters: 0.999999 0.000643054 -0.00158184 -0.000649944 0.99999 -0.00439498 0.00157816 0.00439602 0.999989 -0.00590281 0.0128467 0.115853
FixedParameters: 0 0 0

#Transform 51
Transform: AffineTransform_float_3_3
Parameters: 0.999999 0.000811915 -0.00122538 -0.000817083 0.999991 -0.004155 0.00122161 0.00415599 0.99999 -0.0224916 0.00842523 0.11302
FixedParameters: 0 0 0

#Transform 52
Transform: AffineTransform_float_3_3
Parameters: 0.999998 0.000529969 -0.00151319 -0.00053903 0.999982 -0.00597419 0.00150981 0.00597481 0.999981 -0.0380813 0.0183769 0.168382
FixedParameters: 0 0 0

#Transform 53
Transform: AffineTransform_float_3_3
Parameters: 0.999999 0.00066448 -0.0014071 -0.000671519 0.999989 -0.00463806 0.0014039 0.00463894 0.999989 -0.0237408 0.0383271 0.0654884
FixedParameters: 0 0 0

#Transform 54
Transform: AffineTransform_float_3_3
Parameters: 0.999998 0.000809093 -0.00155115 -0.000817906 0.999986 -0.00510374 0.00154684 0.00510426 0.999986 -0.02251 0.0297091 0.0907568
FixedParameters: 0 0 0

#Transform 55
Transform: AffineTransform_float_3_3
Parameters: 0.999997 0.00116852 -0.00188154 -0.00117847 0.999984 -0.00557579 0.00187446 0.0055782 0.999982 -0.0196643 0.0156661 0.121898
FixedParameters: 0 0 0

#Transform 56
Transform: AffineTransform_float_3_3
Parameters: 0.999998 0.000807378 -0.00185821 -0.000817627 0.999986 -0.00518349 0.00185479 0.00518451 0.999985 -0.00652293 0.0116511 0.113681
FixedParameters: 0 0 0

#Transform 57
Transform: AffineTransform_float_3_3
Parameters: 0.999997 0.00183114 -0.00192977 -0.00183387 0.999998 -0.000965464 0.00192823 0.000968534 0.999997 0.00831602 -0.083096 -0.0537729
FixedParameters: 0 0 0

#Transform 58
Transform: AffineTransform_float_3_3
Parameters: 0.999994 0.00179248 -0.00296921 -0.00180652 0.999988 -0.00455766 0.00296079 0.00456334 0.999985 -0.047941 -0.06686 0.177325
FixedParameters: 0 0 0

#Transform 59
Transform: AffineTransform_float_3_3
Parameters: 0.999996 0.000756187 -0.00267466 -0.000768811 0.999988 -0.00479296 0.00267035 0.00479504 0.999985 0.0385571 0.0437839 0.150202
FixedParameters: 0 0 0

#Transform 60
Transform: AffineTransform_float_3_3
Parameters: 0.999996 0.000770692 -0.00267429 -0.000782307 0.99999 -0.00422993 0.00267072 0.00423208 0.999988 0.0192815 0.0604549 0.149734
FixedParameters: 0 0 0

#Transform 61
Transform: AffineTransform_float_3_3
Parameters: 0.999995 0.00174193 -0.0026802 -0.00175607 0.999984 -0.00525732 0.0026708 0.00526168 0.999982 -0.0403683 0.0635733 0.209997
FixedParameters: 0 0 0

#Transform 62
Transform: AffineTransform_float_3_3
Parameters: 0.999996 0.00147185 -0.00250795 -0.00148714 0.99998 -0.00604729 0.00249905 0.0060517 0.999978 -0.0223207 0.043465 0.188401
FixedParameters: 0 0 0

#Transform 63
Transform: AffineTransform_float_3_3
Parameters: 0.999995 0.000523436 -0.00313798 -0.000540565 0.999984 -0.00559934 0.00313502 0.00560067 0.99998 0.00352583 0.0650397 0.210982
FixedParameters: 0 0 0

#Transform 64
Transform: AffineTransform_float_3_3
Parameters: 0.999985 0.0015672 -0.00523163 -0.00161181 0.999962 -0.00857069 0.00521837 0.0085793 0.999949 -0.0546756 0.032332 0.2793
FixedParameters: 0 0 0

#Transform 65
Transform: AffineTransform_float_3_3
Parameters: 0.999986 0.00179891 -0.00486614 -0.00184209 0.999959 -0.00886515 0.00484985 0.00887384 0.999949 -0.0572985 0.0213247 0.265263
FixedParameters: 0 0 0

#Transform 66
Transform: AffineTransform_float_3_3
Parameters: 0.999992 0.00174347 -0.00344112 -0.00177353 0.999962 -0.00859597 0.00342687 0.00860204 0.999957 -0.0526354 -0.00820961 0.259695
FixedParameters: 0 0 0

#Transform 67
Transform: AffineTransform_float_3_3
Parameters: 0.999993 0.00141271 -0.00328599 -0.00143829 0.99997 -0.00770632 0.00327501 0.00771168 0.999965 -0.0407264 0.0258679 0.223711
FixedParameters: 0 0 0

#Transform 68
Transform: AffineTransform_float_3_3
Parameters: 0.999994 0.00169643 -0.00302576 -0.00171957 0.99997 -0.00747284 0.00301323 0.00747815 0.999967 -0.0420188 0.0237248 0.234159
FixedParameters: 0 0 0

#Transform 69
Transform: AffineTransform_float_3_3
Parameters: 0.999994 0.00173875 -0.00302648 -0.00176225 0.999969 -0.00769871 0.00301252 0.00770328 0.999966 -0.0431961 -0.0077754 0.249686
FixedParameters: 0 0 0

#Transform 70
Transform: AffineTransform_float_3_3
Parameters: 0.999993 0.00152397 -0.00320901 -0.00154903 0.999969 -0.00781108 0.00319699 0.00781693 0.999965 -0.046168 0.0245227 0.24288
FixedParameters: 0 0 0

#Transform 71
Transform: AffineTransform_float_3_3
Parameters: 0.999994 0.00177986 -0.00302792 -0.00180514 0.999964 -0.00832058 0.00301308 0.00832541 0.999961 -0.0405178 -0.0118492 0.22643
FixedParameters: 0 0 0

#Transform 72
Transform: AffineTransform_float_3_3
Parameters: 0.999994 0.00178492 -0.00302852 -0.00181107 0.999961 -0.00862957 0.00301248 0.00863543 0.999958 -0.0385694 -0.00722122 0.2267
FixedParameters: 0 0 0

#Transform 73
Transform: AffineTransform_float_3_3
Parameters: 0.999993 0.00192404 -0.00303093 -0.00195196 0.999956 -0.00924814 0.00301307 0.00925386 0.999952 -0.0438699 0.00943184 0.227559
FixedParameters: 0 0 0

#Transform 74
Transform: AffineTransform_float_3_3
Parameters: 0.999993 0.00169593 -0.00339121 -0.00172507 0.999959 -0.00888521 0.0033758 0.00889079 0.999955 -0.045037 0.0296729 0.227568
FixedParameters: 0 0 0

#Transform 75
Transform: AffineTransform_float_3_3
Parameters: 0.999995 0.00150716 -0.00302601 -0.00153284 0.999962 -0.00855641 0.00301299 0.00856059 0.999959 -0.0343588 -0.00753732 0.226721
FixedParameters: 0 0 0

#Transform 76
Transform: AffineTransform_float_3_3
Parameters: 0.999994 0.0013927 -0.00319504 -0.00142029 0.999963 -0.00855652 0.00318296 0.00856149 0.999959 -0.0254999 0.0464171 0.188512
FixedParameters: 0 0 0

#Transform 77
Transform: AffineTransform_float_3_3
Parameters: 0.999994 0.00152433 -0.0033168 -0.00155467 0.999958 -0.0089619 0.0033032 0.00896709 0.999955 -0.0272138 0.0154688 0.179879
FixedParameters: 0 0 0

#Transform 78
Transform: AffineTransform_float_3_3
Parameters: 0.999992 0.00187232 -0.00349028 -0.00190569 0.999952 -0.00967343 0.00347172 0.00967958 0.999947 -0.0391244 -0.000803846 0.25051
FixedParameters: 0 0 0

#Transform 79
Transform: AffineTransform_float_3_3
Parameters: 0.999994 0.000985611 -0.00347277 -0.00101539 0.999961 -0.00875953 0.00346424 0.00876347 0.999955 0.00984277 0.0346223 0.249964
FixedParameters: 0 0 0

#Transform 80
Transform: AffineTransform_float_3_3
Parameters: 0.999995 0.000384824 -0.00306122 -0.000417172 0.999944 -0.0105168 0.00305678 0.0105182 0.99994 0.0720841 0.0352795 0.291951
FixedParameters: 0 0 0

#Transform 81
Transform: AffineTransform_float_3_3
Parameters: 0.999993 0.000862724 -0.00359739 -0.000901271 0.999943 -0.0106518 0.0035876 0.0106552 0.999937 0.0262533 0.0231379 0.307866
FixedParameters: 0 0 0

#Transform 82
Transform: AffineTransform_float_3_3
Parameters: 0.99999 0.00186887 -0.00390691 -0.00191413 0.999931 -0.0115786 0.00388509 0.0115864 0.999926 -0.0344029 0.0270217 0.325626
FixedParameters: 0 0 0

#Transform 83
Transform: AffineTransform_float_3_3
Parameters: 0.999991 0.00207105 -0.00375998 -0.00211394 0.999932 -0.0114532 0.00373602 0.0114618 0.999928 -0.03228 -0.0180975 0.233401
FixedParameters: 0 0 0

#Transform 84
Transform: AffineTransform_float_3_3
Parameters: 0.999992 0.00238167 -0.00313803 -0.00241234 0.999947 -0.0100205 0.00311398 0.0100275 0.999945 -0.0369039 -0.0298113 0.260966
FixedParameters: 0 0 0

#Transform 85
Transform: AffineTransform_float_3_3
Parameters: 0.999993 0.00166407 -0.00313172 -0.00169694 0.999943 -0.0105437 0.00311428 0.0105482 0.999939 -0.0376469 0.00468222 0.263113
FixedParameters: 0 0 0

#Transform 86
Transform: AffineTransform_float_3_3
Parameters: 0.999993 0.00201296 -0.00313611 -0.00204704 0.999938 -0.0108896 0.00311389 0.0108953 0.999936 -0.037377 -0.00527067 0.300836
FixedParameters: 0 0 0

#Transform 87
Transform: AffineTransform_float_3_3
Parameters: 0.999994 0.00199906 -0.00260843 -0.00202795 0.999936 -0.0111398 0.00258656 0.0111452 0.999934 -0.0416097 -0.0121655 0.333882
FixedParameters: 0 0 0

#Transform 88
Transform: AffineTransform_float_3_3
Parameters: 0.999994 0.00199639 -0.00305557 -0.00203261 0.99993 -0.0116959 0.00303143 0.0117021 0.999927 -0.0380146 0.00684716 0.334995
FixedParameters: 0 0 0

#Transform 89
Transform: AffineTransform_float_3_3
Parameters: 0.999993 0.00231164 -0.00314034 -0.00234736 0.999934 -0.0113037 0.00311366 0.0113113 0.999931 -0.0758873 -0.0298187 0.416198
FixedParameters: 0 0 0

#Transform 90
Transform: AffineTransform_float_3_3
Parameters: 0.999985 0.00267566 -0.0046682 -0.00270234 0.999981 -0.00564547 0.0046528 0.00565853 0.999973 -0.11539 0.0201254 0.351862
FixedParameters: 0 0 0

#Transform 91
Transform: AffineTransform_float_3_3
Parameters: 0.99997 0.000829074 -0.00767696 -0.000780932 0.99998 0.00626218 0.00768204 -0.00625682 0.999951 -0.108605 0.0983041 0.190136
FixedParameters: 0 0 0

#Transform 92
Transform: AffineTransform_float_3_3
Parameters: 0.999954 0.00153321 -0.00953886 -0.00140878 0.999915 0.013015 0.00955814 -0.013001 0.99987 -0.0807204 -0.0357053 0.321173
FixedParameters: 0 0 0

#Transform 93
Transform: AffineTransform_float_3_3
Parameters: 0.999978 0.00153246 -0.00645418 -0.00152954 0.999998 0.000540884 0.00645482 -0.00053112 0.999979 -0.087318 0.0753865 0.405012
FixedParameters: 0 0 0

#Transform 94
Transform: AffineTransform_float_3_3
Parameters: 0.999968 0.00157716 -0.00792397 -0.00158184 0.999998 -0.000604485 0.00792304 0.000617516 0.999969 -0.090748 0.0841498 0.388386
FixedParameters: 0 0 0

#Transform 95
Transform: AffineTransform_float_3_3
Parameters: 0.99998 0.000744238 -0.00619421 -0.000745763 0.999999 -0.000282386 0.00619378 0.000286615 0.999981 -0.0737318 0.127345 0.256811
FixedParameters: 0 0 0

#Transform 96
Transform: AffineTransform_float_3_3
Parameters: 0.999984 0.000723412 -0.00570346 -0.000727587 0.999999 -0.00062686 0.00570354 0.000631136 0.999983 -0.0620024 0.130055 0.183098
FixedParameters: 0 0 0

#Transform 97
Transform: AffineTransform_float_3_3
Parameters: 0.999986 0.000945988 -0.00530472 -0.000950014 1 -0.000753971 0.00530428 0.000759029 0.999985 -0.0516413 0.130928 0.191204
FixedParameters: 0 0 0

#Transform 98
Transform: AffineTransform_float_3_3
Parameters: 0.999985 0.00064731 -0.00530494 -0.000654693 0.999998 -0.00144855 0.00530405 0.00145145 0.999985 -0.0522775 0.104305 0.215857
FixedParameters: 0 0 0

#Transform 99
Transform: AffineTransform_float_3_3
Parameters: 0.999983 0.000758258 -0.00568717 -0.000767738 0.999998 -0.00153466 0.00568582 0.00153934 0.999982 -0.06747 0.0634199 0.237541
FixedParameters: 0 0 0

#Transform 100
Transform: AffineTransform_float_3_3
Parameters: 0.999986 0.0010524 -0.00530512 -0.0010576 0.999999 -0.0010524 0.00530389 0.0010576 0.999986 -0.0669208 0.0881384 0.220782
FixedParameters: 0 0 0

#Transform 101
Transform: AffineTransform_float_3_3
Parameters: 0.999986 0.00132721 -0.00526221 -0.00133179 0.999998 -0.000906005 0.00526079 0.000912995 0.999985 -0.079971 0.0846992 0.236536
FixedParameters: 0 0 0

#Transform 102
Transform: AffineTransform_float_3_3
Parameters: 0.99999 0.00179216 -0.0040799 -0.00180084 0.999996 -0.00216468 0.00407611 0.00217233 0.99999 -0.0879929 0.0870396 0.23084
FixedParameters: 0 0 0

#Transform 103
Transform: AffineTransform_float_3_3
Parameters: 0.999993 0.00230672 -0.00293153 -0.00231428 0.999994 -0.00282424 0.00292547 0.00283077 0.999991 -0.0978664 0.0593679 0.228563
FixedParameters: 0 0 0

#Transform 104
Transform: AffineTransform_float_3_3
Parameters: 0.999991 0.00191598 -0.00377062 -0.00192702 0.999994 -0.00292076 0.00376538 0.00292824 0.999988 -0.0860231 0.0826359 0.237286
FixedParameters: 0 0 0

#Transform 105
Transform: AffineTransform_float_3_3
Parameters: 0.999991 0.00143679 -0.00414755 -0.00144621 0.999996 -0.00245903 0.00414446 0.00246498 0.999989 -0.0763068 0.0795499 0.237267
FixedParameters: 0 0 0

#Transform 106
Transform: AffineTransform_float_3_3
Parameters: 0.999989 0.00135861 -0.00450045 -0.00137039 0.999996 -0.00252886 0.00449654 0.00253414 0.999986 -0.0809665 0.0800766 0.23754
FixedParameters: 0 0 0

#Transform 107
Transform: AffineTransform_float_3_3
Parameters: 0.999988 0.00183378 -0.00443266 -0.00184522 0.999995 -0.00252885 0.00442834 0.00253615 0.999987 -0.0809979 0.0741455 0.237553
FixedParameters: 0 0 0

#Transform 108
Transform: AffineTransform_float_3_3
Parameters: 0.999989 0.00138415 -0.00449098 -0.00139786 0.999995 -0.00286075 0.00448702 0.00286624 0.999986 -0.102703 0.0424996 0.203642
FixedParameters: 0 0 0

#Transform 109
Transform: AffineTransform_float_3_3
Parameters: 0.999988 0.00053074 -0.00500319 -0.000551261 0.999991 -0.00404929 0.00500081 0.00405171 0.99998 -0.0777291 0.0444237 0.204789
FixedParameters: 0 0 0

#Transform 110
Transform: AffineTransform_float_3_3
Parameters: 0.999989 0.00116581 -0.00454049 -0.00118619 0.999989 -0.00466767 0.00453451 0.00467334 0.999979 -0.0810645 0.0314694 0.255238
FixedParameters: 0 0 0

#Transform 111
Transform: AffineTransform_float_3_3
Parameters: 0.999989 0.00100962 -0.00457432 -0.00102938 0.99999 -0.00423633 0.00457068 0.00424166 0.99998 -0.0808029 0.0341812 0.23682
FixedParameters: 0 0 0

#Transform 112
Transform: AffineTransform_float_3_3
Parameters: 0.999989 0.00093915 -0.00446079 -0.00095685 0.999992 -0.00400078 0.0044572 0.00400523 0.999982 -0.0703041 0.0476758 0.254697
FixedParameters: 0 0 0

#Transform 113
Transform: AffineTransform_float_3_3
Parameters: 0.999988 0.0012658 -0.00460887 -0.0012872 0.999988 -0.00460012 0.00460312 0.00460588 0.999979 -0.08051 0.0380703 0.255374
FixedParameters: 0 0 0

#Transform 114
Transform: AffineTransform_float_3_3
Parameters: 0.999988 0.00158946 -0.0046364 -0.00160754 0.99999 -0.00399759 0.00462961 0.00400541 0.999982 -0.0760717 0.0583614 0.263405
FixedParameters: 0 0 0

#Transform 115
Transform: AffineTransform_float_3_3
Parameters: 0.999988 0.00158115 -0.00462514 -0.00159885 0.999992 -0.00385865 0.00461886 0.00386635 0.999982 -0.079799 0.0457833 0.215352
FixedParameters: 0 0 0

#Transform 116
Transform: AffineTransform_float_3_3
Parameters: 0.999987 0.00152633 -0.0049028 -0.00154767 0.999989 -0.00441847 0.0048962 0.00442653 0.999978 -0.0699638 0.035808 0.199777
FixedParameters: 0 0 0

#Transform 117
Transform: AffineTransform_float_3_3
Parameters: 0.99999 0.00170842 -0.00428605 -0.00172559 0.99999 -0.00410265 0.00427895 0.00410936 0.999983 -0.073658 0.0428406 0.213104
FixedParameters: 0 0 0

#Transform 118
Transform: AffineTransform_float_3_3
Parameters: 0.999989 0.0014384 -0.00431191 -0.0014566 0.99999 -0.00408176 0.00430609 0.00408824 0.999983 -0.0716855 0.037464 0.218754
FixedParameters: 0 0 0

#Transform 119
Transform: AffineTransform_float_3_3
Parameters: 0.999988 0.00168086 -0.00444543 -0.00170314 0.999986 -0.00498148 0.00443756 0.00498951 0.999977 -0.0671552 0.0218606 0.245535
FixedParameters: 0 0 0

#Transform 120
Transform: AffineTransform_float_3_3
Parameters: 0.999987 0.00174344 -0.00466787 -0.00176756 0.999985 -0.00504781 0.00465913 0.00505619 0.999977 -0.079562 0.0220853 0.28449
FixedParameters: 0 0 0

#Transform 121
Transform: AffineTransform_float_3_3
Parameters: 0.999987 0.0015756 -0.0047302 -0.00159941 0.999986 -0.0051605 0.0047218 0.0051675 0.999975 -0.0793826 0.0331243 0.281342
FixedParameters: 0 0 0

#Transform 122
Transform: AffineTransform_float_3_3
Parameters: 0.999987 0.00164356 -0.00497749 -0.00167145 0.999983 -0.00571576 0.00496852 0.00572425 0.999972 -0.0844422 0.0440479 0.332331
FixedParameters: 0 0 0

#Transform 123
Transform: AffineTransform_float_3_3
Parameters: 0.999984 0.00183365 -0.00531422 -0.00186235 0.999983 -0.00552419 0.00530378 0.00553381 0.99997 -0.10056 0.0489091 0.358335
FixedParameters: 0 0 0

#Transform 124
Transform: AffineTransform_float_3_3
Parameters: 0.999984 0.00168647 -0.00527858 -0.00170953 0.999988 -0.00445704 0.00527142 0.00446596 0.999976 -0.0750362 0.0561699 0.31477
FixedParameters: 0 0 0

#Transform 125
Transform: AffineTransform_float_3_3
Parameters: 0.999987 0.00163765 -0.00469086 -0.00166035 0.999988 -0.00476427 0.00468313 0.00477173 0.999977 -0.079642 0.0441105 0.309933
FixedParameters: 0 0 0

#Transform 126
Transform: AffineTransform_float_3_3
Parameters: 0.999985 0.0015601 -0.00511934 -0.0015839 0.999988 -0.00466696 0.00511266 0.00467504 0.999976 -0.0763302 0.0671132 0.294113
FixedParameters: 0 0 0

#Transform 127
Transform: AffineTransform_float_3_3
Parameters: 0.999985 0.00157076 -0.00513316 -0.00159423 0.999988 -0.00452588 0.00512583 0.00453411 0.999976 -0.0760683 0.061454 0.260824
FixedParameters: 0 0 0

#Transform 128
Transform: AffineTransform_float_3_3
Parameters: 0.999986 0.00132236 -0.0051107 -0.00134864 0.999986 -0.00501618 0.0051043 0.00502382 0.999975 -0.0740854 0.0559086 0.272557
FixedParameters: 0 0 0

#Transform 129
Transform: AffineTransform_float_3_3
Parameters: 0.999986 0.00167235 -0.00506055 -0.00169765 0.999985 -0.00506848 0.00505145 0.00507752 0.999975 -0.0766148 0.0332705 0.278134
FixedParameters: 0 0 0

#Transform 130
Transform: AffineTransform_float_3_3
Parameters: 0.999986 0.00132142 -0.00512992 -0.00134858 0.999985 -0.00518215 0.00512308 0.00518884 0.999974 -0.076364 0.0447265 0.278497
FixedParameters: 0 0 0

#Transform 131
Transform: AffineTransform_float_3_3
Parameters: 0.999986 0.00132261 -0.00511962 -0.00134839 0.999987 -0.00495916 0.00511337 0.00496683 0.999974 -0.0763917 0.0360522 0.278055
FixedParameters: 0 0 0

#Transform 132
Transform: AffineTransform_float_3_3
Parameters: 0.999986 0.00131925 -0.00513148 -0.00134875 0.999984 -0.00560316 0.00512352 0.00560984 0.999971 -0.07621 0.00905343 0.236108
FixedParameters: 0 0 0

#Transform 133
Transform: AffineTransform_float_3_3
Parameters: 0.999985 0.00131889 -0.00521345 -0.00134811 0.999983 -0.00558405 0.00520555 0.00559094 0.999971 -0.0757975 0.0334381 0.293584
FixedParameters: 0 0 0

#Transform 134
Transform: AffineTransform_float_3_3
Parameters: 0.999986 0.00131734 -0.00512398 -0.00134866 0.999981 -0.00598517 0.00511602 0.00599182 0.999969 -0.0806686 0.0252502 0.2735
FixedParameters: 0 0 0

#Transform 135
Transform: AffineTransform_float_3_3
Parameters: 0.999985 0.0013171 -0.0052129 -0.00134789 0.999981 -0.00592706 0.00520509 0.00593494 0.999969 -0.0685605 0.0250431 0.263788
FixedParameters: 0 0 0

#Transform 136
Transform: AffineTransform_float_3_3
Parameters: 0.999985 0.00143159 -0.00542393 -0.0014644 0.99998 -0.00615916 0.00541508 0.00616785 0.999967 -0.0771322 0.0541191 0.310084
FixedParameters: 0 0 0

#Transform 137
Transform: AffineTransform_float_3_3
Parameters: 0.999986 0.00157767 -0.00515706 -0.00160733 0.999982 -0.00568779 0.00514793 0.0056962 0.99997 -0.075894 0.0503922 0.298253
FixedParameters: 0 0 0

#Transform 138
Transform: AffineTransform_float_3_3
Parameters: 0.999986 0.0016388 -0.00515073 -0.0016662 0.999984 -0.00528049 0.00514227 0.0052895 0.999973 -0.0758131 0.069776 0.276929
FixedParameters: 0 0 0

#Transform 139
Transform: AffineTransform_float_3_3
Parameters: 0.999988 0.00168308 -0.00463539 -0.00170592 0.999987 -0.00494515 0.00462761 0.00495285 0.999977 -0.0796553 0.0586383 0.259925
FixedParameters: 0 0 0

#Transform 140
Transform: AffineTransform_float_3_3
Parameters: 0.999987 0.0016923 -0.0049562 -0.0017197 0.999984 -0.00538855 0.0049468 0.00539745 0.999973 -0.0770096 0.0299974 0.210897
FixedParameters: 0 0 0

#Transform 141
Transform: AffineTransform_float_3_3
Parameters: 0.999988 0.00165757 -0.00473627 -0.00168143 0.999987 -0.0049481 0.00472773 0.0049559 0.999976 -0.0788317 0.0575521 0.249259
FixedParameters: 0 0 0

#Transform 142
Transform: AffineTransform_float_3_3
Parameters: 0.999987 0.00142949 -0.00486926 -0.00145351 0.999987 -0.00503299 0.00486274 0.00504001 0.999975 -0.0779435 0.0308799 0.213094
FixedParameters: 0 0 0

#Transform 143
Transform: AffineTransform_float_3_3
Parameters: 0.999986 0.00172968 -0.00496653 -0.00175332 0.999987 -0.00489536 0.00495847 0.00490465 0.999975 -0.0584783 0.0476914 0.237405
FixedParameters: 0 0 0

#Transform 144
Transform: AffineTransform_float_3_3
Parameters: 0.999987 0.00145107 -0.00488348 -0.00147593 0.999986 -0.00510586 0.00487552 0.00511314 0.999975 -0.0779205 0.0421094 0.237439
FixedParameters: 0 0 0

#Transform 145
Transform: AffineTransform_float_3_3
Parameters: 0.999986 0.00155559 -0.00495137 -0.00158141 0.999984 -0.00533424 0.00494362 0.00534176 0.999973 -0.0773383 0.0526681 0.237777
FixedParameters: 0 0 0

#Transform 146
Transform: AffineTransform_float_3_3
Parameters: 0.999989 0.00120409 -0.00466829 -0.00123191 0.999982 -0.00598032 0.00466071 0.00598668 0.999971 -0.0799092 0.05448 0.254315
FixedParameters: 0 0 0

#Transform 147
Transform: AffineTransform_float_3_3
Parameters: 0.999988 0.00152523 -0.00479126 -0.00155377 0.999981 -0.00600663 0.00478175 0.00601437 0.999971 -0.0785891 0.0300638 0.23813
FixedParameters: 0 0 0

#Transform 148
Transform: AffineTransform_float_3_3
Parameters: 0.999989 0.00135404 -0.00443701 -0.00137996 0.999982 -0.00585394 0.00442899 0.00586006 0.999973 -0.0927337 0.0542274 0.254219
FixedParameters: 0 0 0

#Transform 149
Transform: AffineTransform_float_3_3
Parameters: 0.999991 0.000920087 -0.00430662 -0.000945917 0.999982 -0.00601898 0.00430138 0.00602302 0.999972 -0.0829719 0.0346411 0.257038
FixedParameters: 0 0 0

#Transform 150
Transform: AffineTransform_float_3_3
Parameters: 0.999992 0.000923411 -0.00390541 -0.000945587 0.999983 -0.00578635 0.00389959 0.00578964 0.999975 -0.0861075 0.0521851 0.251369
FixedParameters: 0 0 0

#Transform 151
Transform: AffineTransform_float_3_3
Parameters: 0.999993 0.000477107 -0.00375198 -0.000499894 0.999982 -0.00610317 0.00374902 0.00610484 0.999975 -0.0877564 0.0516572 0.273592
FixedParameters: 0 0 0

#Transform 152
Transform: AffineTransform_float_3_3
Parameters: 0.999992 0.000848083 -0.00409645 -0.000873912 0.999979 -0.00632847 0.00409055 0.00633252 0.999971 -0.0994783 0.0170876 0.273815
FixedParameters: 0 0 0

#Transform 153
Transform: AffineTransform_float_3_3
Parameters: 0.999985 0.00140314 -0.00517214 -0.00143985 0.999973 -0.00712865 0.00516186 0.00713634 0.999961 -0.0976945 0.0343269 0.368501
FixedParameters: 0 0 0

#Transform 154
Transform: AffineTransform_float_3_3
Parameters: 0.999984 0.00114895 -0.00541897 -0.00119505 0.999963 -0.00850266 0.00540903 0.00850835 0.999949 -0.0766807 0.0160457 0.325537
FixedParameters: 0 0 0

#Transform 155
Transform: AffineTransform_float_3_3
Parameters: 0.999986 0.00127021 -0.00515798 -0.0013138 0.999963 -0.00849634 0.00514702 0.00850265 0.99995 -0.0763595 0.0262836 0.331171
FixedParameters: 0 0 0

#Transform 156
Transform: AffineTransform_float_3_3
Parameters: 0.999984 0.000555407 -0.00551813 -0.000594591 0.999974 -0.00717583 0.00551387 0.00717917 0.999959 -0.0731492 -0.0846382 0.0912351
FixedParameters: 0 0 0

#Transform 157
Transform: AffineTransform_float_3_3
Parameters: 0.999981 0.000425543 -0.00603171 -0.000499461 0.999923 -0.0123482 0.00602629 0.0123508 0.999905 -0.155796 -0.078978 0.327905
FixedParameters: 0 0 0

#Transform 158
Transform: AffineTransform_float_3_3
Parameters: 0.999972 0.000875745 -0.00744526 -0.000958253 0.999937 -0.0111862 0.00743474 0.0111928 0.999909 -0.144296 0.0267642 0.410923
FixedParameters: 0 0 0

#Transform 159
Transform: AffineTransform_float_3_3
Parameters: 0.999969 0.000898826 -0.00783839 -0.00100117 0.999915 -0.0130416 0.00782561 0.0130484 0.999884 -0.0832155 0.0327195 0.427072
FixedParameters: 0 0 0

#Transform 160
Transform: AffineTransform_float_3_3
Parameters: 0.999964 0.000929781 -0.0084335 -0.00104521 0.999906 -0.0136677 0.0084195 0.0136763 0.999871 -0.102369 0.0200967 0.414644
FixedParameters: 0 0 0

#Transform 161
Transform: AffineTransform_float_3_3
Parameters: 0.999956 0.00143772 -0.0091948 -0.00156528 0.999903 -0.0138502 0.00917419 0.0138638 0.999862 -0.134505 0.0417646 0.447036
FixedParameters: 0 0 0

#Transform 162
Transform: AffineTransform_float_3_3
Parameters: 0.999959 0.00138609 -0.00888787 -0.00150791 0.999904 -0.0137242 0.00886813 0.0137368 0.999867 -0.143515 0.0255491 0.380011
FixedParameters: 0 0 0

#Transform 163
Transform: AffineTransform_float_3_3
Parameters: 0.999959 0.00173271 -0.00888713 -0.00185729 0.999901 -0.0139961 0.00886186 0.0140119 0.999862 -0.146913 0.0124235 0.396085
FixedParameters: 0 0 0

#Transform 164
Transform: AffineTransform_float_3_3
Parameters: 0.999956 0.00179082 -0.00923084 -0.00192418 0.999894 -0.0144389 0.00920416 0.0144561 0.999853 -0.1545 0.0152728 0.433684
FixedParameters: 0 0 0

#Transform 165
Transform: AffineTransform_float_3_3
Parameters: 0.999955 0.00151186 -0.00934686 -0.00164715 0.999894 -0.0144682 0.00932413 0.0144827 0.999851 -0.138646 -0.00324957 0.382997
FixedParameters: 0 0 0

#Transform 166
Transform: AffineTransform_float_3_3
Parameters: 0.999951 0.00156546 -0.00969815 -0.00171454 0.999881 -0.0153271 0.00967285 0.0153429 0.999836 -0.146994 0.0115637 0.437756
FixedParameters: 0 0 0

#Transform 167
Transform: AffineTransform_float_3_3
Parameters: 0.999951 0.00156801 -0.00979449 -0.00171398 0.999888 -0.0149149 0.00976951 0.0149311 0.999841 -0.134938 -0.00510863 0.353806
FixedParameters: 0 0 0

#Transform 168
Transform: AffineTransform_float_3_3
Parameters: 0.999958 0.00119257 -0.00915623 -0.00132543 0.999895 -0.0144715 0.00913778 0.0144825 0.999854 -0.134923 -0.00136292 0.385837
FixedParameters: 0 0 0

#Transform 169
Transform: AffineTransform_float_3_3
Parameters: 0.99996 0.00101369 -0.00886961 -0.00114232 0.999894 -0.0144734 0.00885439 0.0144825 0.999856 -0.132942 -0.0135118 0.343575
FixedParameters: 0 0 0

#Transform 170
Transform: AffineTransform_float_3_3
Parameters: 0.999961 0.000832641 -0.00880197 -0.000960359 0.999895 -0.0144751 0.00878901 0.0144829 0.999856 -0.125557 0.00213371 0.37683
FixedParameters: 0 0 0

#Transform 171
Transform: AffineTransform_float_3_3
Parameters: 0.999965 0.000373184 -0.00841459 -0.000499818 0.999887 -0.0150733 0.00840842 0.0150777 0.999851 -0.146689 -0.0082933 0.339825
FixedParameters: 0 0 0

#Transform 172
Transform: AffineTransform_float_3_3
Parameters: 0.999959 0.00108647 -0.00892327 -0.00121953 0.999887 -0.0149717 0.00890673 0.0149823 0.999848 -0.142642 -0.00210874 0.400192
FixedParameters: 0 0 0

#Transform 173
Transform: AffineTransform_float_3_3
Parameters: 0.999956 0.000822425 -0.00935763 -0.000964578 0.999884 -0.0152417 0.00934438 0.0152504 0.99984 -0.139344 -0.00498531 0.369105
FixedParameters: 0 0 0

#Transform 174
Transform: AffineTransform_float_3_3
Parameters: 0.999957 0.00112018 -0.00927968 -0.00125783 0.999889 -0.01486 0.00926232 0.01487 0.999846 -0.139458 0.00941761 0.363749
FixedParameters: 0 0 0

#Transform 175
Transform: AffineTransform_float_3_3
Parameters: 0.999955 0.00125997 -0.00933152 -0.00139702 0.999891 -0.0146926 0.00931146 0.0147054 0.999848 -0.139222 0.0239656 0.388296
FixedParameters: 0 0 0

#Transform 176
Transform: AffineTransform_float_3_3
Parameters: 0.999954 0.00131143 -0.00955689 -0.00144957 0.999895 -0.0144018 0.0095371 0.0144152 0.99985 -0.136986 0.0114966 0.347135
FixedParameters: 0 0 0

#Transform 177
Transform: AffineTransform_float_3_3
Parameters: 0.999952 0.00140861 -0.00969173 -0.00155738 0.999881 -0.0153196 0.00966926 0.0153343 0.999835 -0.145863 0.00803908 0.350656
FixedParameters: 0 0 0

#Transform 178
Transform: AffineTransform_float_3_3
Parameters: 0.999951 0.0013195 -0.00981581 -0.00146651 0.999888 -0.0149333 0.00979519 0.0149467 0.999841 -0.139435 0.00566899 0.320234
FixedParameters: 0 0 0

#Transform 179
Transform: AffineTransform_float_3_3
Parameters: 0.999952 0.00154293 -0.00960695 -0.00169107 0.999879 -0.0154235 0.00958204 0.0154395 0.999835 -0.138568 -0.00790647 0.339388
FixedParameters: 0 0 0
