# transform file /out/sourcedata/freesurfer/sub-v1s15x0050212_ses-1/mri/transforms/cc_up.lta
# created by oesteban on Sun Mar  8 23:06:16 2026

type      = 0 # LINEAR_VOX_TO_VOX
nxforms   = 1
mean      = 126.0000 101.0000 119.0000
sigma     = 10000.0000
1 4 4
9.948565363883972e-01 1.314020529389381e-02 -1.004379764199257e-01 1.120905113220215e+01 
-1.307374797761440e-02 9.999136328697205e-01 1.319889561273158e-03 4.452745056152344e+01 
1.004466563463211e-01 0.000000000000000e+00 9.949424266815186e-01 4.756611824035645e+00 
0.000000000000000e+00 0.000000000000000e+00 0.000000000000000e+00 1.000000000000000e+00 
src volume info
valid = 1  # volume info valid
filename = /out/sourcedata/freesurfer/sub-v1s15x0050212_ses-1/mri/norm.mgz
volume = 256 256 256
voxelsize = 1.000000000000000e+00 1.000000000000000e+00 1.000000000000000e+00
xras   = -1.000000000000000e+00 0.000000000000000e+00 0.000000000000000e+00
yras   = 0.000000000000000e+00 0.000000000000000e+00 -1.000000000000000e+00
zras   = 0.000000000000000e+00 1.000000000000000e+00 0.000000000000000e+00
cras   = 3.312202453613281e+00 1.175000000000000e+01 -4.262530517578125e+01
dst volume info
valid = 1  # volume info valid
filename = /out/sourcedata/freesurfer/sub-v1s15x0050212_ses-1/mri/norm.mgz
volume = 256 256 256
voxelsize = 1.000000000000000e+00 1.000000000000000e+00 1.000000000000000e+00
xras   = -1.000000000000000e+00 0.000000000000000e+00 0.000000000000000e+00
yras   = 0.000000000000000e+00 0.000000000000000e+00 -1.000000000000000e+00
zras   = 0.000000000000000e+00 1.000000000000000e+00 0.000000000000000e+00
cras   = 3.312202453613281e+00 1.175000000000000e+01 -4.262530517578125e+01
