# transform file /out/sourcedata/freesurfer/sub-v1s15x0050186_ses-1/mri/transforms/cc_up.lta
# created by oesteban on Sun Mar  8 21:56:48 2026

type      = 0 # LINEAR_VOX_TO_VOX
nxforms   = 1
mean      = 127.0000 103.0000 123.0000
sigma     = 10000.0000
1 4 4
9.936296343803406e-01 -1.640985254198313e-03 -1.126827076077461e-01 1.378104019165039e+01 
1.630533835850656e-03 9.999986290931702e-01 -1.849109248723835e-04 4.281245422363281e+01 
1.126828566193581e-01 1.455191522836685e-11 9.936309456825256e-01 -2.718797206878662e+00 
0.000000000000000e+00 0.000000000000000e+00 0.000000000000000e+00 1.000000000000000e+00 
src volume info
valid = 1  # volume info valid
filename = /out/sourcedata/freesurfer/sub-v1s15x0050186_ses-1/mri/norm.mgz
volume = 256 256 256
voxelsize = 1.000000000000000e+00 1.000000000000000e+00 1.000000000000000e+00
xras   = -1.000000000000000e+00 0.000000000000000e+00 0.000000000000000e+00
yras   = 0.000000000000000e+00 0.000000000000000e+00 -1.000000000000000e+00
zras   = 0.000000000000000e+00 1.000000000000000e+00 0.000000000000000e+00
cras   = 4.249702453613281e+00 1.737500000000000e+01 -3.137530517578125e+01
dst volume info
valid = 1  # volume info valid
filename = /out/sourcedata/freesurfer/sub-v1s15x0050186_ses-1/mri/norm.mgz
volume = 256 256 256
voxelsize = 1.000000000000000e+00 1.000000000000000e+00 1.000000000000000e+00
xras   = -1.000000000000000e+00 0.000000000000000e+00 0.000000000000000e+00
yras   = 0.000000000000000e+00 0.000000000000000e+00 -1.000000000000000e+00
zras   = 0.000000000000000e+00 1.000000000000000e+00 0.000000000000000e+00
cras   = 4.249702453613281e+00 1.737500000000000e+01 -3.137530517578125e+01
