#Insight Transform File V1.0
#Transform 0
Transform: AffineTransform_float_3_3
Parameters: 0.999999 -0.00121503 -0.000480934 0.00121497 1 -5.45844e-05 0.000481066 5.44155e-05 1 -0.0354888 0.0044461 0.0974381
FixedParameters: 0 0 0

#Transform 1
Transform: AffineTransform_float_3_3
Parameters: 0.999999 -0.00121505 -0.000824926 0.00121495 1 -6.10023e-05 0.000825073 5.99976e-05 0.999999 -0.0292625 0.0044552 0.0986302
FixedParameters: 0 0 0

#Transform 2
Transform: AffineTransform_float_3_3
Parameters: 1 -0.00110104 -9.95541e-05 0.00110096 1 -0.00040511 9.94459e-05 0.000404891 1 -0.0278998 0.00634985 0.0784983
FixedParameters: 0 0 0

#Transform 3
Transform: AffineTransform_float_3_3
Parameters: 0.999999 -0.00083802 0.000303944 0.000837979 0.999999 6.62547e-05 -0.000304056 -6.67452e-05 1 -0.0293013 0.0124937 0.0561491
FixedParameters: 0 0 0

#Transform 4
Transform: AffineTransform_float_3_3
Parameters: 1 -0.00105303 -0.000182807 0.00105297 1 -0.000183193 0.000182194 0.000183808 1 -0.0194632 -0.0259863 0.0535335
FixedParameters: 0 0 0

#Transform 5
Transform: AffineTransform_float_3_3
Parameters: 1 -0.000418992 5.90557e-05 0.000419008 1 -0.000132975 -5.89443e-05 0.000133025 1 -0.0322706 -0.00318818 0.0835322
FixedParameters: 0 0 0

#Transform 6
Transform: AffineTransform_float_3_3
Parameters: 1 -0.000319457 -0.000359595 0.000319544 0.999999 -0.00127012 0.000359406 0.00126989 0.999999 -0.0294716 0.00323847 0.104651
FixedParameters: 0 0 0

#Transform 7
Transform: AffineTransform_float_3_3
Parameters: 0.999999 -0.00038222 -0.000786925 0.00037978 0.999996 -0.0028193 0.000788074 0.0028197 0.999995 -0.0388467 -0.0213393 0.0459489
FixedParameters: 0 0 0

#Transform 8
Transform: AffineTransform_float_3_3
Parameters: 0.999997 -0.000383321 -0.0021224 0.000379678 0.999998 -0.00156481 0.0021236 0.00156419 0.999997 -0.0302443 -0.0290416 -0.0390727
FixedParameters: 0 0 0

#Transform 9
Transform: AffineTransform_float_3_3
Parameters: 1 0.000272001 -0.000122997 -0.000271999 1 1.10335e-05 0.000123003 -1.09665e-05 1 -0.042262 0.0202706 0.0191164
FixedParameters: 0 0 0

#Transform 10
Transform: AffineTransform_float_3_3
Parameters: 1 0.000132959 -0.000123045 -0.000133041 1 -0.000335984 0.000122955 0.000336016 1 -0.0318275 0.0230205 0.0196047
FixedParameters: 0 0 0

#Transform 11
Transform: AffineTransform_float_3_3
Parameters: 0.999999 0.000133659 0.00079789 -0.000133341 0.999999 -0.000826107 -0.00079811 0.000825894 1 -0.032324 0.0262061 0.0173775
FixedParameters: 0 0 0

#Transform 12
Transform: AffineTransform_float_3_3
Parameters: 0.999999 -0.000175399 0.000854124 0.0001766 0.999999 -0.00070285 -0.000853876 0.00070315 1 -0.0217106 0.0343097 0.0682088
FixedParameters: 0 0 0

#Transform 13
Transform: AffineTransform_float_3_3
Parameters: 0.999999 -8.79976e-05 0.000798111 8.90034e-05 0.999999 -0.00125593 -0.000798888 0.00125607 0.999999 -0.0186833 0.0271212 0.0691342
FixedParameters: 0 0 0

#Transform 14
Transform: AffineTransform_float_3_3
Parameters: 1 0.000133917 0.000475743 -0.000133083 0.999998 -0.00192606 -0.000476257 0.00192594 0.999998 -0.0302546 -0.0226752 -0.0159236
FixedParameters: 0 0 0

#Transform 15
Transform: AffineTransform_float_3_3
Parameters: 1 -0.000214379 0.0003334 0.00021462 0.999998 -0.00186393 -0.000332601 0.00186407 0.999998 -0.0297729 -0.0134966 0.0380425
FixedParameters: 0 0 0

#Transform 16
Transform: AffineTransform_float_3_3
Parameters: 1 0.000131534 -0.0009732 -0.000133467 0.999999 -0.00150787 0.000972801 0.00150713 0.999999 -0.0208455 -0.0253422 -0.0518345
FixedParameters: 0 0 0

#Transform 17
Transform: AffineTransform_float_3_3
Parameters: 1 0.00013308 0.000142926 -0.00013292 1 -0.000559019 -0.000143074 0.000558981 1 -0.0122681 0.00956881 -0.00670107
FixedParameters: 0 0 0

#Transform 18
Transform: AffineTransform_float_3_3
Parameters: 1 0.000132759 -0.000565056 -0.000133241 1 -0.000425925 0.000564943 0.000426075 0.999999 -0.00415542 -0.0095621 -0.0153024
FixedParameters: 0 0 0

#Transform 19
Transform: AffineTransform_float_3_3
Parameters: 1 0.000132957 0.000317018 -0.000133043 1 0.000136958 -0.000316982 -0.000137042 1 -0.00581093 0.000600512 0.00371489
FixedParameters: 0 0 0

#Transform 20
Transform: AffineTransform_float_3_3
Parameters: 1 0.000132998 -9.80021e-05 -0.000133002 1 -1.5987e-05 9.79979e-05 1.6013e-05 1 0.00368305 0.00161118 0.00991926
FixedParameters: 0 0 0

#Transform 21
Transform: AffineTransform_float_3_3
Parameters: 1 -4.12355e-05 0.000403976 4.07644e-05 1 0.000583016 -0.000404024 -0.000582983 0.999999 -0.00659764 0.0332836 0.0330663
FixedParameters: 0 0 0

#Transform 22
Transform: AffineTransform_float_3_3
Parameters: 1 -8.10874e-05 0.000251972 8.09125e-05 1 0.00034702 -0.000252028 -0.00034698 1 -0.00575834 0.0349636 0.0340491
FixedParameters: 0 0 0

#Transform 23
Transform: AffineTransform_float_3_3
Parameters: 1 -0.000293114 0.000251867 0.000292886 1 0.000453074 -0.000252133 -0.000452926 1 -0.00599779 0.0350713 0.0338534
FixedParameters: 0 0 0

#Transform 24
Transform: AffineTransform_float_3_3
Parameters: 1 -3.42251e-05 0.000496984 3.37748e-05 1 0.000453017 -0.000497015 -0.000452983 1 0.00115382 0.0341168 0.0330134
FixedParameters: 0 0 0

#Transform 25
Transform: AffineTransform_float_3_3
Parameters: 1 -0.000140019 0.000553995 0.000139981 1 3.40775e-05 -0.000554005 -3.39224e-05 1 0.0074512 0.000766307 -0.00340078
FixedParameters: 0 0 0

#Transform 26
Transform: AffineTransform_float_3_3
Parameters: 1 -0.000223016 0.000459992 0.000222984 1 3.41026e-05 -0.000460007 -3.38974e-05 1 -0.00717745 0.027177 0.0635943
FixedParameters: 0 0 0

#Transform 27
Transform: AffineTransform_float_3_3
Parameters: 1 -0.000292945 7.42153e-05 0.000293054 0.999999 -0.000734978 -7.37846e-05 0.000735021 0.999999 -0.00472212 0.0173575 0.140671
FixedParameters: 0 0 0

#Transform 28
Transform: AffineTransform_float_3_3
Parameters: 1 -0.000293075 -6.66736e-05 0.000292926 1 -0.00111402 6.63264e-05 0.00111398 1 -0.00386879 0.034765 0.124705
FixedParameters: 0 0 0

#Transform 29
Transform: AffineTransform_float_3_3
Parameters: 0.999999 -0.000103701 -0.000885918 0.000103299 0.999999 -0.000791092 0.000886082 0.000790908 1 -0.00371502 0.0232208 0.0561601
FixedParameters: 0 0 0

#Transform 30
Transform: AffineTransform_float_3_3
Parameters: 1 -0.000181196 -0.000369904 0.000180804 1 -0.000529067 0.000370096 0.000528933 1 -0.00172135 0.0306563 0.0539317
FixedParameters: 0 0 0

#Transform 31
Transform: AffineTransform_float_3_3
Parameters: 1 -4.917e-05 -0.000376978 4.983e-05 1 -0.000451019 0.000377022 0.000450981 1 -0.00155357 0.0322842 0.0339021
FixedParameters: 0 0 0

#Transform 32
Transform: AffineTransform_float_3_3
Parameters: 1 -0.000172135 -0.000360935 0.000171865 1 -0.000375062 0.000361064 0.000374938 1 -0.00174583 0.0297238 0.0188858
FixedParameters: 0 0 0

#Transform 33
Transform: AffineTransform_float_3_3
Parameters: 1 0.000625779 -0.000770368 -0.000624222 1 0.00101148 0.000770632 -0.00101052 0.999999 -0.00974471 -0.00472556 -0.0702722
FixedParameters: 0 0 0

#Transform 34
Transform: AffineTransform_float_3_3
Parameters: 1 0.000428331 -0.000487709 -0.000427668 0.999999 0.000680208 0.000488291 -0.000679791 0.999999 -0.01117 0.0309129 -0.0438468
FixedParameters: 0 0 0

#Transform 35
Transform: AffineTransform_float_3_3
Parameters: 0.999999 0.000420146 -0.000636903 -0.000419853 1 0.000230267 0.000637096 -0.000229732 1 -0.0167523 0.0166612 -0.0663493
FixedParameters: 0 0 0

#Transform 36
Transform: AffineTransform_float_3_3
Parameters: 1 0.000420141 -0.000339825 -0.000419858 1 0.000416143 0.000340175 -0.000415857 1 -0.01197 0.011951 -0.0439306
FixedParameters: 0 0 0

#Transform 37
Transform: AffineTransform_float_3_3
Parameters: 1 0.000420243 -0.000507798 -0.000419757 1 0.000479213 0.000507201 -0.000478787 1 -0.0148015 0.0273831 -0.0578997
FixedParameters: 0 0 0

#Transform 38
Transform: AffineTransform_float_3_3
Parameters: 1 0.00020821 -0.000383886 -0.00020779 1 0.00054708 0.000384114 -0.00054692 1 -0.0142882 0.0277346 -0.0239313
FixedParameters: 0 0 0

#Transform 39
Transform: AffineTransform_float_3_3
Parameters: 1 0.000420184 -0.000383799 -0.000419816 1 0.000479161 0.000384201 -0.000478838 1 -0.015905 0.0435411 -0.0464495
FixedParameters: 0 0 0

#Transform 40
Transform: AffineTransform_float_3_3
Parameters: 0.999999 0.000832018 -3.15216e-05 -0.000831982 1 0.000575027 3.24784e-05 -0.000574973 1 -0.0167911 0.0413779 -0.025179
FixedParameters: 0 0 0

#Transform 41
Transform: AffineTransform_float_3_3
Parameters: 0.999999 0.000925197 -0.000411556 -0.000924802 1 0.000479381 0.000412443 -0.000478619 1 -0.0119445 0.0154757 -0.0440106
FixedParameters: 0 0 0

#Transform 42
Transform: AffineTransform_float_3_3
Parameters: 0.999999 0.000925124 -0.000174344 -0.000924876 1 0.000709162 0.000174657 -0.000709839 0.999999 -0.0243269 0.0256744 0.00163431
FixedParameters: 0 0 0

#Transform 43
Transform: AffineTransform_float_3_3
Parameters: 1 0.000925218 -0.000270257 -0.000924784 0.999999 0.00080325 0.000270743 -0.00080275 0.999999 -0.0315132 0.0418855 0.00174623
FixedParameters: 0 0 0

#Transform 44
Transform: AffineTransform_float_3_3
Parameters: 0.999995 0.00136341 -0.00292834 -0.00136159 0.999999 0.00048299 0.00292865 -0.000479009 0.999995 -0.0303213 0.0425116 0.0114242
FixedParameters: 0 0 0

#Transform 45
Transform: AffineTransform_float_3_3
Parameters: 0.999997 0.00179096 -0.00200514 -0.00179004 0.999999 0.000482591 0.00200586 -0.000478409 0.999998 -0.0481025 0.0464145 0.026076
FixedParameters: 0 0 0

#Transform 46
Transform: AffineTransform_float_3_3
Parameters: 0.999997 0.00144335 -0.00190849 -0.00144364 0.999999 -0.000336246 0.00190751 0.000339754 0.999998 -0.0430676 0.0475785 0.0270587
FixedParameters: 0 0 0

#Transform 47
Transform: AffineTransform_float_3_3
Parameters: 0.999997 0.00158239 -0.00160861 -0.0015816 0.999998 0.000247545 0.00160839 -0.000244455 0.999998 -0.0387061 0.0640224 0.0611585
FixedParameters: 0 0 0

#Transform 48
Transform: AffineTransform_float_3_3
Parameters: 0.999999 0.00112455 -0.00147058 -0.00112445 1 0.000373654 0.00147142 -0.000372346 0.999999 -0.0400788 0.0561477 0.0560171
FixedParameters: 0 0 0

#Transform 49
Transform: AffineTransform_float_3_3
Parameters: 0.999999 0.000925861 -0.0015915 -0.000925139 0.999999 0.000541473 0.0015915 -0.000540527 0.999998 -0.0436216 0.0457001 0.0183581
FixedParameters: 0 0 0

#Transform 50
Transform: AffineTransform_float_3_3
Parameters: 0.999998 0.0011614 -0.00126572 -0.0011596 0.999998 0.00110447 0.00126728 -0.00110253 0.999998 -0.041443 0.0356599 0.0326152
FixedParameters: 0 0 0

#Transform 51
Transform: AffineTransform_float_3_3
Parameters: 0.999998 0.000860873 -0.00192761 -0.000860126 0.999999 0.000453659 0.00192839 -0.000452341 0.999998 -0.0376364 0.0212124 0.0197059
FixedParameters: 0 0 0

#Transform 52
Transform: AffineTransform_float_3_3
Parameters: 0.999999 0.000774997 -0.00156451 -0.000774003 0.999999 0.000638211 0.00156449 -0.000636788 0.999998 -0.0247152 0.0252822 0.0421947
FixedParameters: 0 0 0

#Transform 53
Transform: AffineTransform_float_3_3
Parameters: 0.999999 0.000791057 -0.0016585 -0.000789942 0.999999 0.00063831 0.0016585 -0.000636688 0.999998 -0.0233671 0.020352 0.0366423
FixedParameters: 0 0 0

#Transform 54
Transform: AffineTransform_float_3_3
Parameters: 0.999998 0.000785341 -0.00143781 -0.00078466 0.999999 0.000237128 0.00143719 -0.000236872 0.999999 -0.0411079 0.0446238 0.110451
FixedParameters: 0 0 0

#Transform 55
Transform: AffineTransform_float_3_3
Parameters: 0.999998 0.000524787 -0.00197979 -0.000524213 1 0.000398039 0.00197921 -0.000396962 0.999998 -0.0379739 0.0476182 0.0889916
FixedParameters: 0 0 0

#Transform 56
Transform: AffineTransform_float_3_3
Parameters: 0.999997 0.000975443 -0.00197929 -0.000973557 1 0.000729929 0.00197971 -0.000728071 0.999998 -0.0372544 0.0438971 0.0579153
FixedParameters: 0 0 0

#Transform 57
Transform: AffineTransform_float_3_3
Parameters: 0.999998 0.000525542 -0.00189057 -0.000523458 0.999999 0.000815991 0.00189143 -0.000815007 0.999998 -0.0384445 0.0449787 0.0738267
FixedParameters: 0 0 0

#Transform 58
Transform: AffineTransform_float_3_3
Parameters: 0.999998 0.00084182 -0.00188919 -0.000840181 0.999999 0.000963589 0.00188981 -0.000962411 0.999998 -0.0274387 0.0428341 0.0735788
FixedParameters: 0 0 0

#Transform 59
Transform: AffineTransform_float_3_3
Parameters: 0.999997 0.000184881 -0.00233877 -0.000182121 0.999999 0.00123143 0.00233823 -0.00123157 0.999996 -0.0104865 0.0184326 0.0202895
FixedParameters: 0 0 0

#Transform 60
Transform: AffineTransform_float_3_3
Parameters: 0.999988 -0.000126163 -0.0050331 0.000129839 0.999999 0.000762356 0.0050329 -0.000762644 0.999987 0.0507026 0.00459232 -0.204504
FixedParameters: 0 0 0

#Transform 61
Transform: AffineTransform_float_3_3
Parameters: 0.999987 0.000493943 -0.00503301 -0.000494059 1 -1.05135e-05 0.005033 1.24862e-05 0.999988 0.0186658 0.0372742 -0.0915371
FixedParameters: 0 0 0

#Transform 62
Transform: AffineTransform_float_3_3
Parameters: 0.999987 0.000509076 -0.0050332 -0.000510922 1 -0.000380433 0.00503381 0.000383568 0.999988 0.0273045 0.0234332 -0.0789178
FixedParameters: 0 0 0

#Transform 63
Transform: AffineTransform_float_3_3
Parameters: 0.999991 0.000428734 -0.00423882 -0.000426266 1 0.00040981 0.00423917 -0.000408186 0.999991 0.0357406 0.0264575 -0.131216
FixedParameters: 0 0 0

#Transform 64
Transform: AffineTransform_float_3_3
Parameters: 0.999996 0.00030624 -0.00272686 -0.000304761 1 0.000454833 0.00272714 -0.000454167 0.999996 0.0257152 0.058191 -0.0795301
FixedParameters: 0 0 0

#Transform 65
Transform: AffineTransform_float_3_3
Parameters: 0.999993 -0.000146339 -0.00354803 0.000146663 1 0.000186481 0.00354797 -0.00018652 0.999993 0.0304229 0.0391938 -0.157998
FixedParameters: 0 0 0

#Transform 66
Transform: AffineTransform_float_3_3
Parameters: 0.999994 -1.24408e-05 -0.00343399 8.55905e-06 0.999999 -0.00100203 0.00343401 0.00100196 0.999993 0.0242014 0.0520663 0.0735231
FixedParameters: 0 0 0

#Transform 67
Transform: AffineTransform_float_3_3
Parameters: 0.999988 -0.000469974 -0.00501499 0.000459026 0.999998 -0.00218933 0.00501602 0.00218667 0.999985 0.00419492 0.0684686 0.304406
FixedParameters: 0 0 0

#Transform 68
Transform: AffineTransform_float_3_3
Parameters: 0.999988 -0.00112051 -0.00465572 0.00111049 0.999998 -0.00204419 0.00465727 0.00203881 0.999987 -0.00932036 0.0348939 0.209383
FixedParameters: 0 0 0

#Transform 69
Transform: AffineTransform_float_3_3
Parameters: 0.999985 -0.00136709 -0.0051974 0.00136091 0.999999 -0.00117609 0.0051986 0.00116891 0.999986 -0.00563266 0.0209314 0.0768014
FixedParameters: 0 0 0

#Transform 70
Transform: AffineTransform_float_3_3
Parameters: 0.999987 -0.00133156 -0.00480791 0.00132444 0.999998 -0.00157539 0.00481009 0.00156961 0.999987 -0.00869208 0.0537621 0.193298
FixedParameters: 0 0 0

#Transform 71
Transform: AffineTransform_float_3_3
Parameters: 0.999982 -0.00154321 -0.0056835 0.00153479 0.999997 -0.00162475 0.00568649 0.00161625 0.999982 -0.00312908 0.0171951 0.143552
FixedParameters: 0 0 0

#Transform 72
Transform: AffineTransform_float_3_3
Parameters: 0.999989 -0.00131541 -0.00465547 0.00130959 0.999998 -0.00116511 0.00465752 0.00115889 0.999988 -0.00937557 0.0450021 0.15256
FixedParameters: 0 0 0

#Transform 73
Transform: AffineTransform_float_3_3
Parameters: 0.999986 -0.00153892 -0.00520455 0.00153408 0.999999 -0.000948999 0.00520645 0.000941002 0.999986 -0.00636464 0.0393321 0.178145
FixedParameters: 0 0 0

#Transform 74
Transform: AffineTransform_float_3_3
Parameters: 0.999988 -0.00125233 -0.00469838 0.00124967 0.999999 -0.000499877 0.00469862 0.000493122 0.999989 -0.0204283 0.0677973 0.192376
FixedParameters: 0 0 0

#Transform 75
Transform: AffineTransform_float_3_3
Parameters: 0.999986 -0.00128731 -0.00523819 0.00128369 0.999999 -0.000634733 0.00523881 0.000628265 0.999986 -0.00573641 0.0689128 0.177806
FixedParameters: 0 0 0

#Transform 76
Transform: AffineTransform_float_3_3
Parameters: 0.999987 -0.00125727 -0.00490716 0.00125373 0.999999 -0.000670161 0.00490784 0.000663838 0.999987 -0.00567319 0.097382 0.224789
FixedParameters: 0 0 0

#Transform 77
Transform: AffineTransform_float_3_3
Parameters: 0.999987 -0.00115053 -0.00510498 0.00114647 0.999999 -0.000890865 0.00510602 0.000885138 0.999987 -0.00662992 0.0831913 0.200932
FixedParameters: 0 0 0

#Transform 78
Transform: AffineTransform_float_3_3
Parameters: 0.999988 -0.00134357 -0.00458679 0.00133643 0.999997 -0.00165315 0.00458921 0.00164685 0.999988 -0.0103516 0.0849977 0.211449
FixedParameters: 0 0 0

#Transform 79
Transform: AffineTransform_float_3_3
Parameters: 0.99999 -0.00110106 -0.0044803 0.00108995 0.999997 -0.00246891 0.0044827 0.00246409 0.999987 -0.0104708 0.0452353 0.20023
FixedParameters: 0 0 0

#Transform 80
Transform: AffineTransform_float_3_3
Parameters: 0.999989 -0.00154247 -0.00447309 0.00153453 0.999997 -0.00189689 0.00447591 0.00189012 0.999988 -0.0111929 0.0666272 0.167577
FixedParameters: 0 0 0

#Transform 81
Transform: AffineTransform_float_3_3
Parameters: 0.999991 -0.00115337 -0.00389582 0.00114562 0.999997 -0.00189448 0.00389817 0.00188952 0.99999 -0.0141919 0.0653197 0.165643
FixedParameters: 0 0 0

#Transform 82
Transform: AffineTransform_float_3_3
Parameters: 0.99999 -0.0015426 -0.00430293 0.00153441 0.999997 -0.00199962 0.00430607 0.00199338 0.999988 -0.0122123 0.0553998 0.167123
FixedParameters: 0 0 0

#Transform 83
Transform: AffineTransform_float_3_3
Parameters: 0.999993 -0.00120125 -0.00371699 0.00119475 0.999998 -0.00168345 0.00371901 0.00167854 0.999991 -0.0155033 0.0837106 0.177325
FixedParameters: 0 0 0

#Transform 84
Transform: AffineTransform_float_3_3
Parameters: 0.999991 -0.00154182 -0.00412709 0.00153418 0.999997 -0.00189635 0.00412991 0.00188965 0.999989 -0.0134699 0.0862365 0.193242
FixedParameters: 0 0 0

#Transform 85
Transform: AffineTransform_float_3_3
Parameters: 0.999993 -0.00109086 -0.00362394 0.00108414 0.999997 -0.00189394 0.00362506 0.00189006 0.999991 -0.00837345 0.0847936 0.191498
FixedParameters: 0 0 0

#Transform 86
Transform: AffineTransform_float_3_3
Parameters: 0.999989 -0.00154537 -0.00428592 0.00153463 0.999996 -0.00265461 0.00429008 0.0026474 0.999988 -0.0124273 0.0547554 0.171514
FixedParameters: 0 0 0

#Transform 87
Transform: AffineTransform_float_3_3
Parameters: 0.999992 -0.00135784 -0.00361143 0.00135116 0.999998 -0.00189489 0.00361356 0.00189011 0.999991 -0.0165262 0.0677518 0.186136
FixedParameters: 0 0 0

#Transform 88
Transform: AffineTransform_float_3_3
Parameters: 0.999992 -0.00132284 -0.0038273 0.00131516 0.999997 -0.00205005 0.0038297 0.00204495 0.99999 0.00232671 0.0689013 0.165188
FixedParameters: 0 0 0

#Transform 89
Transform: AffineTransform_float_3_3
Parameters: 0.999993 -0.0014235 -0.00343031 0.00141651 0.999997 -0.00189487 0.00343269 0.00189013 0.999993 -0.000386286 0.0746682 0.180386
FixedParameters: 0 0 0

#Transform 90
Transform: AffineTransform_float_3_3
Parameters: 0.999992 -0.00126026 -0.00366451 0.00125274 0.999997 -0.00198261 0.00366649 0.0019784 0.999992 -0.0116745 0.093247 0.217753
FixedParameters: 0 0 0

#Transform 91
Transform: AffineTransform_float_3_3
Parameters: 0.99999 -0.00135572 -0.0040988 0.00134628 0.999997 -0.00237254 0.0041022 0.00236746 0.999989 -0.00306032 0.0841552 0.203549
FixedParameters: 0 0 0

#Transform 92
Transform: AffineTransform_float_3_3
Parameters: 0.999993 -0.00119174 -0.00355575 0.00118526 0.999998 -0.00189623 0.00355725 0.00189277 0.999992 -0.00359728 0.0976213 0.217186
FixedParameters: 0 0 0

#Transform 93
Transform: AffineTransform_float_3_3
Parameters: 0.99999 -0.00154445 -0.00405003 0.00153455 0.999996 -0.00258124 0.00405397 0.00257477 0.999989 0.000978806 0.0709665 0.220038
FixedParameters: 0 0 0

#Transform 94
Transform: AffineTransform_float_3_3
Parameters: 0.999993 -0.00154064 -0.00323484 0.00153436 0.999996 -0.00205498 0.00323815 0.00205002 0.999992 -0.00222762 0.0881014 0.254136
FixedParameters: 0 0 0

#Transform 95
Transform: AffineTransform_float_3_3
Parameters: 0.999993 -0.00128786 -0.00350549 0.00128014 0.999998 -0.0019585 0.00350751 0.0019535 0.999992 0.00402929 0.0719999 0.240712
FixedParameters: 0 0 0

#Transform 96
Transform: AffineTransform_float_3_3
Parameters: 0.999992 -0.00154136 -0.00354881 0.00153464 0.999996 -0.00207646 0.00355219 0.00207054 0.999991 -0.000125401 0.0781376 0.229296
FixedParameters: 0 0 0

#Transform 97
Transform: AffineTransform_float_3_3
Parameters: 0.999996 -0.00153838 -0.00266748 0.00153462 0.999998 -0.0016431 0.00267052 0.0016389 0.999995 0.0145209 0.104614 0.265865
FixedParameters: 0 0 0

#Transform 98
Transform: AffineTransform_float_3_3
Parameters: 0.999993 -0.00182145 -0.00345108 0.00181456 0.999996 -0.00215928 0.00345492 0.00215272 0.999991 0.00677959 0.0733409 0.18947
FixedParameters: 0 0 0

#Transform 99
Transform: AffineTransform_float_3_3
Parameters: 0.999992 -0.00173764 -0.00345016 0.00172736 0.999994 -0.00279498 0.00345484 0.00278902 0.99999 0.0187964 0.118347 0.357254
FixedParameters: 0 0 0

#Transform 100
Transform: AffineTransform_float_3_3
Parameters: 0.999991 -0.00123584 -0.00408254 0.00122116 0.999992 -0.00363502 0.00408746 0.00363098 0.999985 -0.00100945 0.0888876 0.268236
FixedParameters: 0 0 0

#Transform 101
Transform: AffineTransform_float_3_3
Parameters: 0.999994 -0.00113445 -0.00319891 0.00111956 0.999989 -0.00451361 0.00320408 0.00451039 0.999984 0.00579098 0.0869251 0.277632
FixedParameters: 0 0 0

#Transform 102
Transform: AffineTransform_float_3_3
Parameters: 0.999993 -0.000815479 -0.00347286 0.00080252 0.999992 -0.00388081 0.00347614 0.00387819 0.999987 0.00548516 0.0666638 0.260237
FixedParameters: 0 0 0

#Transform 103
Transform: AffineTransform_float_3_3
Parameters: 0.999994 -0.000823374 -0.00341051 0.000813625 0.999995 -0.0030418 0.00341349 0.00303921 0.99999 -0.00232445 0.0838831 0.235313
FixedParameters: 0 0 0

#Transform 104
Transform: AffineTransform_float_3_3
Parameters: 0.999992 -0.00123372 -0.00377287 0.00122129 0.999993 -0.00337063 0.00377614 0.00336637 0.999987 -0.00291992 0.0554054 0.206495
FixedParameters: 0 0 0

#Transform 105
Transform: AffineTransform_float_3_3
Parameters: 0.999994 -0.000970033 -0.00327475 0.000958966 0.999994 -0.00336916 0.00327825 0.00336584 0.999989 0.00365921 0.0729169 0.233963
FixedParameters: 0 0 0

#Transform 106
Transform: AffineTransform_float_3_3
Parameters: 0.999992 -0.00123713 -0.00375673 0.00122087 0.99999 -0.00429262 0.00376227 0.00428738 0.999983 0.0220228 0.0591451 0.209147
FixedParameters: 0 0 0

#Transform 107
Transform: AffineTransform_float_3_3
Parameters: 0.999995 -0.00123335 -0.0031512 0.00122165 0.999991 -0.00391887 0.00315581 0.00391513 0.999988 0.0181317 0.0661411 0.222045
FixedParameters: 0 0 0

#Transform 108
Transform: AffineTransform_float_3_3
Parameters: 0.999993 -0.00123473 -0.00359231 0.00122126 0.999992 -0.00382342 0.00359669 0.00381859 0.999986 0.020891 0.0736074 0.206075
FixedParameters: 0 0 0

#Transform 109
Transform: AffineTransform_float_3_3
Parameters: 0.999994 -0.00138897 -0.00315119 0.00137803 0.999993 -0.00348036 0.00315581 0.00347664 0.999989 0.031446 0.0688851 0.226202
FixedParameters: 0 0 0

#Transform 110
Transform: AffineTransform_float_3_3
Parameters: 0.999993 -0.00120386 -0.00354499 0.00119214 0.999993 -0.00334625 0.00354901 0.00334175 0.999988 0.0205551 0.0917791 0.235061
FixedParameters: 0 0 0

#Transform 111
Transform: AffineTransform_float_3_3
Parameters: 0.999993 -0.00136987 -0.00365521 0.00135713 0.999993 -0.00351999 0.0036608 0.00351501 0.999987 0.00701077 0.0832028 0.235668
FixedParameters: 0 0 0

#Transform 112
Transform: AffineTransform_float_3_3
Parameters: 0.999993 -0.00100082 -0.00365679 0.00098918 0.999995 -0.00323264 0.00366021 0.00322936 0.999988 0.0198493 0.0727172 0.182211
FixedParameters: 0 0 0

#Transform 113
Transform: AffineTransform_float_3_3
Parameters: 0.999994 -0.000999555 -0.00334787 0.000989443 0.999994 -0.00315333 0.00335114 0.00314967 0.99999 0.0198571 0.0726337 0.195356
FixedParameters: 0 0 0

#Transform 114
Transform: AffineTransform_float_3_3
Parameters: 0.999993 -0.00100221 -0.00356231 0.000988782 0.999992 -0.00370955 0.00356669 0.00370545 0.999987 0.0216278 0.0512033 0.0798945
FixedParameters: 0 0 0

#Transform 115
Transform: AffineTransform_float_3_3
Parameters: 0.99999 -0.00134995 -0.00422162 0.00133305 0.999991 -0.00401467 0.00422738 0.00400933 0.999983 0.013358 0.036236 -0.0241079
FixedParameters: 0 0 0

#Transform 116
Transform: AffineTransform_float_3_3
Parameters: 0.999993 -0.0015093 -0.00360746 0.0014957 0.999992 -0.00368642 0.00361354 0.00368157 0.999986 0.0144565 0.0530996 -0.00889219
FixedParameters: 0 0 0

#Transform 117
Transform: AffineTransform_float_3_3
Parameters: 0.999989 -0.00142402 -0.00449727 0.00140898 0.999994 -0.00334138 0.00450173 0.00333463 0.999985 0.00920116 0.0441251 -0.0826575
FixedParameters: 0 0 0

#Transform 118
Transform: AffineTransform_float_3_3
Parameters: 0.999992 -0.00150815 -0.0037221 0.00149585 0.999993 -0.00326559 0.0037269 0.0032604 0.999987 0.0113046 0.0505787 -0.0452528
FixedParameters: 0 0 0

#Transform 119
Transform: AffineTransform_float_3_3
Parameters: 0.99999 -0.00141582 -0.00422306 0.00140418 0.999995 -0.00280096 0.00422695 0.00279404 0.999987 0.0181619 0.0473785 -0.0768819
FixedParameters: 0 0 0

#Transform 120
Transform: AffineTransform_float_3_3
Parameters: 0.999991 -0.00161508 -0.00403298 0.00160492 0.999995 -0.00250149 0.00403702 0.0024955 0.999988 0.0239656 0.0663522 -0.0311845
FixedParameters: 0 0 0

#Transform 121
Transform: AffineTransform_float_3_3
Parameters: 0.999991 -0.00116291 -0.00422429 0.00115309 0.999996 -0.00234689 0.00422672 0.00234211 0.999989 0.026015 0.0554732 -0.0467319
FixedParameters: 0 0 0

#Transform 122
Transform: AffineTransform_float_3_3
Parameters: 0.999992 -0.00139019 -0.00378964 0.00138081 0.999996 -0.00242725 0.00379336 0.00242175 0.99999 0.0326242 0.0523982 -0.0447781
FixedParameters: 0 0 0

#Transform 123
Transform: AffineTransform_float_3_3
Parameters: 0.999991 -0.00136748 -0.00382498 0.00135951 0.999996 -0.00222022 0.00382802 0.00221478 0.99999 0.0229808 0.0582741 -0.0324006
FixedParameters: 0 0 0

#Transform 124
Transform: AffineTransform_float_3_3
Parameters: 0.999989 -0.00175694 -0.00422288 0.00174705 0.999995 -0.0023574 0.00422712 0.0023496 0.999989 0.0248943 0.0532712 -0.0307591
FixedParameters: 0 0 0

#Transform 125
Transform: AffineTransform_float_3_3
Parameters: 0.999991 -0.00196638 -0.00377665 0.00195861 0.999995 -0.00222242 0.00378136 0.00221458 0.999991 0.0217627 0.0716437 -0.0403496
FixedParameters: 0 0 0

#Transform 126
Transform: AffineTransform_float_3_3
Parameters: 0.999989 -0.00196519 -0.00410356 0.0019578 0.999996 -0.00175705 0.00410744 0.00174895 0.99999 0.0239542 0.0687115 -0.0809494
FixedParameters: 0 0 0

#Transform 127
Transform: AffineTransform_float_3_3
Parameters: 0.99999 -0.00196597 -0.00417726 0.00195803 0.999997 -0.0019102 0.00418174 0.0019018 0.99999 0.0222787 0.0733926 -0.0460606
FixedParameters: 0 0 0

#Transform 128
Transform: AffineTransform_float_3_3
Parameters: 0.999986 -0.00196657 -0.00495361 0.00195843 0.999996 -0.00173473 0.00495739 0.00172428 0.999986 0.0236678 0.0542047 -0.0711616
FixedParameters: 0 0 0

#Transform 129
Transform: AffineTransform_float_3_3
Parameters: 0.999991 -0.00138031 -0.00416625 0.00137469 0.999998 -0.00127774 0.00416876 0.00127226 0.999991 0.0174727 0.0860474 -0.0540265
FixedParameters: 0 0 0

#Transform 130
Transform: AffineTransform_float_3_3
Parameters: 0.999989 -0.00184026 -0.00442999 0.00183374 0.999997 -0.00164214 0.00443301 0.00163386 0.999989 0.0260978 0.0690438 -0.0410411
FixedParameters: 0 0 0

#Transform 131
Transform: AffineTransform_float_3_3
Parameters: 0.999991 -0.00145287 -0.00416596 0.00144713 0.999998 -0.00141104 0.00416804 0.00140496 0.999991 0.025062 0.0825511 -0.0351437
FixedParameters: 0 0 0

#Transform 132
Transform: AffineTransform_float_3_3
Parameters: 0.99999 -0.00170249 -0.00416494 0.00169451 0.999997 -0.00180108 0.00416805 0.00179392 0.999989 0.0246733 0.0717772 -0.0429324
FixedParameters: 0 0 0

#Transform 133
Transform: AffineTransform_float_3_3
Parameters: 0.999991 -0.00137587 -0.00416607 0.00137013 0.999998 -0.00141072 0.00416894 0.00140528 0.999991 0.0252276 0.0752576 -0.0537277
FixedParameters: 0 0 0

#Transform 134
Transform: AffineTransform_float_3_3
Parameters: 0.999988 -0.00183939 -0.00453341 0.00183361 0.999998 -0.00141333 0.00453659 0.00140567 0.999988 0.0307815 0.0768347 -0.052536
FixedParameters: 0 0 0

#Transform 135
Transform: AffineTransform_float_3_3
Parameters: 0.999991 -0.00126003 -0.0042158 0.00125597 0.999999 -0.000958304 0.0042172 0.000953695 0.99999 0.0257115 0.0894575 -0.0544221
FixedParameters: 0 0 0

#Transform 136
Transform: AffineTransform_float_3_3
Parameters: 0.99999 -0.00147694 -0.00421493 0.00147106 0.999998 -0.00141121 0.00421708 0.00140579 0.99999 0.0251685 0.0927341 -0.0243108
FixedParameters: 0 0 0

#Transform 137
Transform: AffineTransform_float_3_3
Parameters: 0.999992 -0.000993806 -0.00383176 0.000989195 0.999998 -0.0012558 0.00383224 0.0012522 0.999992 0.0232833 0.0900916 0.017494
FixedParameters: 0 0 0

#Transform 138
Transform: AffineTransform_float_3_3
Parameters: 0.99999 -0.00148291 -0.00416426 0.00147809 0.999998 -0.00118117 0.00416574 0.00117583 0.99999 0.0246513 0.0755246 0.00588413
FixedParameters: 0 0 0

#Transform 139
Transform: AffineTransform_float_3_3
Parameters: 0.999993 -0.00103093 -0.00354715 0.00102707 0.999999 -0.000828649 0.00354885 0.000825347 0.999994 0.0327743 0.10386 0.0160249
FixedParameters: 0 0 0

#Transform 140
Transform: AffineTransform_float_3_3
Parameters: 0.999991 -0.0010151 -0.00427126 0.0010119 0.999999 -0.000727329 0.00427173 0.000722671 0.99999 0.0494626 0.0789114 -0.0128529
FixedParameters: 0 0 0

#Transform 141
Transform: AffineTransform_float_3_3
Parameters: 0.999995 -0.000552702 -0.00331772 0.000551298 0.999999 -0.000513832 0.00331829 0.000512169 0.999995 0.0380154 0.0848038 -0.00286869
FixedParameters: 0 0 0

#Transform 142
Transform: AffineTransform_float_3_3
Parameters: 0.999994 -0.000830011 -0.00356184 0.000824989 0.999998 -0.00140795 0.00356316 0.00140505 0.999992 0.0524417 0.0509174 -0.0624164
FixedParameters: 0 0 0

#Transform 143
Transform: AffineTransform_float_3_3
Parameters: 0.999993 -0.00037101 -0.00356248 0.000365992 0.999999 -0.00140631 0.00356252 0.00140569 0.999992 0.0259513 0.0700083 0.0357558
FixedParameters: 0 0 0

#Transform 144
Transform: AffineTransform_float_3_3
Parameters: 0.999995 -0.000563839 -0.00292526 0.000560159 0.999999 -0.00131364 0.00292574 0.00131136 0.999995 0.0209168 0.106642 0.0722556
FixedParameters: 0 0 0

#Transform 145
Transform: AffineTransform_float_3_3
Parameters: 0.999996 -0.00060216 -0.00295816 0.000597841 0.999999 -0.00140677 0.00295884 0.00140522 0.999994 0.0356026 0.0821039 0.023574
FixedParameters: 0 0 0

#Transform 146
Transform: AffineTransform_float_3_3
Parameters: 0.999997 -0.000189941 -0.00235084 0.00018806 0.999999 -0.000825444 0.00235116 0.000825555 0.999997 0.0323004 0.101854 0.0153681
FixedParameters: 0 0 0

#Transform 147
Transform: AffineTransform_float_3_3
Parameters: 0.999996 -0.000322936 -0.00282378 0.000321064 0.999999 -0.000685909 0.00282422 0.00068509 0.999996 0.0514417 0.0767225 -0.0277885
FixedParameters: 0 0 0

#Transform 148
Transform: AffineTransform_float_3_3
Parameters: 0.999998 -0.000570999 -0.002223 0.000571003 1 7.30661e-07 0.002223 -1.26933e-06 0.999997 0.0485377 0.0834655 -0.0226374
FixedParameters: 0 0 0

#Transform 149
Transform: AffineTransform_float_3_3
Parameters: 0.999996 -0.000607775 -0.00279583 0.000607223 1 -0.000278699 0.00279617 0.000276302 0.999996 0.0461205 0.0625175 -0.0518798
FixedParameters: 0 0 0

#Transform 150
Transform: AffineTransform_float_3_3
Parameters: 0.999999 -0.000238914 -0.00155401 0.000239087 1 5.56285e-05 0.00155399 -5.53713e-05 0.999999 0.0446946 0.107723 -0.00513251
FixedParameters: 0 0 0

#Transform 151
Transform: AffineTransform_float_3_3
Parameters: 0.999996 -0.000596444 -0.00255189 0.000596556 1 -0.000174523 0.0025521 0.000173478 0.999996 0.0504612 0.0747451 -0.0474937
FixedParameters: 0 0 0

#Transform 152
Transform: AffineTransform_float_3_3
Parameters: 0.999997 -0.000183449 -0.00236104 0.00018455 1 0.000232565 0.00236096 -0.000233434 0.999997 0.0522545 0.0835235 -0.0513482
FixedParameters: 0 0 0

#Transform 153
Transform: AffineTransform_float_3_3
Parameters: 0.999997 -0.000596363 -0.00243491 0.000595638 1 -0.000149451 0.00243509 0.000148548 0.999997 0.049832 0.072942 -0.0625539
FixedParameters: 0 0 0

#Transform 154
Transform: AffineTransform_float_3_3
Parameters: 0.999998 -0.000239998 -0.001868 0.000240003 1 1.55168e-06 0.001868 -1.44832e-06 0.999999 0.0467493 0.0841236 -0.0420609
FixedParameters: 0 0 0

#Transform 155
Transform: AffineTransform_float_3_3
Parameters: 0.999997 -0.000595998 -0.002316 0.000596003 1 6.19658e-07 0.002316 -1.38034e-06 0.999998 0.0490204 0.0851292 -0.0568742
FixedParameters: 0 0 0

#Transform 156
Transform: AffineTransform_float_3_3
Parameters: 0.999998 -0.000265997 -0.002316 0.000266004 1 1.38394e-06 0.002316 -1.61605e-06 0.999998 0.0494802 0.0885665 -0.013309
FixedParameters: 0 0 0

#Transform 157
Transform: AffineTransform_float_3_3
Parameters: 0.999995 -0.000595997 -0.00287 0.000596003 1 2.89472e-07 0.00287 -1.71052e-06 0.999996 0.0608011 0.0731232 -0.0500908
FixedParameters: 0 0 0

#Transform 158
Transform: AffineTransform_float_3_3
Parameters: 0.999998 -0.000482638 -0.00227108 0.000483362 1 0.000158903 0.00227092 -0.000160097 0.999998 0.0488326 0.0847044 -0.0186425
FixedParameters: 0 0 0

#Transform 159
Transform: AffineTransform_float_3_3
Parameters: 0.999996 -0.000595452 -0.00275812 0.000596549 1 0.000198355 0.00275888 -0.000199644 0.999996 0.044833 0.0604835 -0.0632693
FixedParameters: 0 0 0

#Transform 160
Transform: AffineTransform_float_3_3
Parameters: 0.999998 -0.000595043 -0.00217626 0.000595956 0.999999 0.000438704 0.00217574 -0.000440296 0.999998 0.0407311 0.0832205 -0.0033791
FixedParameters: 0 0 0

#Transform 161
Transform: AffineTransform_float_3_3
Parameters: 0.999997 -0.000377379 -0.00252094 0.000376621 1 -0.00015095 0.00252106 0.000150049 0.999997 0.0342214 0.0862323 -0.0625829
FixedParameters: 0 0 0

#Transform 162
Transform: AffineTransform_float_3_3
Parameters: 0.999998 -0.000260388 -0.00225484 0.00025961 1 -0.000616587 0.00225516 0.000615414 0.999998 0.0312418 0.088828 -0.0329599
FixedParameters: 0 0 0

#Transform 163
Transform: AffineTransform_float_3_3
Parameters: 0.999997 -0.000395667 -0.00225071 0.000394334 0.999999 -0.000740889 0.00225029 0.000740111 0.999997 0.0332764 0.0832794 -0.0609986
FixedParameters: 0 0 0

#Transform 164
Transform: AffineTransform_float_3_3
Parameters: 0.999998 -0.000596621 -0.0018188 0.000596379 1 -0.000342085 0.0018192 0.000340915 0.999999 0.029489 0.0920236 -0.0371915
FixedParameters: 0 0 0

#Transform 165
Transform: AffineTransform_float_3_3
Parameters: 0.999998 -0.000596792 -0.00181874 0.000596208 0.999999 -0.000436085 0.00181926 0.000434915 0.999999 0.0215975 0.0808882 -0.0371127
FixedParameters: 0 0 0

#Transform 166
Transform: AffineTransform_float_3_3
Parameters: 0.999997 -0.00093473 -0.00194965 0.000934271 1 -0.000374823 0.00195035 0.000373178 0.999998 0.0370034 0.0713581 -0.0738277
FixedParameters: 0 0 0

#Transform 167
Transform: AffineTransform_float_3_3
Parameters: 0.999999 -0.000527328 -0.0017049 0.000526672 1 -0.000192898 0.0017051 0.000192101 0.999998 0.0350343 0.0741182 -0.0585884
FixedParameters: 0 0 0

#Transform 168
Transform: AffineTransform_float_3_3
Parameters: 0.999998 -0.000566792 -0.00181875 0.000566208 0.999999 -0.000436031 0.00181925 0.00043497 0.999999 0.0458588 0.0704874 -0.0364431
FixedParameters: 0 0 0

#Transform 169
Transform: AffineTransform_float_3_3
Parameters: 0.999999 -0.000497193 -0.00117392 0.000497807 1 -0.000164585 0.00117408 0.000164416 1 0.0418436 0.0738879 -0.0193011
FixedParameters: 0 0 0

#Transform 170
Transform: AffineTransform_float_3_3
Parameters: 0.999997 -8.5808e-05 -0.00245801 8.61915e-05 1 7.77884e-05 0.00245799 -7.82111e-05 0.999997 0.0441884 0.042269 -0.195589
FixedParameters: 0 0 0

#Transform 171
Transform: AffineTransform_float_3_3
Parameters: 0.999997 0.000157442 -0.00245797 -0.00015656 1 0.000179385 0.00245803 -0.000179614 0.999997 0.0313181 0.0843184 -0.0950373
FixedParameters: 0 0 0

#Transform 172
Transform: AffineTransform_float_3_3
Parameters: 0.999996 -0.000299765 -0.00288192 0.000299235 1 -0.000265863 0.00288208 0.000265137 0.999996 0.0463529 0.0887038 -0.0709876
FixedParameters: 0 0 0

#Transform 173
Transform: AffineTransform_float_3_3
Parameters: 0.999999 0.000453182 -0.00174295 -0.000452818 1 0.000104789 0.00174305 -0.00010421 0.999998 0.0468399 0.113308 -0.0358261
FixedParameters: 0 0 0

#Transform 174
Transform: AffineTransform_float_3_3
Parameters: 0.999997 -7.89179e-05 -0.00242897 7.8084e-05 1 -0.000377191 0.00242903 0.000377809 0.999997 0.0345927 0.0921306 -0.064088
FixedParameters: 0 0 0

#Transform 175
Transform: AffineTransform_float_3_3
Parameters: 0.999999 0.000152464 -0.00177196 -0.000152537 1 0.000261271 0.00177204 -0.00026173 0.999999 0.0422989 0.105177 -0.0306692
FixedParameters: 0 0 0

#Transform 176
Transform: AffineTransform_float_3_3
Parameters: 0.999997 -0.000498628 -0.00239208 0.000498372 1 0.000154808 0.00239192 -0.000156193 0.999997 0.0465128 0.0796194 -0.0492101
FixedParameters: 0 0 0

#Transform 177
Transform: AffineTransform_float_3_3
Parameters: 0.999998 -0.000100626 -0.00228589 9.83731e-05 1 -0.00114923 0.00228611 0.00114877 0.999996 0.0257125 0.0942906 0.00978327
FixedParameters: 0 0 0

#Transform 178
Transform: AffineTransform_float_3_3
Parameters: 0.999996 -0.000668734 -0.00266007 0.000669266 1 9.92201e-05 0.00265994 -0.000100779 0.999997 0.0382788 0.0922197 0.0565654
FixedParameters: 0 0 0

#Transform 179
Transform: AffineTransform_float_3_3
Parameters: 0.999995 -0.000420461 -0.00289522 0.000422538 1 0.000530779 0.00289477 -0.000532219 0.999995 0.0283375 0.0962773 -0.025312
FixedParameters: 0 0 0
