# transform file /out/sourcedata/freesurfer/sub-v1s15x0050187_ses-1/mri/transforms/cc_up.lta
# created by oesteban on Sun Mar  8 21:38:57 2026

type      = 0 # LINEAR_VOX_TO_VOX
nxforms   = 1
mean      = 130.0000 85.0000 128.0000
sigma     = 10000.0000
1 4 4
9.965950846672058e-01 4.630224406719208e-02 -6.822256743907928e-02 1.788122534751892e+00 
-4.619413241744041e-02 9.989274144172668e-01 3.162249457091093e-03 6.477606964111328e+01 
6.829581409692764e-02 0.000000000000000e+00 9.976651072502136e-01 -3.718116044998169e+00 
0.000000000000000e+00 0.000000000000000e+00 0.000000000000000e+00 1.000000000000000e+00 
src volume info
valid = 1  # volume info valid
filename = /out/sourcedata/freesurfer/sub-v1s15x0050187_ses-1/mri/norm.mgz
volume = 256 256 256
voxelsize = 1.000000000000000e+00 1.000000000000000e+00 1.000000000000000e+00
xras   = -1.000000000000000e+00 0.000000000000000e+00 0.000000000000000e+00
yras   = 0.000000000000000e+00 0.000000000000000e+00 -1.000000000000000e+00
zras   = 0.000000000000000e+00 1.000000000000000e+00 0.000000000000000e+00
cras   = 1.437202453613281e+00 1.175000000000000e+01 -3.559399414062500e+01
dst volume info
valid = 1  # volume info valid
filename = /out/sourcedata/freesurfer/sub-v1s15x0050187_ses-1/mri/norm.mgz
volume = 256 256 256
voxelsize = 1.000000000000000e+00 1.000000000000000e+00 1.000000000000000e+00
xras   = -1.000000000000000e+00 0.000000000000000e+00 0.000000000000000e+00
yras   = 0.000000000000000e+00 0.000000000000000e+00 -1.000000000000000e+00
zras   = 0.000000000000000e+00 1.000000000000000e+00 0.000000000000000e+00
cras   = 1.437202453613281e+00 1.175000000000000e+01 -3.559399414062500e+01
