# transform file /out/sourcedata/freesurfer/sub-v1s15x0050189_ses-1/mri/transforms/cc_up.lta
# created by oesteban on Thu Mar 12 12:25:50 2026

type      = 0 # LINEAR_VOX_TO_VOX
nxforms   = 1
mean      = 128.0000 103.0000 129.0000
sigma     = 10000.0000
1 4 4
9.978458285331726e-01 -5.755195021629333e-02 3.148483112454414e-02 3.444864034652710e+00 
5.752332508563995e-02 9.983424544334412e-01 1.815022085793316e-03 3.461927032470703e+01 
-3.153710439801216e-02 0.000000000000000e+00 9.995024800300598e-01 1.206490421295166e+01 
0.000000000000000e+00 0.000000000000000e+00 0.000000000000000e+00 1.000000000000000e+00 
src volume info
valid = 1  # volume info valid
filename = /out/sourcedata/freesurfer/sub-v1s15x0050189_ses-1/mri/norm.mgz
volume = 256 256 256
voxelsize = 1.000000000000000e+00 1.000000000000000e+00 1.000000000000000e+00
xras   = -1.000000000000000e+00 0.000000000000000e+00 0.000000000000000e+00
yras   = 0.000000000000000e+00 0.000000000000000e+00 -1.000000000000000e+00
zras   = 0.000000000000000e+00 1.000000000000000e+00 0.000000000000000e+00
cras   = 2.062500000000000e+00 1.221900177001953e+01 4.405998229980469e+00
dst volume info
valid = 1  # volume info valid
filename = /out/sourcedata/freesurfer/sub-v1s15x0050189_ses-1/mri/norm.mgz
volume = 256 256 256
voxelsize = 1.000000000000000e+00 1.000000000000000e+00 1.000000000000000e+00
xras   = -1.000000000000000e+00 0.000000000000000e+00 0.000000000000000e+00
yras   = 0.000000000000000e+00 0.000000000000000e+00 -1.000000000000000e+00
zras   = 0.000000000000000e+00 1.000000000000000e+00 0.000000000000000e+00
cras   = 2.062500000000000e+00 1.221900177001953e+01 4.405998229980469e+00
