#Insight Transform File V1.0
#Transform 0
Transform: AffineTransform_float_3_3
Parameters: 0.999999 1.12986e-06 -0.000932999 1.29864e-07 1 0.001211 0.000933 -0.001211 0.999999 0.0101948 0.0272655 -0.0345006
FixedParameters: 0 0 0

#Transform 1
Transform: AffineTransform_float_3_3
Parameters: 0.999999 9.287e-05 -0.000780897 -9.21299e-05 1 0.00111407 0.000781103 -0.00111393 0.999999 0.00856967 0.0219546 -0.0284795
FixedParameters: 0 0 0

#Transform 2
Transform: AffineTransform_float_3_3
Parameters: 1 4.45548e-07 -0.000428 4.45548e-07 1 0.001041 0.000428 -0.001041 1 0.00473252 0.0181414 -0.0315704
FixedParameters: 0 0 0

#Transform 3
Transform: AffineTransform_float_3_3
Parameters: 0.999999 8.77563e-07 -0.000842999 -1.22436e-07 1 0.001041 0.000843 -0.001041 0.999999 0.00316925 0.0180766 -0.035756
FixedParameters: 0 0 0

#Transform 4
Transform: AffineTransform_float_3_3
Parameters: 0.999999 8.77563e-07 -0.000842999 -1.22436e-07 1 0.001041 0.000843 -0.001041 0.999999 0.00637518 0.018073 -0.0392343
FixedParameters: 0 0 0

#Transform 5
Transform: AffineTransform_float_3_3
Parameters: 1 6.90183e-07 -0.000663 -3.09816e-07 0.999999 0.001041 0.000663001 -0.001041 0.999999 0.00725048 0.0181423 -0.0442855
FixedParameters: 0 0 0

#Transform 6
Transform: AffineTransform_float_3_3
Parameters: 0.999999 6.66813e-07 -0.000843 -3.33186e-07 0.999999 0.000791001 0.000843001 -0.000791 1 0.00925108 0.0255738 -0.0308139
FixedParameters: 0 0 0

#Transform 7
Transform: AffineTransform_float_3_3
Parameters: 1 2.60832e-07 -0.000429 2.60832e-07 1 0.000608 0.000429 -0.000608 0.999999 0.00469878 0.0281728 -0.0348038
FixedParameters: 0 0 0

#Transform 8
Transform: AffineTransform_float_3_3
Parameters: 1 3.8925e-08 -0.000225 3.8925e-08 1 0.000173 0.000225 -0.000173 1 0.000466271 0.0276968 -0.0468515
FixedParameters: 0 0 0

#Transform 9
Transform: AffineTransform_float_3_3
Parameters: 1 1.43406e-07 -0.000514 1.43406e-07 1 0.000279 0.000514 -0.000279 1 0.00568359 0.0265503 -0.0417309
FixedParameters: 0 0 0

#Transform 10
Transform: AffineTransform_float_3_3
Parameters: 1 5.3743e-08 -0.000223 5.3743e-08 1 0.000241 0.000223 -0.000241 1 -0.00852651 0.0270091 -0.0199145
FixedParameters: 0 0 0

#Transform 11
Transform: AffineTransform_float_3_3
Parameters: 1 7.8057e-08 -0.000413 7.8057e-08 1 0.000189 0.000413 -0.000189 1 -0.00589333 0.0376942 -0.0223943
FixedParameters: 0 0 0

#Transform 12
Transform: AffineTransform_float_3_3
Parameters: 1 8.72614e-05 -0.000554959 -8.67385e-05 1 0.000471048 0.000555041 -0.000470951 0.999999 0.00605398 0.0258437 -0.0340867
FixedParameters: 0 0 0

#Transform 13
Transform: AffineTransform_float_3_3
Parameters: 1 6.696e-08 -0.000432 6.696e-08 1 0.000155 0.000432 -0.000155 1 0.00473876 0.029548 -0.0194414
FixedParameters: 0 0 0

#Transform 14
Transform: AffineTransform_float_3_3
Parameters: 1 -6.16e-09 -0.000385 -6.16e-09 1 -1.6e-05 0.000385 1.6e-05 1 -0.00915629 0.0124418 -0.0227765
FixedParameters: 0 0 0

#Transform 15
Transform: AffineTransform_float_3_3
Parameters: 1 -2.2344e-08 -0.000266 -2.2344e-08 1 -8.4e-05 0.000266 8.4e-05 1 -0.0152684 0.0138939 -0.0168151
FixedParameters: 0 0 0

#Transform 16
Transform: AffineTransform_float_3_3
Parameters: 1 -0.000318058 -0.000143871 0.000317941 1 -0.000406046 0.000144129 0.000405954 1 -0.021267 -0.000636546 -0.0133367
FixedParameters: 0 0 0

#Transform 17
Transform: AffineTransform_float_3_3
Parameters: 1 -2.2955e-05 -8.80117e-05 2.3045e-05 1 0.000510998 8.79882e-05 -0.000511002 1 -0.0149264 0.00690114 -0.0147081
FixedParameters: 0 0 0

#Transform 18
Transform: AffineTransform_float_3_3
Parameters: 1 -0.000273043 -0.000161928 0.000272957 1 -0.000264044 0.000161072 0.000263956 1 -0.0102406 0.0161937 -0.0103129
FixedParameters: 0 0 0

#Transform 19
Transform: AffineTransform_float_3_3
Parameters: 1 -8.20316e-05 -8.79705e-05 8.19684e-05 1 -0.000359007 8.80294e-05 0.000358993 1 -0.01997 0.00374947 -0.0201248
FixedParameters: 0 0 0

#Transform 20
Transform: AffineTransform_float_3_3
Parameters: 1 -7.10169e-05 -8.79864e-05 7.09831e-05 1 -0.000192006 8.80136e-05 0.000191994 1 -0.00788435 0.00202961 0.00264655
FixedParameters: 0 0 0

#Transform 21
Transform: AffineTransform_float_3_3
Parameters: 1 4.76592e-06 -0.000532002 -4.23408e-06 1 -0.000439998 0.000531998 0.000440002 1 -0.0150334 0.017337 -0.00984045
FixedParameters: 0 0 0

#Transform 22
Transform: AffineTransform_float_3_3
Parameters: 1 -9.58929e-05 -0.000368028 9.61071e-05 1 0.000290965 0.000367972 -0.000291035 1 -0.0167633 0.0119606 -0.0300437
FixedParameters: 0 0 0

#Transform 23
Transform: AffineTransform_float_3_3
Parameters: 1 -9.64005e-05 -0.000531927 9.55993e-05 0.999999 -0.00075305 0.000532072 0.000752948 0.999999 -0.0149664 0.00436996 -0.0408728
FixedParameters: 0 0 0

#Transform 24
Transform: AffineTransform_float_3_3
Parameters: 1 -9.64776e-05 -0.000531914 9.55222e-05 0.999999 -0.000898051 0.000532086 0.000897949 1 -0.00475922 0.00599455 -0.0320304
FixedParameters: 0 0 0

#Transform 25
Transform: AffineTransform_float_3_3
Parameters: 1 -0.000363038 -0.000533341 0.000365965 0.999993 0.00368381 0.000532655 -0.00368419 0.999993 -0.0150985 0.0233106 -0.00712948
FixedParameters: 0 0 0

#Transform 26
Transform: AffineTransform_float_3_3
Parameters: 1 -0.0002012 -0.000532303 0.000201801 0.999999 0.00150289 0.000532697 -0.00150311 0.999998 -0.0150907 0.0237346 0.00237785
FixedParameters: 0 0 0

#Transform 27
Transform: AffineTransform_float_3_3
Parameters: 1 9.86665e-05 -0.000531877 -9.83333e-05 0.999999 0.00125305 0.000532124 -0.00125295 0.999999 -0.0150368 0.0255925 -0.0201965
FixedParameters: 0 0 0

#Transform 28
Transform: AffineTransform_float_3_3
Parameters: 1 -0.000188437 -0.000478222 0.000189563 1 0.00117791 0.000477777 -0.00117809 0.999999 -0.0157487 0.0447635 0.00956748
FixedParameters: 0 0 0

#Transform 29
Transform: AffineTransform_float_3_3
Parameters: 1 -0.000233592 -0.000396241 0.000234409 1 0.00103191 0.000395759 -0.00103109 1 -0.0250548 0.0329922 0.0363667
FixedParameters: 0 0 0

#Transform 30
Transform: AffineTransform_float_3_3
Parameters: 1 -0.000233428 -0.000525255 0.000234573 1 0.00109088 0.000524745 -0.00109012 1 -0.0152239 0.0323829 0.0416108
FixedParameters: 0 0 0

#Transform 31
Transform: AffineTransform_float_3_3
Parameters: 0.999999 -0.000130407 -0.000741105 0.000131593 0.999999 0.000799903 0.000740895 -0.000800097 1 -0.0128741 0.0294172 0.0535156
FixedParameters: 0 0 0

#Transform 32
Transform: AffineTransform_float_3_3
Parameters: 0.999999 -0.000233206 -0.000754246 0.000233794 0.999999 0.00105282 0.000753754 -0.00105318 0.999999 -0.0277712 0.0284933 0.051881
FixedParameters: 0 0 0

#Transform 33
Transform: AffineTransform_float_3_3
Parameters: 0.999999 -0.000233265 -0.000840205 0.000233736 0.999999 0.000875804 0.000840796 -0.000875196 1 -0.0117505 0.0204634 0.031396
FixedParameters: 0 0 0

#Transform 34
Transform: AffineTransform_float_3_3
Parameters: 0.999999 -0.000230944 -0.00127256 0.000234055 0.999997 0.00240171 0.00127144 -0.0024023 0.999997 -0.00698514 0.0302161 0.0169022
FixedParameters: 0 0 0

#Transform 35
Transform: AffineTransform_float_3_3
Parameters: 0.999999 -0.000230848 -0.00127258 0.000234151 0.999997 0.0024777 0.00127142 -0.0024773 0.999996 -0.00695151 0.0287732 0.000163103
FixedParameters: 0 0 0

#Transform 36
Transform: AffineTransform_float_3_3
Parameters: 0.999999 -0.000229697 -0.00127279 0.000234305 0.999995 0.00338271 0.00127222 -0.0033823 0.999994 -0.00691298 0.0367761 -0.0347453
FixedParameters: 0 0 0

#Transform 37
Transform: AffineTransform_float_3_3
Parameters: 0.999999 -0.00022906 -0.00137783 0.00023394 0.999994 0.00358568 0.00137717 -0.00358632 0.999992 -0.0209448 0.0509241 -0.0120668
FixedParameters: 0 0 0

#Transform 38
Transform: AffineTransform_float_3_3
Parameters: 0.999999 -9.65095e-05 -0.00151436 0.000101493 0.999994 0.00362585 0.00151464 -0.00362615 0.999993 -0.0235784 0.0479073 -0.0116195
FixedParameters: 0 0 0

#Transform 39
Transform: AffineTransform_float_3_3
Parameters: 0.999999 0.000220243 -0.0012711 -0.000214758 0.999992 0.00412328 0.0012719 -0.00412272 0.99999 -0.0262978 0.049113 0.0116474
FixedParameters: 0 0 0

#Transform 40
Transform: AffineTransform_float_3_3
Parameters: 0.999998 6.67173e-05 -0.00169575 -6.02815e-05 0.999992 0.00396111 0.00169625 -0.00396089 0.99999 -0.0256679 0.0438897 0.01287
FixedParameters: 0 0 0

#Transform 41
Transform: AffineTransform_float_3_3
Parameters: 0.999999 0.000169182 -0.00142016 -0.000161813 0.999987 0.00505624 0.00142184 -0.00505577 0.999986 -0.0246428 0.0572926 0.0120164
FixedParameters: 0 0 0

#Transform 42
Transform: AffineTransform_float_3_3
Parameters: 0.999998 0.000335263 -0.00162432 -0.000326737 0.999987 0.00508554 0.00162568 -0.00508446 0.999986 -0.0224186 0.0428955 0.0126049
FixedParameters: 0 0 0

#Transform 43
Transform: AffineTransform_float_3_3
Parameters: 0.999999 1.32611e-05 -0.00157096 -5.73868e-06 0.99999 0.00462202 0.00157104 -0.00462199 0.999988 -0.0230499 0.0508777 0.0125776
FixedParameters: 0 0 0

#Transform 44
Transform: AffineTransform_float_3_3
Parameters: 0.999999 0.000119224 -0.00157047 -0.000111774 0.99999 0.00459918 0.00157153 -0.00459882 0.999988 -0.0230912 0.0615281 0.0124891
FixedParameters: 0 0 0

#Transform 45
Transform: AffineTransform_float_3_3
Parameters: 0.999998 0.000331119 -0.00156972 -0.000324879 0.999993 0.00389752 0.00157128 -0.00389649 0.999991 -0.0229969 0.04369 0.0127477
FixedParameters: 0 0 0

#Transform 46
Transform: AffineTransform_float_3_3
Parameters: 0.999999 0.000156677 -0.00157054 -0.000152321 0.999995 0.00297824 0.00157146 -0.00297776 0.999995 -0.0230092 0.0491433 0.0314552
FixedParameters: 0 0 0

#Transform 47
Transform: AffineTransform_float_3_3
Parameters: 0.999999 0.000157008 -0.00173756 -0.00015199 0.999996 0.00288227 0.00173845 -0.00288173 0.999995 -0.0211536 0.0503214 0.0595326
FixedParameters: 0 0 0

#Transform 48
Transform: AffineTransform_float_3_3
Parameters: 0.999998 0.000158125 -0.00205654 -0.000151876 0.999995 0.00297832 0.00205646 -0.00297768 0.999993 -0.0214701 0.0493213 0.0769938
FixedParameters: 0 0 0

#Transform 49
Transform: AffineTransform_float_3_3
Parameters: 0.999996 -0.000282894 -0.00277615 0.000294106 0.999992 0.0040012 0.00277485 -0.0040018 0.999988 -0.0313954 0.0466949 0.0607043
FixedParameters: 0 0 0

#Transform 50
Transform: AffineTransform_float_3_3
Parameters: 0.999996 -0.000284305 -0.00256509 0.000293693 0.999993 0.00377926 0.00256391 -0.00378074 0.999989 -0.0264705 0.0414866 0.0299423
FixedParameters: 0 0 0

#Transform 51
Transform: AffineTransform_float_3_3
Parameters: 0.999997 0.000357201 -0.00265678 -0.000348798 0.999994 0.00346294 0.00265823 -0.00346206 0.999991 -0.0225537 0.039036 0.0125508
FixedParameters: 0 0 0

#Transform 52
Transform: AffineTransform_float_3_3
Parameters: 0.999998 0.000267689 -0.00224521 -0.000260313 0.999995 0.00297859 0.00224579 -0.00297841 0.999993 -0.0272488 0.0296565 -0.00117152
FixedParameters: 0 0 0

#Transform 53
Transform: AffineTransform_float_3_3
Parameters: 0.999998 -6.30934e-05 -0.00193524 6.99055e-05 0.999993 0.00356887 0.00193476 -0.00356913 0.999992 -0.0269112 0.0400645 0.0195058
FixedParameters: 0 0 0

#Transform 54
Transform: AffineTransform_float_3_3
Parameters: 0.999998 -6.36469e-05 -0.00193522 6.93521e-05 0.999994 0.00328287 0.00193478 -0.00328313 0.999992 -0.0188256 0.03861 0.00947237
FixedParameters: 0 0 0

#Transform 55
Transform: AffineTransform_float_3_3
Parameters: 0.999998 -6.29889e-05 -0.00206823 7.00134e-05 0.999995 0.00338986 0.00206877 -0.00339014 0.999992 -0.0173525 0.0581011 0.0127867
FixedParameters: 0 0 0

#Transform 56
Transform: AffineTransform_float_3_3
Parameters: 0.999998 -6.14117e-05 -0.00231125 6.95908e-05 0.999993 0.00371585 0.00231176 -0.00371615 0.999991 -0.0146607 0.0599819 0.0206352
FixedParameters: 0 0 0

#Transform 57
Transform: AffineTransform_float_3_3
Parameters: 0.999997 -6.20235e-05 -0.00217824 6.99753e-05 0.999994 0.00366186 0.00217776 -0.00366214 0.999991 -0.0205594 0.0591278 0.0227212
FixedParameters: 0 0 0

#Transform 58
Transform: AffineTransform_float_3_3
Parameters: 0.999998 -6.30218e-05 -0.00193524 6.99771e-05 0.999993 0.00360587 0.00193476 -0.00360613 0.999991 -0.0216015 0.0600395 0.0421947
FixedParameters: 0 0 0

#Transform 59
Transform: AffineTransform_float_3_3
Parameters: 0.999998 -6.17819e-05 -0.00203227 6.92208e-05 0.999992 0.00404387 0.00203274 -0.00404413 0.99999 -0.0238925 0.0600747 0.0271049
FixedParameters: 0 0 0

#Transform 60
Transform: AffineTransform_float_3_3
Parameters: 0.999999 -6.24356e-05 -0.00184327 6.95671e-05 0.999991 0.00410388 0.00184373 -0.00410412 0.99999 -0.0247114 0.0635873 0.0190606
FixedParameters: 0 0 0

#Transform 61
Transform: AffineTransform_float_3_3
Parameters: 0.999998 0.000533627 -0.00193237 -0.000524375 0.999988 0.00497902 0.00193463 -0.00497798 0.999985 -0.037676 0.0816429 0.0118946
FixedParameters: 0 0 0

#Transform 62
Transform: AffineTransform_float_3_3
Parameters: 0.999997 0.00027321 -0.00242155 -0.000259788 0.999985 0.00545365 0.00242345 -0.00545336 0.999982 -0.0323024 0.0625834 0.0179553
FixedParameters: 0 0 0

#Transform 63
Transform: AffineTransform_float_3_3
Parameters: 0.999996 0.000277493 -0.00278131 -0.0002605 0.99998 0.00628875 0.00278369 -0.00628726 0.999977 -0.0349254 0.0805334 0.0451028
FixedParameters: 0 0 0

#Transform 64
Transform: AffineTransform_float_3_3
Parameters: 0.999996 0.000285179 -0.00286961 -0.000259815 0.999962 0.00877179 0.00287239 -0.00877023 0.999958 -0.047464 0.126055 0.0652845
FixedParameters: 0 0 0

#Transform 65
Transform: AffineTransform_float_3_3
Parameters: 0.999995 -0.000255427 -0.00330691 0.000278575 0.999975 0.00713012 0.0033051 -0.00713089 0.999969 -0.02233 0.106114 0.11971
FixedParameters: 0 0 0

#Transform 66
Transform: AffineTransform_float_3_3
Parameters: 0.999994 -0.000576233 -0.00319694 0.000603767 0.999964 0.00837811 0.00319205 -0.00837988 0.99996 -0.0439484 0.107135 0.0734259
FixedParameters: 0 0 0

#Transform 67
Transform: AffineTransform_float_3_3
Parameters: 0.999994 -0.000381508 -0.003619 0.000408491 0.999971 0.00759857 0.003616 -0.00760043 0.999964 -0.0563582 0.0993636 0.0257152
FixedParameters: 0 0 0

#Transform 68
Transform: AffineTransform_float_3_3
Parameters: 0.999994 -0.000345997 -0.00361869 0.000373004 0.999972 0.0074637 0.00361632 -0.00746531 0.999966 -0.0564194 0.117232 0.0275719
FixedParameters: 0 0 0

#Transform 69
Transform: AffineTransform_float_3_3
Parameters: 0.999995 -9.87538e-05 -0.00310683 0.000122239 0.999972 0.00748266 0.00310517 -0.00748334 0.999967 -0.0354958 0.117099 0.0508989
FixedParameters: 0 0 0

#Transform 70
Transform: AffineTransform_float_3_3
Parameters: 0.999995 -0.000100878 -0.00338184 0.000126122 0.999973 0.00742862 0.00338116 -0.00742938 0.999966 -0.0423479 0.106981 0.0349923
FixedParameters: 0 0 0

#Transform 71
Transform: AffineTransform_float_3_3
Parameters: 0.999991 -0.000299811 -0.00407749 0.000332192 0.999969 0.00789571 0.0040755 -0.00789728 0.99996 -0.0513883 0.0969957 0.0368567
FixedParameters: 0 0 0

#Transform 72
Transform: AffineTransform_float_3_3
Parameters: 0.999992 -0.000264573 -0.00385421 0.000295425 0.999969 0.00789592 0.00385179 -0.00789708 0.999962 -0.0538444 0.0967165 0.0191002
FixedParameters: 0 0 0

#Transform 73
Transform: AffineTransform_float_3_3
Parameters: 0.999992 8.60538e-05 -0.00397945 -5.49408e-05 0.999969 0.00780327 0.00398055 -0.00780271 0.999961 -0.0522457 0.0966285 -0.00470462
FixedParameters: 0 0 0

#Transform 74
Transform: AffineTransform_float_3_3
Parameters: 0.999991 -0.000607341 -0.00408015 0.000640667 0.999965 0.00825345 0.00407585 -0.00825554 0.999957 -0.0512642 0.11637 -0.00161514
FixedParameters: 0 0 0

#Transform 75
Transform: AffineTransform_float_3_3
Parameters: 0.999991 -0.00043721 -0.00407876 0.000470792 0.999965 0.00828715 0.00407524 -0.00828885 0.999958 -0.0633995 0.115036 -0.0257979
FixedParameters: 0 0 0

#Transform 76
Transform: AffineTransform_float_3_3
Parameters: 0.999991 -0.000434759 -0.00407902 0.00047125 0.999961 0.00888816 0.00407597 -0.00888985 0.999952 -0.0648978 0.115798 -0.0290018
FixedParameters: 0 0 0

#Transform 77
Transform: AffineTransform_float_3_3
Parameters: 0.999991 -5.15816e-05 -0.00407569 9.04203e-05 0.999953 0.00967171 0.00407531 -0.00967229 0.999945 -0.0613817 0.1081 -0.029063
FixedParameters: 0 0 0

#Transform 78
Transform: AffineTransform_float_3_3
Parameters: 0.999992 -0.000198386 -0.00412892 0.000234615 0.99996 0.00886911 0.00412708 -0.00886989 0.999952 -0.0505357 0.10295 -0.0235321
FixedParameters: 0 0 0

#Transform 79
Transform: AffineTransform_float_3_3
Parameters: 0.999991 -4.99687e-05 -0.00407554 8.30339e-05 0.999967 0.00810473 0.00407546 -0.00810527 0.999959 -0.0511679 0.1077 -0.0144696
FixedParameters: 0 0 0

#Transform 80
Transform: AffineTransform_float_3_3
Parameters: 0.999989 -0.000127049 -0.00453441 0.000169948 0.999955 0.00947333 0.00453259 -0.00947367 0.999945 -0.0535793 0.0970591 -0.0277091
FixedParameters: 0 0 0

#Transform 81
Transform: AffineTransform_float_3_3
Parameters: 0.999989 -4.20356e-05 -0.00453356 8.2958e-05 0.999959 0.00903572 0.00453243 -0.00903628 0.999949 -0.054624 0.0732779 -0.0589628
FixedParameters: 0 0 0

#Transform 82
Transform: AffineTransform_float_3_3
Parameters: 0.999989 -4.14208e-05 -0.00471855 8.2573e-05 0.999961 0.00881171 0.00471746 -0.0088123 0.99995 -0.0656616 0.0937143 -0.0442978
FixedParameters: 0 0 0

#Transform 83
Transform: AffineTransform_float_3_3
Parameters: 0.999989 -0.00052366 -0.00453784 0.00056333 0.999961 0.00889254 0.00453217 -0.00889547 0.99995 -0.067698 0.0998584 -0.0462542
FixedParameters: 0 0 0

#Transform 84
Transform: AffineTransform_float_3_3
Parameters: 0.999988 -0.00028088 -0.00485882 0.000325111 0.999957 0.00928753 0.00485519 -0.00928947 0.999945 -0.0640831 0.118318 -0.0522528
FixedParameters: 0 0 0

#Transform 85
Transform: AffineTransform_float_3_3
Parameters: 0.999989 -0.000177763 -0.00453476 0.00021823 0.99996 0.0088741 0.00453224 -0.0088749 0.999951 -0.0677574 0.107554 -0.0529624
FixedParameters: 0 0 0

#Transform 86
Transform: AffineTransform_float_3_3
Parameters: 0.999988 -0.000360598 -0.00488764 0.000407406 0.999955 0.00949612 0.00488435 -0.00949787 0.999943 -0.0637098 0.115734 -0.0796374
FixedParameters: 0 0 0

#Transform 87
Transform: AffineTransform_float_3_3
Parameters: 0.999989 -0.000509865 -0.00477961 0.000560142 0.999945 0.0104944 0.00477438 -0.0104965 0.999933 -0.0826646 0.118737 -0.084845
FixedParameters: 0 0 0

#Transform 88
Transform: AffineTransform_float_3_3
Parameters: 0.999987 -0.000160632 -0.00506728 0.000221365 0.999929 0.011915 0.00506472 -0.011916 0.999916 -0.079357 0.109983 -0.123111
FixedParameters: 0 0 0

#Transform 89
Transform: AffineTransform_float_3_3
Parameters: 0.999985 -0.000158727 -0.0053732 0.000221271 0.999933 0.011591 0.0053708 -0.011592 0.999919 -0.0760725 0.108053 -0.119836
FixedParameters: 0 0 0

#Transform 90
Transform: AffineTransform_float_3_3
Parameters: 0.999985 -6.09973e-05 -0.00551726 0.000132996 0.999915 0.0130505 0.00551573 -0.0130515 0.999899 -0.074505 0.139059 -0.113146
FixedParameters: 0 0 0

#Transform 91
Transform: AffineTransform_float_3_3
Parameters: 0.999986 0.00013768 -0.00538966 -6.73179e-05 0.999914 0.0131115 0.00539135 -0.0131114 0.999899 -0.0756476 0.107966 -0.120107
FixedParameters: 0 0 0

#Transform 92
Transform: AffineTransform_float_3_3
Parameters: 0.999987 -2.93362e-05 -0.0050998 9.46648e-05 0.999917 0.0128757 0.0050992 -0.0128763 0.999904 -0.0788612 0.143265 -0.0845303
FixedParameters: 0 0 0

#Transform 93
Transform: AffineTransform_float_3_3
Parameters: 0.999987 -0.000247014 -0.00510268 0.000313993 0.999913 0.0131316 0.00509931 -0.0131324 0.999901 -0.07895 0.160359 -0.0670333
FixedParameters: 0 0 0

#Transform 94
Transform: AffineTransform_float_3_3
Parameters: 0.999987 -0.000139667 -0.00510121 0.000204338 0.999918 0.0128081 0.0050998 -0.0128099 0.999905 -0.0812764 0.176777 -0.0331747
FixedParameters: 0 0 0

#Transform 95
Transform: AffineTransform_float_3_3
Parameters: 0.999985 -0.000133762 -0.00544821 0.000204236 0.999915 0.0130771 0.00544579 -0.0130779 0.999899 -0.0825562 0.153436 -0.0420291
FixedParameters: 0 0 0

#Transform 96
Transform: AffineTransform_float_3_3
Parameters: 0.999984 0.000294122 -0.00574738 -0.000211872 0.999898 0.0142834 0.00575161 -0.0142825 0.999881 -0.0718992 0.148453 -0.0412663
FixedParameters: 0 0 0

#Transform 97
Transform: AffineTransform_float_3_3
Parameters: 0.999983 0.000378375 -0.00583714 -0.000293627 0.999895 0.0144489 0.00584185 -0.014447 0.999878 -0.0708408 0.158388 -0.0646946
FixedParameters: 0 0 0

#Transform 98
Transform: AffineTransform_float_3_3
Parameters: 0.999985 5.70132e-05 -0.00558476 2.50172e-05 0.999892 0.0146841 0.00558523 -0.0146839 0.999876 -0.0813917 0.14359 -0.0592005
FixedParameters: 0 0 0

#Transform 99
Transform: AffineTransform_float_3_3
Parameters: 0.999983 -0.000120785 -0.00581536 0.00020421 0.999895 0.0144831 0.00581265 -0.014484 0.999878 -0.0770585 0.14217 -0.0546654
FixedParameters: 0 0 0

#Transform 100
Transform: AffineTransform_float_3_3
Parameters: 0.999983 -0.000116737 -0.00581544 0.000204272 0.999885 0.0151791 0.00581357 -0.0151799 0.999868 -0.0782699 0.154931 -0.054871
FixedParameters: 0 0 0

#Transform 101
Transform: AffineTransform_float_3_3
Parameters: 0.999983 7.48223e-05 -0.00581054 1.58305e-05 0.999878 0.0156292 0.00581146 -0.0156288 0.999861 -0.082365 0.151569 -0.0644785
FixedParameters: 0 0 0

#Transform 102
Transform: AffineTransform_float_3_3
Parameters: 0.999983 0.000184598 -0.00579694 -0.000101402 0.999896 0.0144178 0.00579907 -0.0144172 0.99988 -0.0906547 0.145332 -0.0863245
FixedParameters: 0 0 0

#Transform 103
Transform: AffineTransform_float_3_3
Parameters: 0.999982 2.06887e-05 -0.00587435 6.76825e-05 0.999886 0.0150969 0.00587364 -0.0150971 0.999869 -0.0887302 0.171934 -0.0880234
FixedParameters: 0 0 0

#Transform 104
Transform: AffineTransform_float_3_3
Parameters: 0.999982 -0.000337788 -0.00587987 0.000428212 0.999882 0.0153477 0.00587412 -0.0153503 0.999865 -0.095316 0.165787 -0.0683751
FixedParameters: 0 0 0

#Transform 105
Transform: AffineTransform_float_3_3
Parameters: 0.999981 -0.000334547 -0.00619175 0.000428454 0.999886 0.0150976 0.00618623 -0.0151004 0.999867 -0.091665 0.149397 -0.0952717
FixedParameters: 0 0 0

#Transform 106
Transform: AffineTransform_float_3_3
Parameters: 0.999982 -0.000144908 -0.00608574 0.000233087 0.999895 0.0144778 0.00608226 -0.0144781 0.999876 -0.0927765 0.160663 -0.0924956
FixedParameters: 0 0 0

#Transform 107
Transform: AffineTransform_float_3_3
Parameters: 0.99998 -9.79287e-05 -0.00633518 0.000193069 0.999888 0.0150081 0.00633282 -0.0150089 0.999868 -0.0899513 0.155425 -0.113244
FixedParameters: 0 0 0

#Transform 108
Transform: AffineTransform_float_3_3
Parameters: 0.999979 6.40702e-05 -0.00641579 3.60742e-05 0.999876 0.0157521 0.00641623 -0.0157519 0.999856 -0.0889669 0.160253 -0.114489
FixedParameters: 0 0 0

#Transform 109
Transform: AffineTransform_float_3_3
Parameters: 0.99998 3.34864e-05 -0.0063112 6.04829e-05 0.999891 0.0148119 0.0063108 -0.0148121 0.999871 -0.0841883 0.158397 -0.133584
FixedParameters: 0 0 0

#Transform 110
Transform: AffineTransform_float_3_3
Parameters: 0.99998 -0.000127658 -0.00624567 0.000223346 0.999884 0.0152669 0.00624331 -0.0152681 0.999864 -0.0909636 0.156693 -0.114811
FixedParameters: 0 0 0

#Transform 111
Transform: AffineTransform_float_3_3
Parameters: 0.999981 -0.00012808 -0.00607174 0.000222924 0.999877 0.0156349 0.00606926 -0.0156361 0.99986 -0.0927258 0.147044 -0.142645
FixedParameters: 0 0 0

#Transform 112
Transform: AffineTransform_float_3_3
Parameters: 0.99998 0.000578983 -0.00629953 -0.000478023 0.999871 0.0160203 0.00630747 -0.0160167 0.999852 -0.0897648 0.13798 -0.187309
FixedParameters: 0 0 0

#Transform 113
Transform: AffineTransform_float_3_3
Parameters: 0.99998 0.000311614 -0.00633082 -0.000209395 0.999871 0.0160457 0.00633418 -0.0160434 0.999851 -0.0896983 0.153466 -0.159722
FixedParameters: 0 0 0

#Transform 114
Transform: AffineTransform_float_3_3
Parameters: 0.999976 0.00051267 -0.00688065 -0.000402339 0.99987 0.0160761 0.00688736 -0.0160728 0.999847 -0.0837342 0.1513 -0.11939
FixedParameters: 0 0 0

#Transform 115
Transform: AffineTransform_float_3_3
Parameters: 0.999976 0.000783793 -0.00696132 -0.000671196 0.999871 0.0160471 0.00697367 -0.0160419 0.999847 -0.0827602 0.166542 -0.125937
FixedParameters: 0 0 0

#Transform 116
Transform: AffineTransform_float_3_3
Parameters: 0.999978 0.00048711 -0.00672571 -0.000372887 0.999856 0.0169569 0.00673329 -0.0169541 0.999833 -0.0854953 0.177174 -0.117345
FixedParameters: 0 0 0

#Transform 117
Transform: AffineTransform_float_3_3
Parameters: 0.999975 0.000639284 -0.00696122 -0.000522719 0.999858 0.0168371 0.00697079 -0.016833 0.999834 -0.0827125 0.162342 -0.139264
FixedParameters: 0 0 0

#Transform 118
Transform: AffineTransform_float_3_3
Parameters: 0.99998 0.0010632 -0.0062511 -0.000951806 0.999841 0.0177643 0.00626889 -0.0177587 0.999822 -0.0725554 0.159638 -0.157299
FixedParameters: 0 0 0

#Transform 119
Transform: AffineTransform_float_3_3
Parameters: 0.99998 0.000936729 -0.0061366 -0.000836261 0.999868 0.0162344 0.00615138 -0.0162286 0.99985 -0.0810928 0.160759 -0.0891271
FixedParameters: 0 0 0

#Transform 120
Transform: AffineTransform_float_3_3
Parameters: 0.999976 0.00123317 -0.00684408 -0.00111683 0.999855 0.016952 0.00686391 -0.0169439 0.999833 -0.073097 0.158638 -0.127931
FixedParameters: 0 0 0

#Transform 121
Transform: AffineTransform_float_3_3
Parameters: 0.999976 0.000995019 -0.00685025 -0.000871964 0.999838 0.0179384 0.00686774 -0.0179316 0.999815 -0.0728181 0.160302 -0.147699
FixedParameters: 0 0 0

#Transform 122
Transform: AffineTransform_float_3_3
Parameters: 0.999975 0.00123515 -0.00686679 -0.00111685 0.999851 0.0171831 0.0068872 -0.0171749 0.999829 -0.0726118 0.169239 -0.159301
FixedParameters: 0 0 0

#Transform 123
Transform: AffineTransform_float_3_3
Parameters: 0.999975 0.0010853 -0.00688528 -0.0009587 0.999831 0.018321 0.00690372 -0.018314 0.999809 -0.0857689 0.174689 -0.172754
FixedParameters: 0 0 0

#Transform 124
Transform: AffineTransform_float_3_3
Parameters: 0.999974 0.00160088 -0.00703495 -0.00147712 0.999845 0.0175789 0.00706205 -0.0175682 0.99982 -0.088956 0.161912 -0.223712
FixedParameters: 0 0 0

#Transform 125
Transform: AffineTransform_float_3_3
Parameters: 0.999976 0.00115302 -0.00691907 -0.00103298 0.99985 0.0173246 0.00693794 -0.0173164 0.999826 -0.0899863 0.172404 -0.215909
FixedParameters: 0 0 0

#Transform 126
Transform: AffineTransform_float_3_3
Parameters: 0.999975 0.00112224 -0.00690022 -0.000999764 0.999843 0.0176933 0.00691876 -0.0176867 0.999819 -0.0882278 0.155142 -0.223454
FixedParameters: 0 0 0

#Transform 127
Transform: AffineTransform_float_3_3
Parameters: 0.999973 0.00124295 -0.0072152 -0.00110805 0.999827 0.0185395 0.00723678 -0.0185315 0.999802 -0.0903964 0.162557 -0.221302
FixedParameters: 0 0 0

#Transform 128
Transform: AffineTransform_float_3_3
Parameters: 0.999972 0.00132224 -0.0072839 -0.00118776 0.99983 0.0184032 0.00730709 -0.0183938 0.999804 -0.0918057 0.171385 -0.229531
FixedParameters: 0 0 0

#Transform 129
Transform: AffineTransform_float_3_3
Parameters: 0.999969 0.00150348 -0.00765267 -0.00135751 0.999816 0.019111 0.00768034 -0.0191 0.999788 -0.0992538 0.182293 -0.227127
FixedParameters: 0 0 0

#Transform 130
Transform: AffineTransform_float_3_3
Parameters: 0.999969 0.0011941 -0.00785312 -0.0010399 0.999808 0.0195978 0.00787489 -0.0195892 0.999777 -0.0929671 0.178402 -0.245472
FixedParameters: 0 0 0

#Transform 131
Transform: AffineTransform_float_3_3
Parameters: 0.999969 0.00122023 -0.00786649 -0.00106478 0.999805 0.019707 0.00788851 -0.019698 0.999775 -0.0830349 0.187111 -0.238603
FixedParameters: 0 0 0

#Transform 132
Transform: AffineTransform_float_3_3
Parameters: 0.99997 0.00120984 -0.00757327 -0.00106514 0.999817 0.0191006 0.00759572 -0.0190914 0.999789 -0.0920668 0.182202 -0.201762
FixedParameters: 0 0 0

#Transform 133
Transform: AffineTransform_float_3_3
Parameters: 0.999973 0.00118215 -0.00723182 -0.00106484 0.999869 0.0161821 0.00725018 -0.0161739 0.999843 -0.0906468 0.157628 -0.169174
FixedParameters: 0 0 0

#Transform 134
Transform: AffineTransform_float_3_3
Parameters: 0.999977 0.00117283 -0.00677221 -0.00106518 0.999873 0.0159036 0.00678979 -0.0158964 0.99985 -0.0959865 0.184775 -0.124998
FixedParameters: 0 0 0

#Transform 135
Transform: AffineTransform_float_3_3
Parameters: 0.999972 0.00118863 -0.00745033 -0.00106538 0.999862 0.0165754 0.00746868 -0.0165676 0.999835 -0.0949798 0.196246 -0.115309
FixedParameters: 0 0 0

#Transform 136
Transform: AffineTransform_float_3_3
Parameters: 0.999974 0.00118725 -0.00720593 -0.00106475 0.999856 0.0169451 0.00722508 -0.0169369 0.999831 -0.100409 0.202246 -0.0856608
FixedParameters: 0 0 0

#Transform 137
Transform: AffineTransform_float_3_3
Parameters: 0.999972 0.00090485 -0.00751381 -0.000778153 0.999858 0.0168673 0.00752819 -0.0168617 0.999829 -0.0878678 0.196264 -0.124626
FixedParameters: 0 0 0

#Transform 138
Transform: AffineTransform_float_3_3
Parameters: 0.99997 0.000733905 -0.00771111 -0.000596096 0.99984 0.0178711 0.00772288 -0.0178659 0.99981 -0.0966258 0.196875 -0.166095
FixedParameters: 0 0 0

#Transform 139
Transform: AffineTransform_float_3_3
Parameters: 0.99997 0.000837812 -0.0076763 -0.000701195 0.999841 0.0178079 0.00768971 -0.0178021 0.999812 -0.0948458 0.203378 -0.155472
FixedParameters: 0 0 0

#Transform 140
Transform: AffineTransform_float_3_3
Parameters: 0.99997 0.00109466 -0.00764894 -0.000960337 0.999845 0.0175869 0.00766707 -0.0175781 0.999816 -0.0952694 0.198862 -0.160416
FixedParameters: 0 0 0

#Transform 141
Transform: AffineTransform_float_3_3
Parameters: 0.999973 0.000723045 -0.00724144 -0.000595946 0.999846 0.0175308 0.00725356 -0.0175262 0.99982 -0.0906565 0.201771 -0.162597
FixedParameters: 0 0 0

#Transform 142
Transform: AffineTransform_float_3_3
Parameters: 0.99997 0.0010454 -0.00766711 -0.000913596 0.999851 0.0172525 0.0076839 -0.0172445 0.999822 -0.0971618 0.197597 -0.19299
FixedParameters: 0 0 0

#Transform 143
Transform: AffineTransform_float_3_3
Parameters: 0.999973 0.000507942 -0.00724063 -0.00038805 0.999865 0.0164192 0.00724835 -0.0164158 0.999839 -0.0905005 0.196067 -0.192674
FixedParameters: 0 0 0

#Transform 144
Transform: AffineTransform_float_3_3
Parameters: 0.999974 0.000957479 -0.00721234 -0.000831532 0.999846 0.0175185 0.00722767 -0.0175125 0.99982 -0.090726 0.21571 -0.174497
FixedParameters: 0 0 0

#Transform 145
Transform: AffineTransform_float_3_3
Parameters: 0.999968 0.0009196 -0.00788366 -0.000776415 0.999837 0.0180717 0.00789831 -0.0180653 0.999805 -0.0832924 0.200693 -0.208617
FixedParameters: 0 0 0

#Transform 146
Transform: AffineTransform_float_3_3
Parameters: 0.999967 0.000940433 -0.00805725 -0.000794572 0.999835 0.018158 0.00807275 -0.018151 0.999802 -0.0810932 0.213407 -0.227803
FixedParameters: 0 0 0

#Transform 147
Transform: AffineTransform_float_3_3
Parameters: 0.999962 0.00123515 -0.00870057 -0.00105787 0.999791 0.02045 0.00872346 -0.02044 0.999753 -0.0804104 0.210127 -0.264873
FixedParameters: 0 0 0

#Transform 148
Transform: AffineTransform_float_3_3
Parameters: 0.999965 0.000986307 -0.00830603 -0.000820698 0.999802 0.0198815 0.00832396 -0.0198745 0.999768 -0.0871001 0.223591 -0.215187
FixedParameters: 0 0 0

#Transform 149
Transform: AffineTransform_float_3_3
Parameters: 0.999967 0.00105818 -0.00797961 -0.00089981 0.999803 0.0198008 0.00799938 -0.0197932 0.999772 -0.0949187 0.232823 -0.19468
FixedParameters: 0 0 0

#Transform 150
Transform: AffineTransform_float_3_3
Parameters: 0.999964 0.00114473 -0.00841145 -0.000981279 0.999813 0.0193249 0.00843153 -0.019316 0.999778 -0.0958771 0.218285 -0.225632
FixedParameters: 0 0 0

#Transform 151
Transform: AffineTransform_float_3_3
Parameters: 0.999961 0.00121451 -0.00867251 -0.0010325 0.999781 0.0209028 0.00869547 -0.0208932 0.999744 -0.0936283 0.223353 -0.23232
FixedParameters: 0 0 0

#Transform 152
Transform: AffineTransform_float_3_3
Parameters: 0.99996 0.00135656 -0.00884353 -0.00117046 0.99978 0.0209532 0.00886947 -0.0209428 0.999742 -0.0918238 0.24059 -0.236437
FixedParameters: 0 0 0

#Transform 153
Transform: AffineTransform_float_3_3
Parameters: 0.999965 0.00150666 -0.00829281 -0.00133534 0.999788 0.0205458 0.00832219 -0.0205342 0.999755 -0.0927448 0.227095 -0.22836
FixedParameters: 0 0 0

#Transform 154
Transform: AffineTransform_float_3_3
Parameters: 0.999962 0.00100875 -0.00859428 -0.000834233 0.999794 0.0203129 0.00861371 -0.0203051 0.999756 -0.0894966 0.223519 -0.173882
FixedParameters: 0 0 0

#Transform 155
Transform: AffineTransform_float_3_3
Parameters: 0.999965 0.00116559 -0.00829934 -0.000991415 0.999779 0.02101 0.00832166 -0.021001 0.999745 -0.0891375 0.232899 -0.220909
FixedParameters: 0 0 0

#Transform 156
Transform: AffineTransform_float_3_3
Parameters: 0.999962 0.001213 -0.00862672 -0.00103399 0.999784 0.0207237 0.00865028 -0.0207143 0.999748 -0.084129 0.216084 -0.219492
FixedParameters: 0 0 0

#Transform 157
Transform: AffineTransform_float_3_3
Parameters: 0.999958 0.00131602 -0.00899975 -0.00112998 0.999787 0.020643 0.00902523 -0.020632 0.999746 -0.0985316 0.221978 -0.249845
FixedParameters: 0 0 0

#Transform 158
Transform: AffineTransform_float_3_3
Parameters: 0.99996 0.00116874 -0.00895105 -0.00097626 0.99977 0.0213956 0.00897394 -0.0213854 0.999731 -0.0872014 0.222107 -0.231364
FixedParameters: 0 0 0

#Transform 159
Transform: AffineTransform_float_3_3
Parameters: 0.999954 0.00128555 -0.00942722 -0.00107046 0.999741 0.0227281 0.00945376 -0.0227169 0.999697 -0.0947613 0.232671 -0.25583
FixedParameters: 0 0 0

#Transform 160
Transform: AffineTransform_float_3_3
Parameters: 0.999959 0.00115986 -0.00892852 -0.000962146 0.999754 0.0221335 0.00895148 -0.0221235 0.999715 -0.0881876 0.222974 -0.239994
FixedParameters: 0 0 0

#Transform 161
Transform: AffineTransform_float_3_3
Parameters: 0.999955 0.00111291 -0.00941293 -0.000907086 0.999761 0.0218515 0.00943507 -0.0218415 0.999717 -0.0921068 0.221838 -0.241163
FixedParameters: 0 0 0

#Transform 162
Transform: AffineTransform_float_3_3
Parameters: 0.999957 0.00134973 -0.00923978 -0.00114829 0.999761 0.0218025 0.00926623 -0.0217914 0.999719 -0.0923616 0.232237 -0.239313
FixedParameters: 0 0 0

#Transform 163
Transform: AffineTransform_float_3_3
Parameters: 0.999954 0.00146866 -0.00940545 -0.00126433 0.999766 0.0216229 0.00943553 -0.0216101 0.999722 -0.088135 0.226018 -0.259047
FixedParameters: 0 0 0

#Transform 164
Transform: AffineTransform_float_3_3
Parameters: 0.99996 0.00142097 -0.00890968 -0.00122302 0.999753 0.0221858 0.00893933 -0.0221742 0.999714 -0.0946298 0.237092 -0.24318
FixedParameters: 0 0 0

#Transform 165
Transform: AffineTransform_float_3_3
Parameters: 0.999954 0.00142967 -0.0094059 -0.00122332 0.999759 0.0219425 0.0094351 -0.0219295 0.999715 -0.0911136 0.220404 -0.241454
FixedParameters: 0 0 0

#Transform 166
Transform: AffineTransform_float_3_3
Parameters: 0.999953 0.00172193 -0.0094746 -0.00150808 0.999745 0.0225403 0.00951039 -0.0225247 0.999701 -0.0904081 0.232988 -0.246469
FixedParameters: 0 0 0

#Transform 167
Transform: AffineTransform_float_3_3
Parameters: 0.999947 0.00149473 -0.0101735 -0.00126226 0.999738 0.0228441 0.0102055 -0.02283 0.999688 -0.0986064 0.229439 -0.256026
FixedParameters: 0 0 0

#Transform 168
Transform: AffineTransform_float_3_3
Parameters: 0.999948 0.0018473 -0.00997593 -0.00161571 0.999731 0.0231433 0.0100161 -0.0231267 0.999683 -0.100312 0.23708 -0.257836
FixedParameters: 0 0 0

#Transform 169
Transform: AffineTransform_float_3_3
Parameters: 0.999949 0.00160468 -0.00998164 -0.00137431 0.999733 0.0230749 0.0100164 -0.0230601 0.999684 -0.100046 0.226959 -0.28049
FixedParameters: 0 0 0

#Transform 170
Transform: AffineTransform_float_3_3
Parameters: 0.999944 0.00175057 -0.010428 -0.00149943 0.999711 0.023988 0.010467 -0.023971 0.999658 -0.100139 0.247108 -0.252781
FixedParameters: 0 0 0

#Transform 171
Transform: AffineTransform_float_3_3
Parameters: 0.999945 0.00146453 -0.0103889 -0.00121546 0.999711 0.0239849 0.0104211 -0.0239711 0.999659 -0.102722 0.242894 -0.260849
FixedParameters: 0 0 0

#Transform 172
Transform: AffineTransform_float_3_3
Parameters: 0.999949 0.00145039 -0.0100592 -0.00121762 0.999733 0.0230694 0.0100898 -0.0230566 0.999684 -0.0995404 0.227881 -0.251567
FixedParameters: 0 0 0

#Transform 173
Transform: AffineTransform_float_3_3
Parameters: 0.999948 0.00134161 -0.0100938 -0.00110839 0.999735 0.0230144 0.0101222 -0.0230026 0.999684 -0.103733 0.221227 -0.251264
FixedParameters: 0 0 0

#Transform 174
Transform: AffineTransform_float_3_3
Parameters: 0.999953 0.00128323 -0.00959311 -0.00106278 0.999736 0.0229263 0.00961989 -0.0229157 0.999691 -0.0909586 0.222117 -0.263791
FixedParameters: 0 0 0

#Transform 175
Transform: AffineTransform_float_3_3
Parameters: 0.99995 0.000959481 -0.0100113 -0.000725522 0.999726 0.0233994 0.0100307 -0.0233906 0.999676 -0.103165 0.218174 -0.248294
FixedParameters: 0 0 0

#Transform 176
Transform: AffineTransform_float_3_3
Parameters: 0.999949 0.00122079 -0.0100078 -0.000972204 0.999692 0.024827 0.0100352 -0.024816 0.999641 -0.10023 0.237376 -0.249074
FixedParameters: 0 0 0

#Transform 177
Transform: AffineTransform_float_3_3
Parameters: 0.99995 0.00128941 -0.00997677 -0.00104761 0.999708 0.0241647 0.0100042 -0.0241533 0.999658 -0.0972497 0.232533 -0.2489
FixedParameters: 0 0 0

#Transform 178
Transform: AffineTransform_float_3_3
Parameters: 0.999946 0.00122938 -0.0103298 -0.000973615 0.999694 0.0246914 0.0103572 -0.0246796 0.999642 -0.101374 0.240597 -0.222094
FixedParameters: 0 0 0

#Transform 179
Transform: AffineTransform_float_3_3
Parameters: 0.999949 0.0013441 -0.0100056 -0.00107589 0.999642 0.0267521 0.0100384 -0.0267399 0.999592 -0.103834 0.248347 -0.253033
FixedParameters: 0 0 0
