# transform file /out/sourcedata/freesurfer/sub-v1s15x0050210_ses-1/mri/transforms/cc_up.lta
# created by oesteban on Thu Mar 12 12:50:14 2026

type      = 0 # LINEAR_VOX_TO_VOX
nxforms   = 1
mean      = 128.0000 90.0000 124.0000
sigma     = 10000.0000
1 4 4
9.980006814002991e-01 5.604445189237595e-02 -2.921644411981106e-02 -1.690915822982788e+00 
-5.602045357227325e-02 9.984282255172729e-01 1.639997353777289e-03 6.116339874267578e+01 
2.926243655383587e-02 -1.164153218269348e-10 9.995717406272888e-01 4.267514228820801e+00 
0.000000000000000e+00 0.000000000000000e+00 0.000000000000000e+00 1.000000000000000e+00 
src volume info
valid = 1  # volume info valid
filename = /out/sourcedata/freesurfer/sub-v1s15x0050210_ses-1/mri/norm.mgz
volume = 256 256 256
voxelsize = 1.000000000000000e+00 1.000000000000000e+00 1.000000000000000e+00
xras   = -1.000000000000000e+00 0.000000000000000e+00 0.000000000000000e+00
yras   = 0.000000000000000e+00 0.000000000000000e+00 -1.000000000000000e+00
zras   = 0.000000000000000e+00 1.000000000000000e+00 0.000000000000000e+00
cras   = 1.905998229980469e+00 1.175000000000000e+01 -5.153149414062500e+01
dst volume info
valid = 1  # volume info valid
filename = /out/sourcedata/freesurfer/sub-v1s15x0050210_ses-1/mri/norm.mgz
volume = 256 256 256
voxelsize = 1.000000000000000e+00 1.000000000000000e+00 1.000000000000000e+00
xras   = -1.000000000000000e+00 0.000000000000000e+00 0.000000000000000e+00
yras   = 0.000000000000000e+00 0.000000000000000e+00 -1.000000000000000e+00
zras   = 0.000000000000000e+00 1.000000000000000e+00 0.000000000000000e+00
cras   = 1.905998229980469e+00 1.175000000000000e+01 -5.153149414062500e+01
