#Insight Transform File V1.0
#Transform 0
Transform: AffineTransform_float_3_3
Parameters: 1 -0.0003 -0.00041 0.0003 1 -1.23e-07 0.00041 -1.23e-07 1 0.00353224 -0.00087924 -0.0212109
FixedParameters: 0 0 0

#Transform 1
Transform: AffineTransform_float_3_3
Parameters: 1 -0.000244825 -0.000526081 0.000245175 1 0.000331871 0.000525918 -0.000332129 1 0.00499228 -0.00440722 -0.00276807
FixedParameters: 0 0 0

#Transform 2
Transform: AffineTransform_float_3_3
Parameters: 1 8.586e-08 -0.000477 8.586e-08 1 0.00018 0.000477 -0.00018 1 0.00523738 -0.0061856 -0.00201374
FixedParameters: 0 0 0

#Transform 3
Transform: AffineTransform_float_3_3
Parameters: 1 2.37728e-07 -0.000608 2.37728e-07 1 0.000391 0.000608 -0.000391 0.999999 0.00670495 -0.00938917 -0.00323041
FixedParameters: 0 0 0

#Transform 4
Transform: AffineTransform_float_3_3
Parameters: 1 -0.000420852 -0.00041415 0.000421147 1 0.000355826 0.00041385 -0.000356174 1 0.00308781 -0.00526681 -0.0340994
FixedParameters: 0 0 0

#Transform 5
Transform: AffineTransform_float_3_3
Parameters: 1 -0.000319954 -0.00024706 0.000320047 1 0.000187921 0.00024794 -0.000188079 1 0.00168882 -0.0121158 -0.0251797
FixedParameters: 0 0 0

#Transform 6
Transform: AffineTransform_float_3_3
Parameters: 1 -0.000291995 -0.000414004 0.000292005 1 1.28791e-05 0.000413996 -1.31209e-05 1 0.00357106 -0.00104762 -0.021282
FixedParameters: 0 0 0

#Transform 7
Transform: AffineTransform_float_3_3
Parameters: 1 -0.00029298 -0.000126046 0.00029302 1 0.000155963 0.000125954 -0.000156037 1 0.000432083 -0.0026328 -0.027344
FixedParameters: 0 0 0

#Transform 8
Transform: AffineTransform_float_3_3
Parameters: 1 -0.000254953 -0.00030304 0.000255047 1 0.000155923 0.00030296 -0.000156077 1 0.00494623 -0.00254793 -0.0409362
FixedParameters: 0 0 0

#Transform 9
Transform: AffineTransform_float_3_3
Parameters: 1 -0.00022499 -6.70351e-05 0.00022501 1 0.000155985 6.69649e-05 -0.000156015 1 2.15595e-05 -0.00943312 -0.0259324
FixedParameters: 0 0 0

#Transform 10
Transform: AffineTransform_float_3_3
Parameters: 1 -0.000287949 0.000337043 0.00028805 1 -0.000149903 -0.000336957 0.000150097 1 -0.00468216 -0.0143204 -0.0293362
FixedParameters: 0 0 0

#Transform 11
Transform: AffineTransform_float_3_3
Parameters: 1 -0.000591952 -0.000205138 0.000592048 1 0.000233879 0.000204861 -0.000234121 1 0.000301736 -0.0044004 0.00339268
FixedParameters: 0 0 0

#Transform 12
Transform: AffineTransform_float_3_3
Parameters: 1 -0.000279863 -0.000353108 0.000280137 1 0.000386901 0.000352892 -0.000387099 1 0.00296229 0.00764538 0.00602816
FixedParameters: 0 0 0

#Transform 13
Transform: AffineTransform_float_3_3
Parameters: 1 -0.00042093 -0.000204145 0.00042107 1 0.000343914 0.000203855 -0.000344086 1 0.000819959 0.0270907 0.0188385
FixedParameters: 0 0 0

#Transform 14
Transform: AffineTransform_float_3_3
Parameters: 1 -0.000420951 -9.72134e-05 0.000421049 1 0.000506959 9.67865e-05 -0.000507041 1 -0.00039119 0.0170384 0.0338666
FixedParameters: 0 0 0

#Transform 15
Transform: AffineTransform_float_3_3
Parameters: 1 -0.000420815 -0.00035322 0.000421184 1 0.000521851 0.00035278 -0.000522148 1 0.00787378 0.00613794 0.0329701
FixedParameters: 0 0 0

#Transform 16
Transform: AffineTransform_float_3_3
Parameters: 1 -0.000420989 -3.51271e-05 0.00042101 1 0.000301985 3.48728e-05 -0.000302015 1 0.00806957 0.021422 0.0228974
FixedParameters: 0 0 0

#Transform 17
Transform: AffineTransform_float_3_3
Parameters: 1 -0.000284 -1.04512e-07 0.000284 1 0.000368 -1.04512e-07 -0.000368 1 -0.000975868 0.0272464 0.0200082
FixedParameters: 0 0 0

#Transform 18
Transform: AffineTransform_float_3_3
Parameters: 1 -0.00013498 -7.00378e-05 0.00013502 1 0.000279991 6.99622e-05 -0.000280009 1 0.00963991 0.0106886 0.00327421
FixedParameters: 0 0 0

#Transform 19
Transform: AffineTransform_float_3_3
Parameters: 1 -7.01803e-06 9.79987e-05 6.98197e-06 1 0.000184001 -9.80013e-05 -0.000183999 1 -0.00116254 0.00874367 0.00411344
FixedParameters: 0 0 0

#Transform 20
Transform: AffineTransform_float_3_3
Parameters: 1 -1.99934e-05 -4.30031e-05 2.00066e-05 1 0.000153999 4.29969e-05 -0.000154001 1 0.00377971 0.011844 0.00379387
FixedParameters: 0 0 0

#Transform 21
Transform: AffineTransform_float_3_3
Parameters: 1 -0.000112002 6.97514e-06 0.000111998 1 0.000222001 -7.02486e-06 -0.000221999 1 -0.000498076 0.0115478 -0.019147
FixedParameters: 0 0 0

#Transform 22
Transform: AffineTransform_float_3_3
Parameters: 1 -7.69979e-05 -4.00041e-05 7.70021e-05 1 5.29969e-05 3.99959e-05 -5.30031e-05 1 0.00017192 0.00369983 -0.00575873
FixedParameters: 0 0 0

#Transform 23
Transform: AffineTransform_float_3_3
Parameters: 1 -0.000139003 -3.49878e-05 0.000138997 1 -8.80049e-05 3.50122e-05 8.79951e-05 1 0.00580077 -0.0050263 -0.0162408
FixedParameters: 0 0 0

#Transform 24
Transform: AffineTransform_float_3_3
Parameters: 1 -8.90008e-05 -4.89986e-05 8.89992e-05 1 -1.60044e-05 4.90014e-05 1.59956e-05 1 0.000221402 -0.0108619 0.0012433
FixedParameters: 0 0 0

#Transform 25
Transform: AffineTransform_float_3_3
Parameters: 1 0.000110993 -4.90152e-05 -0.000111007 1 -0.000136995 4.89848e-05 0.000137005 1 0.00970934 0.00353487 0.0213668
FixedParameters: 0 0 0

#Transform 26
Transform: AffineTransform_float_3_3
Parameters: 1 -4.6999e-05 5.60008e-05 4.7001e-05 1 -1.69974e-05 -5.59992e-05 1.70026e-05 1 -0.000833707 0.00175839 0.0303656
FixedParameters: 0 0 0

#Transform 27
Transform: AffineTransform_float_3_3
Parameters: 1 -0.000100007 -4.89854e-05 9.99928e-05 1 -0.000146005 4.90146e-05 0.000145995 1 0.0105948 0.00236908 0.0374393
FixedParameters: 0 0 0

#Transform 28
Transform: AffineTransform_float_3_3
Parameters: 0.999999 -4.65521e-05 0.000739028 4.74478e-05 1 -0.000605965 -0.000738971 0.000606034 0.999999 0.0125741 -0.00085357 0.0222292
FixedParameters: 0 0 0

#Transform 29
Transform: AffineTransform_float_3_3
Parameters: 1 -4.69481e-05 0.000116021 4.70518e-05 1 -0.000446994 -0.000115979 0.000447005 1 0.0148322 0.00509858 0.0416648
FixedParameters: 0 0 0

#Transform 30
Transform: AffineTransform_float_3_3
Parameters: 1 -4.70049e-05 -4.89953e-05 4.69951e-05 1 -0.000101002 4.90047e-05 0.000100998 1 0.0186756 0.0012372 0.0429386
FixedParameters: 0 0 0

#Transform 31
Transform: AffineTransform_float_3_3
Parameters: 1 -4.68323e-05 0.000404019 4.71676e-05 1 -0.000414981 -0.00040398 0.000415019 1 0.0150678 0.00474258 0.0693785
FixedParameters: 0 0 0

#Transform 32
Transform: AffineTransform_float_3_3
Parameters: 1 -4.69572e-05 0.000168012 4.70428e-05 1 -0.000254992 -0.000167988 0.000255008 1 0.0017238 0.0151257 0.0701177
FixedParameters: 0 0 0

#Transform 33
Transform: AffineTransform_float_3_3
Parameters: 1 3.70149e-05 0.000147996 -3.69851e-05 1 -0.000101005 -0.000148004 0.000100995 1 0.00222236 0.0284156 0.0670217
FixedParameters: 0 0 0

#Transform 34
Transform: AffineTransform_float_3_3
Parameters: 1 0.000118011 0.000462997 -0.000117989 1 -2.30546e-05 -0.000463003 2.39454e-05 1 -0.00104571 0.0227925 0.0443127
FixedParameters: 0 0 0

#Transform 35
Transform: AffineTransform_float_3_3
Parameters: 1 0.000118969 0.000211017 -0.000119031 1 0.000144975 -0.000210983 -0.000145025 1 0.00179388 0.0262652 0.0380992
FixedParameters: 0 0 0

#Transform 36
Transform: AffineTransform_float_3_3
Parameters: 1 0.000129985 0.000155012 -0.000130015 1 9.59798e-05 -0.000154988 -9.60201e-05 1 0.00242313 0.024864 0.0524276
FixedParameters: 0 0 0

#Transform 37
Transform: AffineTransform_float_3_3
Parameters: 1 -4.70129e-05 0.000459999 4.69871e-05 1 2.80216e-05 -0.000460001 -2.79784e-05 1 0.00960062 0.0207374 0.0392217
FixedParameters: 0 0 0

#Transform 38
Transform: AffineTransform_float_3_3
Parameters: 1 -4.70027e-05 2.69953e-05 4.69973e-05 1 9.90013e-05 -2.70047e-05 -9.89987e-05 1 0.0130699 0.0305987 0.0376074
FixedParameters: 0 0 0

#Transform 39
Transform: AffineTransform_float_3_3
Parameters: 1 -4.70383e-05 0.000167989 4.69617e-05 1 0.000228008 -0.000168011 -0.000227992 1 0.0235854 0.0291667 0.0479054
FixedParameters: 0 0 0

#Transform 40
Transform: AffineTransform_float_3_3
Parameters: 1 -4.70223e-05 0.000173994 4.69777e-05 1 0.000128008 -0.000174006 -0.000127992 1 0.0138129 0.0199442 0.0605261
FixedParameters: 0 0 0

#Transform 41
Transform: AffineTransform_float_3_3
Parameters: 1 -4.69981e-05 0.00046 4.70018e-05 1 -3.97838e-06 -0.00046 4.02162e-06 1 0.010098 0.031766 0.0629804
FixedParameters: 0 0 0

#Transform 42
Transform: AffineTransform_float_3_3
Parameters: 1 -4.70599e-05 0.000180984 4.69401e-05 1 0.000331008 -0.000181016 -0.000330991 1 0.0189844 0.0213102 0.0544398
FixedParameters: 0 0 0

#Transform 43
Transform: AffineTransform_float_3_3
Parameters: 1 -4.70653e-05 0.000459993 4.69347e-05 1 0.000142022 -0.000460007 -0.000141978 1 0.013099 0.0144347 0.0697567
FixedParameters: 0 0 0

#Transform 44
Transform: AffineTransform_float_3_3
Parameters: 0.999999 5.33693e-06 0.000807997 -5.66306e-06 1 -0.000417005 -0.000808002 0.000416996 0.999999 0.00918891 0.013504 0.0687568
FixedParameters: 0 0 0

#Transform 45
Transform: AffineTransform_float_3_3
Parameters: 1 -4.71532e-05 0.000459984 4.68468e-05 1 0.000333022 -0.000460016 -0.000332978 1 0.0120542 0.000315091 0.0601622
FixedParameters: 0 0 0

#Transform 46
Transform: AffineTransform_float_3_3
Parameters: 1 -4.71946e-05 0.00045998 4.68054e-05 1 0.000423021 -0.00046002 -0.000422978 1 0.00865682 0.00419711 0.0575264
FixedParameters: 0 0 0

#Transform 47
Transform: AffineTransform_float_3_3
Parameters: 1 5.38468e-05 0.000460018 -5.41532e-05 1 0.000332975 -0.000459982 -0.000333025 1 0.0128716 -0.00479399 0.0457055
FixedParameters: 0 0 0

#Transform 48
Transform: AffineTransform_float_3_3
Parameters: 1 3.89667e-05 0.000336004 -3.90333e-05 1 9.89869e-05 -0.000335996 -9.90131e-05 1 0.0103981 -0.0132136 0.0585049
FixedParameters: 0 0 0

#Transform 49
Transform: AffineTransform_float_3_3
Parameters: 1 -4.70064e-05 0.000459999 4.69935e-05 1 1.40216e-05 -0.000460001 -1.39784e-05 1 0.00866915 0.0072801 0.0846587
FixedParameters: 0 0 0

#Transform 50
Transform: AffineTransform_float_3_3
Parameters: 1 2.10407e-05 0.000535998 -2.09593e-05 1 -7.60112e-05 -0.000536001 7.59887e-05 1 0.00803838 0.00843457 0.0851445
FixedParameters: 0 0 0

#Transform 51
Transform: AffineTransform_float_3_3
Parameters: 1 -4.68868e-05 0.000460011 4.71131e-05 1 -0.000245978 -0.000459988 0.000246022 1 0.0086637 0.0101953 0.0731012
FixedParameters: 0 0 0

#Transform 52
Transform: AffineTransform_float_3_3
Parameters: 1 1.20435e-05 0.000572999 -1.19564e-05 1 -7.60069e-05 -0.000573001 7.59931e-05 1 0.00765251 0.0084551 0.0789914
FixedParameters: 0 0 0

#Transform 53
Transform: AffineTransform_float_3_3
Parameters: 1 -4.69719e-05 0.000685002 4.70281e-05 1 -4.09678e-05 -0.000684998 4.10322e-05 1 0.00621833 0.00794607 0.0926252
FixedParameters: 0 0 0

#Transform 54
Transform: AffineTransform_float_3_3
Parameters: 1 -4.69351e-05 0.000460007 4.70648e-05 1 -0.000140978 -0.000459993 0.000141022 1 0.00868371 0.00906869 0.116484
FixedParameters: 0 0 0

#Transform 55
Transform: AffineTransform_float_3_3
Parameters: 1 -0.000344026 0.00045998 0.000343974 1 5.71582e-05 -0.000460019 -5.68417e-05 1 0.0186605 0.0059772 0.108101
FixedParameters: 0 0 0

#Transform 56
Transform: AffineTransform_float_3_3
Parameters: 1 -0.000571185 0.000874879 0.000570814 1 0.000212499 -0.000875121 -0.0002115 0.999999 0.0234333 -0.00193096 0.110826
FixedParameters: 0 0 0

#Transform 57
Transform: AffineTransform_float_3_3
Parameters: 0.999999 -0.000400767 0.00135577 0.000399233 1 0.000565542 -0.00135623 -0.000565457 0.999999 0.0241739 -0.00671086 0.128502
FixedParameters: 0 0 0

#Transform 58
Transform: AffineTransform_float_3_3
Parameters: 0.999999 -0.000571741 0.00118464 0.000571258 0.999999 0.000626677 -0.00118536 -0.000625323 0.999999 0.0225937 0.00929456 0.160543
FixedParameters: 0 0 0

#Transform 59
Transform: AffineTransform_float_3_3
Parameters: 1 -0.000484152 0.00106848 0.000482847 1 0.00107852 -0.00106952 -0.00107748 0.999999 0.00795873 0.00146514 0.132298
FixedParameters: 0 0 0

#Transform 60
Transform: AffineTransform_float_3_3
Parameters: 0.999999 -0.00057239 0.00128838 0.000570611 1 0.00107874 -0.00128862 -0.00107826 0.999998 0.00779326 0.0102601 0.0931396
FixedParameters: 0 0 0

#Transform 61
Transform: AffineTransform_float_3_3
Parameters: 0.999999 -0.000494324 0.00122847 0.000492675 1 0.00107861 -0.00122953 -0.00107739 0.999998 -0.0011802 0.00271024 0.0752002
FixedParameters: 0 0 0

#Transform 62
Transform: AffineTransform_float_3_3
Parameters: 0.999999 -0.000675149 0.00106427 0.000673853 0.999999 0.00107872 -0.00106473 -0.00107828 0.999999 -1.93649e-05 0.00226834 0.0286316
FixedParameters: 0 0 0

#Transform 63
Transform: AffineTransform_float_3_3
Parameters: 1 -0.000572915 0.00106998 0.000571086 0.999998 0.00178861 -0.00107102 -0.00178839 0.999998 0.0123229 -0.00520021 0.0535749
FixedParameters: 0 0 0

#Transform 64
Transform: AffineTransform_float_3_3
Parameters: 0.999999 -0.000520319 0.0013381 0.000517682 0.999999 0.00173269 -0.0013389 -0.00173231 0.999997 0.0284526 -0.00442151 0.0831746
FixedParameters: 0 0 0

#Transform 65
Transform: AffineTransform_float_3_3
Parameters: 0.999999 -0.000573618 0.00116872 0.000571381 0.999998 0.00223967 -0.00117028 -0.00223833 0.999997 0.0324374 0.0142571 0.0843535
FixedParameters: 0 0 0

#Transform 66
Transform: AffineTransform_float_3_3
Parameters: 0.999999 -0.000574028 0.0014458 0.000570972 0.999997 0.00209483 -0.0014462 -0.00209317 0.999997 0.0323929 0.00657781 0.0587112
FixedParameters: 0 0 0

#Transform 67
Transform: AffineTransform_float_3_3
Parameters: 1 -0.000483256 0.00107699 0.000481743 0.999997 0.00209452 -0.00107801 -0.00209348 0.999997 0.0367222 0.0064086 0.0388548
FixedParameters: 0 0 0

#Transform 68
Transform: AffineTransform_float_3_3
Parameters: 0.999999 -0.000771778 0.00132539 0.000769223 0.999998 0.00209502 -0.00132661 -0.00209398 0.999997 0.0330212 0.0101479 0.0396533
FixedParameters: 0 0 0

#Transform 69
Transform: AffineTransform_float_3_3
Parameters: 0.999999 -0.000509952 0.00135789 0.000507049 0.999998 0.00217269 -0.0013591 -0.00217231 0.999996 0.0335147 0.000540167 0.0394014
FixedParameters: 0 0 0

#Transform 70
Transform: AffineTransform_float_3_3
Parameters: 0.999998 -0.000574762 0.00187085 0.000571237 0.999998 0.00201107 -0.00187215 -0.00200993 0.999996 0.0276791 -0.0014932 0.0277632
FixedParameters: 0 0 0

#Transform 71
Transform: AffineTransform_float_3_3
Parameters: 0.999998 -0.000679094 0.00147658 0.000675905 0.999998 0.002095 -0.00147842 -0.002094 0.999996 0.0399094 -0.00125723 0.0159773
FixedParameters: 0 0 0

#Transform 72
Transform: AffineTransform_float_3_3
Parameters: 0.999998 -0.000573698 0.00150898 0.0005713 0.999998 0.00178887 -0.00151002 -0.00178714 0.999998 0.0316693 -0.0134457 0.0464813
FixedParameters: 0 0 0

#Transform 73
Transform: AffineTransform_float_3_3
Parameters: 0.999998 -0.000573589 0.00152803 0.000571412 0.999999 0.00169388 -0.00152897 -0.00169313 0.999998 0.0314294 -0.00557805 0.0447331
FixedParameters: 0 0 0

#Transform 74
Transform: AffineTransform_float_3_3
Parameters: 0.999999 -0.000573589 0.00138293 0.000571409 0.999998 0.00187279 -0.00138407 -0.00187121 0.999998 0.0331124 -0.00744612 0.0724034
FixedParameters: 0 0 0

#Transform 75
Transform: AffineTransform_float_3_3
Parameters: 0.999999 -0.000573561 0.00141396 0.000571439 0.999998 0.00181081 -0.00141504 -0.00181019 0.999998 0.046014 -0.0149959 0.0649139
FixedParameters: 0 0 0

#Transform 76
Transform: AffineTransform_float_3_3
Parameters: 0.999998 -0.000709083 0.00145298 0.000706916 0.999998 0.00143403 -0.00145401 -0.00143297 0.999998 0.041069 -0.00509534 0.0843089
FixedParameters: 0 0 0

#Transform 77
Transform: AffineTransform_float_3_3
Parameters: 0.999998 -0.000574241 0.00187101 0.00057076 0.999999 0.00173207 -0.00187199 -0.00173093 0.999996 0.0419072 -0.00628059 0.0845946
FixedParameters: 0 0 0

#Transform 78
Transform: AffineTransform_float_3_3
Parameters: 0.999999 -0.000573765 0.00140187 0.000571233 0.999998 0.0019728 -0.00140313 -0.0019712 0.999997 0.0489689 0.00200554 0.10457
FixedParameters: 0 0 0

#Transform 79
Transform: AffineTransform_float_3_3
Parameters: 0.999998 -0.000845412 0.00187181 0.000844588 0.999999 0.000220581 -0.00187219 -0.000219418 0.999998 0.04897 0.0070787 0.0826639
FixedParameters: 0 0 0

#Transform 80
Transform: AffineTransform_float_3_3
Parameters: 0.999998 -0.000829994 0.00187112 0.000828007 0.999999 0.00106555 -0.00187188 -0.00106445 0.999997 0.0453768 0.0135821 0.11599
FixedParameters: 0 0 0

#Transform 81
Transform: AffineTransform_float_3_3
Parameters: 0.999998 -0.000572974 0.0018714 0.000571027 1 0.00105507 -0.0018716 -0.00105393 0.999997 0.0434632 0.0222747 0.0975432
FixedParameters: 0 0 0

#Transform 82
Transform: AffineTransform_float_3_3
Parameters: 0.999997 -0.000572359 0.00242068 0.000570642 0.999999 0.000561383 -0.00242132 -0.000560616 0.999997 0.0413045 0.0155914 0.0645331
FixedParameters: 0 0 0

#Transform 83
Transform: AffineTransform_float_3_3
Parameters: 0.999998 -0.000572468 0.00187155 0.000571531 0.999999 0.000785071 -0.00187245 -0.000783929 0.999998 0.0450262 0.0192231 0.0784495
FixedParameters: 0 0 0

#Transform 84
Transform: AffineTransform_float_3_3
Parameters: 0.999998 -0.000572461 0.00187155 0.000571538 0.999999 0.000781071 -0.00187245 -0.000779929 0.999998 0.0445584 0.00481792 0.102487
FixedParameters: 0 0 0

#Transform 85
Transform: AffineTransform_float_3_3
Parameters: 0.999997 -0.000640304 0.00206259 0.000639695 0.999999 0.00063332 -0.0020624 -0.00063168 0.999997 0.0479765 0.00617597 0.0980495
FixedParameters: 0 0 0

#Transform 86
Transform: AffineTransform_float_3_3
Parameters: 0.999998 -0.000571684 0.00187179 0.000571316 1 0.00036607 -0.00187221 -0.00036493 0.999998 0.0414498 0.00932538 0.0816416
FixedParameters: 0 0 0

#Transform 87
Transform: AffineTransform_float_3_3
Parameters: 0.999998 -0.000572444 0.00187156 0.000570555 0.999999 0.000772069 -0.00187244 -0.000770929 0.999998 0.0506911 -0.0109379 0.0975021
FixedParameters: 0 0 0

#Transform 88
Transform: AffineTransform_float_3_3
Parameters: 0.999997 -0.000572137 0.00233772 0.000570864 0.999999 0.000486336 -0.00233828 -0.000485664 0.999997 0.0544805 -0.0129627 0.12261
FixedParameters: 0 0 0

#Transform 89
Transform: AffineTransform_float_3_3
Parameters: 0.999997 -0.00057215 0.00236472 0.000570851 0.999999 0.000486351 -0.00236528 -0.000485648 0.999997 0.0444974 0.00794003 0.117244
FixedParameters: 0 0 0

#Transform 90
Transform: AffineTransform_float_3_3
Parameters: 0.999997 -0.000570953 0.00227801 0.000571046 1 -1.96992e-05 -0.00227799 2.13007e-05 0.999998 0.0454778 0.0100625 0.100975
FixedParameters: 0 0 0

#Transform 91
Transform: AffineTransform_float_3_3
Parameters: 0.999997 -0.00049283 0.00247303 0.000493169 1 -6.77806e-05 -0.00247297 6.9219e-05 0.999997 0.0435943 0.0143309 0.101715
FixedParameters: 0 0 0

#Transform 92
Transform: AffineTransform_float_3_3
Parameters: 0.999997 -0.000446669 0.00247624 0.00044833 1 -0.000536891 -0.00247576 0.000538107 0.999997 0.0517462 -0.0128583 0.0855867
FixedParameters: 0 0 0

#Transform 93
Transform: AffineTransform_float_3_3
Parameters: 0.999996 -0.000570104 0.0025332 0.000570897 1 -0.000353555 -0.0025328 0.000354445 0.999996 0.0426157 -0.015372 0.0926777
FixedParameters: 0 0 0

#Transform 94
Transform: AffineTransform_float_3_3
Parameters: 0.999997 -0.00042303 0.00266716 0.000423972 1 -0.000363871 -0.00266685 0.00036413 0.999997 0.0558008 0.00284945 0.0951775
FixedParameters: 0 0 0

#Transform 95
Transform: AffineTransform_float_3_3
Parameters: 0.999995 -0.000568876 0.00286342 0.000571121 0.999999 -0.000740367 -0.00286258 0.000742631 0.999995 0.0510731 -0.0110133 0.0837703
FixedParameters: 0 0 0

#Transform 96
Transform: AffineTransform_float_3_3
Parameters: 0.999996 -0.00038629 0.00302935 0.000388709 0.999999 -0.000893826 -0.00302865 0.000895174 0.999995 0.054521 -0.00887202 0.0953089
FixedParameters: 0 0 0

#Transform 97
Transform: AffineTransform_float_3_3
Parameters: 0.999995 -0.000403339 0.00292023 0.000404659 1 -0.000567821 -0.00291977 0.00056918 0.999996 0.0560884 0.00700688 0.119499
FixedParameters: 0 0 0

#Transform 98
Transform: AffineTransform_float_3_3
Parameters: 0.999994 -0.00030514 0.00339826 0.00030786 0.999999 -0.000840958 -0.00339874 0.000842042 0.999994 0.0610002 0.0157452 0.121836
FixedParameters: 0 0 0

#Transform 99
Transform: AffineTransform_float_3_3
Parameters: 0.999995 -0.000297106 0.00334726 0.000299893 0.999999 -0.000864001 -0.00334674 0.000864999 0.999994 0.0569127 0.00319534 0.143419
FixedParameters: 0 0 0

#Transform 100
Transform: AffineTransform_float_3_3
Parameters: 0.999994 -0.000297517 0.00327323 0.000300482 0.999999 -0.000758021 -0.00327277 0.000758978 0.999995 0.0647127 -0.010206 0.144055
FixedParameters: 0 0 0

#Transform 101
Transform: AffineTransform_float_3_3
Parameters: 0.999995 -0.000296049 0.00333335 0.000299952 1 -0.00118501 -0.00333365 0.00118599 0.999993 0.0662609 -0.00094347 0.160028
FixedParameters: 0 0 0

#Transform 102
Transform: AffineTransform_float_3_3
Parameters: 0.999994 -0.000740966 0.00353564 0.000744037 1 -0.000857376 -0.00353537 0.000859626 0.999994 0.0588856 0.000522584 0.18075
FixedParameters: 0 0 0

#Transform 103
Transform: AffineTransform_float_3_3
Parameters: 0.999994 -0.000393226 0.00322734 0.000395773 0.999999 -0.000858727 -0.00322666 0.000860273 0.999995 0.0603062 0.012408 0.179794
FixedParameters: 0 0 0

#Transform 104
Transform: AffineTransform_float_3_3
Parameters: 0.999996 -0.000275525 0.00288024 0.000277475 0.999999 -0.000859204 -0.00287976 0.000859797 0.999996 0.0490348 0.0190816 0.167449
FixedParameters: 0 0 0

#Transform 105
Transform: AffineTransform_float_3_3
Parameters: 0.999994 -0.00027542 0.00324722 0.00027758 0.999999 -0.000794103 -0.00324778 0.000794899 0.999995 0.0487544 0.0179525 0.148354
FixedParameters: 0 0 0

#Transform 106
Transform: AffineTransform_float_3_3
Parameters: 0.999995 -0.000176092 0.00338405 0.000176906 1 -0.000267403 -0.00338395 0.000268597 0.999994 0.051727 0.0216654 0.14708
FixedParameters: 0 0 0

#Transform 107
Transform: AffineTransform_float_3_3
Parameters: 0.999993 -0.000276838 0.00353709 0.000277162 1 -0.000328022 -0.00353691 0.000328981 0.999993 0.0417107 0.00946501 0.144727
FixedParameters: 0 0 0

#Transform 108
Transform: AffineTransform_float_3_3
Parameters: 0.999995 -0.000276101 0.00334616 0.000277899 1 -0.000567073 -0.00334584 0.000567927 0.999994 0.0542464 0.00850211 0.140642
FixedParameters: 0 0 0

#Transform 109
Transform: AffineTransform_float_3_3
Parameters: 0.999996 -0.000291199 0.00288029 0.000293801 1 -0.000972159 -0.00287972 0.000972843 0.999996 0.0562187 0.0170627 0.128815
FixedParameters: 0 0 0

#Transform 110
Transform: AffineTransform_float_3_3
Parameters: 0.999994 -0.000120646 0.00329816 0.000125354 0.999999 -0.00131959 -0.00329883 0.0013204 0.999993 0.0478129 -0.00942624 0.121537
FixedParameters: 0 0 0

#Transform 111
Transform: AffineTransform_float_3_3
Parameters: 0.999994 -0.000120398 0.00346716 0.0001246 0.999999 -0.00132658 -0.00346684 0.00132743 0.999993 0.053185 -0.00943435 0.130241
FixedParameters: 0 0 0

#Transform 112
Transform: AffineTransform_float_3_3
Parameters: 0.999994 -0.000120905 0.00346715 0.000125094 1 -0.00118057 -0.00346686 0.00118143 0.999994 0.0550423 -0.0109926 0.128562
FixedParameters: 0 0 0

#Transform 113
Transform: AffineTransform_float_3_3
Parameters: 0.999994 -0.000121558 0.00329613 0.00012544 1 -0.00104359 -0.00329587 0.00104441 0.999994 0.0359095 -0.00570689 0.14083
FixedParameters: 0 0 0

#Transform 114
Transform: AffineTransform_float_3_3
Parameters: 0.999995 -0.000303753 0.0032764 0.000308249 0.999999 -0.001296 -0.0032766 0.001297 0.999994 0.0515596 -0.00108741 0.140489
FixedParameters: 0 0 0

#Transform 115
Transform: AffineTransform_float_3_3
Parameters: 0.999994 -0.000120679 0.00346715 0.000125323 0.999999 -0.00124657 -0.00346685 0.00124643 0.999993 0.0450233 -0.0102741 0.132055
FixedParameters: 0 0 0

#Transform 116
Transform: AffineTransform_float_3_3
Parameters: 0.999994 -0.000119982 0.00346718 0.000125016 0.999999 -0.00144658 -0.00346682 0.00144742 0.999993 0.0516505 0.000626621 0.147785
FixedParameters: 0 0 0

#Transform 117
Transform: AffineTransform_float_3_3
Parameters: 0.999994 -0.000121473 0.00346713 0.000124525 1 -0.00101658 -0.00346688 0.00101743 0.999994 0.0496367 0.0174594 0.156814
FixedParameters: 0 0 0

#Transform 118
Transform: AffineTransform_float_3_3
Parameters: 0.999995 -0.00012116 0.00337414 0.000124839 1 -0.00113759 -0.00337386 0.00113842 0.999993 0.0562127 0.0188257 0.173534
FixedParameters: 0 0 0

#Transform 119
Transform: AffineTransform_float_3_3
Parameters: 0.999994 -0.00019757 0.0034672 0.000200431 0.999999 -0.00098931 -0.0034668 0.00098969 0.999993 0.0563002 0.00857373 0.156682
FixedParameters: 0 0 0

#Transform 120
Transform: AffineTransform_float_3_3
Parameters: 0.999992 -0.000121764 0.0038471 0.000125234 0.999999 -0.000840524 -0.0038469 0.000841475 0.999992 0.0631138 0.0156775 0.16292
FixedParameters: 0 0 0

#Transform 121
Transform: AffineTransform_float_3_3
Parameters: 0.999993 -0.000121524 0.00378911 0.000125477 0.999999 -0.000917531 -0.00378889 0.000917467 0.999993 0.0659093 0.0165183 0.173694
FixedParameters: 0 0 0

#Transform 122
Transform: AffineTransform_float_3_3
Parameters: 0.999993 -0.0001216 0.00370711 0.000125402 0.999999 -0.000917541 -0.00370689 0.000917456 0.999992 0.0618038 0.0134254 0.174077
FixedParameters: 0 0 0

#Transform 123
Transform: AffineTransform_float_3_3
Parameters: 0.999993 -0.000121531 0.00378211 0.000125472 0.999999 -0.000917532 -0.00378289 0.000917466 0.999993 0.0518042 0.00873846 0.173804
FixedParameters: 0 0 0

#Transform 124
Transform: AffineTransform_float_3_3
Parameters: 0.999994 -0.00012169 0.00366111 0.000125309 0.999999 -0.000903547 -0.00366089 0.000904451 0.999993 0.0532436 0.00749214 0.184102
FixedParameters: 0 0 0

#Transform 125
Transform: AffineTransform_float_3_3
Parameters: 0.999994 -0.000121405 0.00365612 0.000124593 1 -0.000982551 -0.00365588 0.000983451 0.999993 0.0533489 0.0170647 0.190229
FixedParameters: 0 0 0

#Transform 126
Transform: AffineTransform_float_3_3
Parameters: 0.999994 -0.000121186 0.00346714 0.000124813 1 -0.00109957 -0.00346687 0.00110043 0.999994 0.0553534 0.0183871 0.175221
FixedParameters: 0 0 0

#Transform 127
Transform: AffineTransform_float_3_3
Parameters: 0.999993 -0.000183615 0.00379521 0.000188386 1 -0.00115529 -0.00379478 0.00115571 0.999992 0.0513909 0.018795 0.158283
FixedParameters: 0 0 0

#Transform 128
Transform: AffineTransform_float_3_3
Parameters: 0.999994 -0.000120828 0.00346715 0.00012517 1 -0.00120257 -0.00346685 0.00120343 0.999994 0.0553601 0.0195901 0.175454
FixedParameters: 0 0 0

#Transform 129
Transform: AffineTransform_float_3_3
Parameters: 0.999992 -0.000120061 0.00381616 0.000124937 0.999999 -0.00129353 -0.00381584 0.00129447 0.999992 0.0514549 0.0205701 0.180068
FixedParameters: 0 0 0

#Transform 130
Transform: AffineTransform_float_3_3
Parameters: 0.999993 -0.00012204 0.0037271 0.000124962 0.999999 -0.000794539 -0.0037269 0.00079446 0.999992 0.0480042 0.0150635 0.187039
FixedParameters: 0 0 0

#Transform 131
Transform: AffineTransform_float_3_3
Parameters: 0.999993 -0.000121161 0.00370513 0.000124838 1 -0.00103554 -0.00370487 0.00103646 0.999992 0.0527107 0.00137178 0.175718
FixedParameters: 0 0 0

#Transform 132
Transform: AffineTransform_float_3_3
Parameters: 0.999992 -0.000283139 0.00379829 0.000286861 1 -0.00101592 -0.00379871 0.00101708 0.999993 0.0511425 0.00662702 0.183811
FixedParameters: 0 0 0

#Transform 133
Transform: AffineTransform_float_3_3
Parameters: 0.999993 -0.000120309 0.00367316 0.00012469 0.999999 -0.00127655 -0.00367285 0.00127745 0.999993 0.0531019 0.0203289 0.182885
FixedParameters: 0 0 0

#Transform 134
Transform: AffineTransform_float_3_3
Parameters: 0.999992 -0.000120056 0.00400915 0.000124946 0.999999 -0.00123351 -0.00400885 0.00123349 0.999991 0.0589866 0.00392533 0.18358
FixedParameters: 0 0 0

#Transform 135
Transform: AffineTransform_float_3_3
Parameters: 0.999992 -0.00012 0.00405415 0.000125002 0.999999 -0.0012335 -0.00405385 0.0012335 0.999991 0.0638507 0.0198421 0.1875
FixedParameters: 0 0 0

#Transform 136
Transform: AffineTransform_float_3_3
Parameters: 0.999993 -0.000120464 0.00376015 0.000124537 1 -0.00120654 -0.00375985 0.00120646 0.999992 0.0600271 0.0194969 0.185014
FixedParameters: 0 0 0

#Transform 137
Transform: AffineTransform_float_3_3
Parameters: 0.999994 -0.000120877 0.00346715 0.000125125 1 -0.00118957 -0.00346685 0.00118943 0.999994 0.0553817 0.0193818 0.181678
FixedParameters: 0 0 0

#Transform 138
Transform: AffineTransform_float_3_3
Parameters: 0.999992 -0.000120184 0.00385215 0.000124818 0.999999 -0.00125053 -0.00385184 0.00125047 0.999992 0.0511988 0.0200219 0.20856
FixedParameters: 0 0 0

#Transform 139
Transform: AffineTransform_float_3_3
Parameters: 0.999993 -0.000121132 0.00373613 0.000124866 1 -0.00103454 -0.00373587 0.00103546 0.999993 0.0525488 0.0176 0.225531
FixedParameters: 0 0 0

#Transform 140
Transform: AffineTransform_float_3_3
Parameters: 0.999992 -0.000118429 0.0039962 0.000124568 0.999998 -0.00164351 -0.0039958 0.00164449 0.99999 0.0591264 0.00734373 0.21798
FixedParameters: 0 0 0

#Transform 141
Transform: AffineTransform_float_3_3
Parameters: 0.999993 -0.000192655 0.00390027 0.000197345 0.999999 -0.00137024 -0.00389974 0.00137076 0.999992 0.0505347 0.0210367 0.220042
FixedParameters: 0 0 0

#Transform 142
Transform: AffineTransform_float_3_3
Parameters: 0.999992 -0.00012014 0.00395715 0.000124863 0.999999 -0.00122852 -0.00395785 0.00122849 0.999992 0.0663479 0.0196596 0.221468
FixedParameters: 0 0 0

#Transform 143
Transform: AffineTransform_float_3_3
Parameters: 0.999992 -0.000200984 0.0041453 0.000207017 0.999999 -0.00145115 -0.00414471 0.00145185 0.999991 0.0565811 0.0154647 0.218147
FixedParameters: 0 0 0

#Transform 144
Transform: AffineTransform_float_3_3
Parameters: 0.999991 -0.000116427 0.00413925 0.000124571 0.999998 -0.0020705 -0.00413875 0.0020715 0.99999 0.0557342 -0.00175265 0.21867
FixedParameters: 0 0 0

#Transform 145
Transform: AffineTransform_float_3_3
Parameters: 0.999992 -0.000119697 0.00413916 0.000125305 0.999999 -0.00128149 -0.00413884 0.00128151 0.99999 0.0508991 0.0120367 0.215657
FixedParameters: 0 0 0

#Transform 146
Transform: AffineTransform_float_3_3
Parameters: 0.999992 -0.000119697 0.00413916 0.000125305 0.999999 -0.00128149 -0.00413884 0.00128151 0.99999 0.0555779 0.0164144 0.228777
FixedParameters: 0 0 0

#Transform 147
Transform: AffineTransform_float_3_3
Parameters: 0.999992 -0.000118815 0.00396919 0.000125183 0.999999 -0.00155751 -0.00396881 0.00155848 0.999991 0.0500585 0.0250721 0.237236
FixedParameters: 0 0 0

#Transform 148
Transform: AffineTransform_float_3_3
Parameters: 0.999992 -0.000118429 0.0040232 0.00012457 0.999998 -0.00163251 -0.0040238 0.00163349 0.99999 0.0494077 0.0258909 0.243488
FixedParameters: 0 0 0

#Transform 149
Transform: AffineTransform_float_3_3
Parameters: 0.999992 -0.000118666 0.00413919 0.000125332 0.999999 -0.00152949 -0.00413882 0.0015305 0.999991 0.0564126 0.0247967 0.243452
FixedParameters: 0 0 0

#Transform 150
Transform: AffineTransform_float_3_3
Parameters: 0.999992 -0.000118894 0.00413918 0.000125108 0.999999 -0.0014755 -0.00413882 0.00147551 0.999991 0.0482468 0.0241278 0.250488
FixedParameters: 0 0 0

#Transform 151
Transform: AffineTransform_float_3_3
Parameters: 0.999992 -0.000119697 0.00413916 0.000125305 0.999999 -0.00128149 -0.00413884 0.00128151 0.99999 0.0676157 0.0219777 0.251574
FixedParameters: 0 0 0

#Transform 152
Transform: AffineTransform_float_3_3
Parameters: 0.999992 -5.5555e-05 0.00413909 6.14439e-05 0.999999 -0.00155676 -0.00413891 0.00155724 0.99999 0.0661677 0.0251776 0.261678
FixedParameters: 0 0 0

#Transform 153
Transform: AffineTransform_float_3_3
Parameters: 0.999991 -0.000520766 0.00408567 0.000526233 0.999999 -0.00127986 -0.00408533 0.00128214 0.999991 0.0600047 0.0206947 0.252256
FixedParameters: 0 0 0

#Transform 154
Transform: AffineTransform_float_3_3
Parameters: 0.999992 -0.000219752 0.00413934 0.000225248 0.999999 -0.00150908 -0.00413867 0.00150992 0.999991 0.0678612 0.0189339 0.235943
FixedParameters: 0 0 0

#Transform 155
Transform: AffineTransform_float_3_3
Parameters: 0.999991 -8.37842e-05 0.00407111 8.82183e-05 0.999999 -0.00128165 -0.00407089 0.00128135 0.999991 0.0700341 0.0220576 0.221695
FixedParameters: 0 0 0

#Transform 156
Transform: AffineTransform_float_3_3
Parameters: 0.999992 -0.000192075 0.00413928 0.000197925 0.999999 -0.00143119 -0.00413872 0.00143181 0.999991 0.0742387 0.0234093 0.216518
FixedParameters: 0 0 0

#Transform 157
Transform: AffineTransform_float_3_3
Parameters: 0.999992 -0.000232517 0.00402538 0.000239482 0.999998 -0.00161005 -0.00402462 0.00161095 0.99999 0.0776992 0.0114855 0.209178
FixedParameters: 0 0 0

#Transform 158
Transform: AffineTransform_float_3_3
Parameters: 0.999992 -0.000384577 0.0041396 0.000391426 0.999998 -0.00155139 -0.0041394 0.00155261 0.99999 0.0757364 0.0163491 0.216856
FixedParameters: 0 0 0

#Transform 159
Transform: AffineTransform_float_3_3
Parameters: 0.999992 -0.000104944 0.00401816 0.000111054 0.999999 -0.00150657 -0.00401784 0.00150743 0.999991 0.0728083 0.0110201 0.212487
FixedParameters: 0 0 0

#Transform 160
Transform: AffineTransform_float_3_3
Parameters: 0.999992 -9.16971e-05 0.00413912 9.73054e-05 0.999999 -0.00128161 -0.00413888 0.00128139 0.99999 0.0621285 0.0220708 0.216057
FixedParameters: 0 0 0

#Transform 161
Transform: AffineTransform_float_3_3
Parameters: 0.999992 -0.000122178 0.00413921 0.00012982 0.999998 -0.00164748 -0.00413879 0.00164852 0.99999 0.0725459 0.0118608 0.195043
FixedParameters: 0 0 0

#Transform 162
Transform: AffineTransform_float_3_3
Parameters: 0.999992 -7.3525e-05 0.00399412 7.94736e-05 0.999998 -0.00162069 -0.00399388 0.00162131 0.99999 0.0770047 0.0166539 0.210789
FixedParameters: 0 0 0

#Transform 163
Transform: AffineTransform_float_3_3
Parameters: 0.999992 -6.44042e-05 0.00413913 7.25945e-05 0.999999 -0.00183472 -0.00413887 0.00183528 0.99999 0.0808637 0.000907054 0.217813
FixedParameters: 0 0 0

#Transform 164
Transform: AffineTransform_float_3_3
Parameters: 0.999991 -0.000220127 0.00407443 0.000227873 0.999998 -0.00193209 -0.00407357 0.00193291 0.99999 0.0842399 0.00346004 0.217902
FixedParameters: 0 0 0

#Transform 165
Transform: AffineTransform_float_3_3
Parameters: 0.999992 -0.000219326 0.00413947 0.000227673 0.999998 -0.00209508 -0.00413853 0.00209593 0.999989 0.0775839 0.0155785 0.218771
FixedParameters: 0 0 0

#Transform 166
Transform: AffineTransform_float_3_3
Parameters: 0.999991 -0.000219289 0.00421346 0.000227712 0.999998 -0.00206706 -0.00421354 0.00206794 0.999989 0.0745821 0.0194147 0.226983
FixedParameters: 0 0 0

#Transform 167
Transform: AffineTransform_float_3_3
Parameters: 0.999992 -0.000219923 0.00413944 0.000228077 0.999998 -0.00195107 -0.00413856 0.00195193 0.999989 0.0749167 0.0197453 0.234902
FixedParameters: 0 0 0

#Transform 168
Transform: AffineTransform_float_3_3
Parameters: 0.999993 -0.000215097 0.00373876 0.000227904 0.999994 -0.00345117 -0.00373824 0.00345183 0.999987 0.0847295 0.0116558 0.214433
FixedParameters: 0 0 0

#Transform 169
Transform: AffineTransform_float_3_3
Parameters: 0.999991 -0.000219358 0.00427545 0.000227644 0.999998 -0.00202104 -0.00427555 0.00202196 0.999989 0.080297 0.0260876 0.24549
FixedParameters: 0 0 0

#Transform 170
Transform: AffineTransform_float_3_3
Parameters: 0.999991 -0.00021939 0.00428045 0.000227611 0.999998 -0.00201104 -0.00428055 0.00201196 0.999989 0.0671076 0.0288163 0.262814
FixedParameters: 0 0 0

#Transform 171
Transform: AffineTransform_float_3_3
Parameters: 0.999991 -0.000221063 0.00409138 0.000227936 0.999998 -0.00169508 -0.00409062 0.00169592 0.99999 0.0635718 0.0380151 0.268997
FixedParameters: 0 0 0

#Transform 172
Transform: AffineTransform_float_3_3
Parameters: 0.99999 -0.000219917 0.00443041 0.000228082 0.999999 -0.00182401 -0.00442959 0.00182499 0.999989 0.0650269 0.0402818 0.275577
FixedParameters: 0 0 0

#Transform 173
Transform: AffineTransform_float_3_3
Parameters: 0.999991 -0.000220714 0.00422039 0.000228287 0.999999 -0.00172605 -0.00422061 0.00172695 0.999989 0.0698693 0.0522376 0.276244
FixedParameters: 0 0 0

#Transform 174
Transform: AffineTransform_float_3_3
Parameters: 0.999991 -0.000290823 0.00436642 0.000297175 0.999999 -0.00141372 -0.00436559 0.00141528 0.99999 0.0634216 0.0485931 0.277391
FixedParameters: 0 0 0

#Transform 175
Transform: AffineTransform_float_3_3
Parameters: 0.999991 -0.000220579 0.00426139 0.00022842 0.999999 -0.00174104 -0.00426061 0.00174196 0.99999 0.0648138 0.0473354 0.280833
FixedParameters: 0 0 0

#Transform 176
Transform: AffineTransform_float_3_3
Parameters: 0.999991 -0.000220477 0.0042044 0.000227523 0.999999 -0.00178906 -0.0042036 0.00178994 0.999989 0.0691983 0.045708 0.294206
FixedParameters: 0 0 0

#Transform 177
Transform: AffineTransform_float_3_3
Parameters: 0.999991 -0.00022066 0.00426639 0.000228339 0.999998 -0.00172004 -0.00426561 0.00172096 0.99999 0.0575774 0.0494468 0.294138
FixedParameters: 0 0 0

#Transform 178
Transform: AffineTransform_float_3_3
Parameters: 0.99999 -0.000221758 0.00441332 0.000228243 0.999999 -0.00141401 -0.00441368 0.00141499 0.99999 0.0449158 0.0488558 0.277593
FixedParameters: 0 0 0

#Transform 179
Transform: AffineTransform_float_3_3
Parameters: 0.99999 -0.000139307 0.00443825 0.000147689 0.999998 -0.00173236 -0.00443775 0.00173363 0.999988 0.0522795 0.0428929 0.275076
FixedParameters: 0 0 0
