#Insight Transform File V1.0
#Transform 0
Transform: AffineTransform_float_3_3
Parameters: 1 0.000740642 -0.000879839 -0.00074436 0.999993 -0.00382335 0.000877161 0.00382365 0.999993 -0.0584551 -0.120165 0.0577241
FixedParameters: 0 0 0

#Transform 1
Transform: AffineTransform_float_3_3
Parameters: 1 0.000362425 -0.000446283 -0.000363577 0.999993 -0.00353384 0.000445718 0.00353416 0.999993 -0.0431845 -0.113332 0.0871053
FixedParameters: 0 0 0

#Transform 2
Transform: AffineTransform_float_3_3
Parameters: 1 0.000169794 -0.000667565 -0.000172207 0.999994 -0.00330489 0.000667435 0.00330511 0.999995 -0.037323 -0.0785567 0.119529
FixedParameters: 0 0 0

#Transform 3
Transform: AffineTransform_float_3_3
Parameters: 0.999999 0.000169988 -0.000695494 -0.00017201 0.999996 -0.00289388 0.000694505 0.00289412 0.999995 -0.0309856 -0.0768284 0.0513639
FixedParameters: 0 0 0

#Transform 4
Transform: AffineTransform_float_3_3
Parameters: 1 0.000168636 -0.00116249 -0.000172362 0.999996 -0.0028938 0.00116151 0.0028942 0.999995 -0.0393487 -0.0625815 0.102259
FixedParameters: 0 0 0

#Transform 5
Transform: AffineTransform_float_3_3
Parameters: 1 0.000291975 -0.00105784 -0.000295027 0.999996 -0.00286169 0.00105716 0.00286131 0.999996 -0.0336577 -0.0597893 0.122388
FixedParameters: 0 0 0

#Transform 6
Transform: AffineTransform_float_3_3
Parameters: 1 0.000119216 -0.000955352 -0.000121784 0.999995 -0.00291589 0.00095465 0.00291512 0.999996 -0.0313225 -0.0630351 0.184104
FixedParameters: 0 0 0

#Transform 7
Transform: AffineTransform_float_3_3
Parameters: 0.999999 0.00025374 -0.000801718 -0.000255258 0.999996 -0.0028198 0.000800283 0.0028202 0.999995 -0.0372765 -0.0627258 0.14121
FixedParameters: 0 0 0

#Transform 8
Transform: AffineTransform_float_3_3
Parameters: 1 -0.00026779 -0.000936207 0.000265211 0.999995 -0.00297825 0.000936795 0.00297875 0.999995 -0.0300855 -0.0257686 0.189807
FixedParameters: 0 0 0

#Transform 9
Transform: AffineTransform_float_3_3
Parameters: 1 0.000169872 -0.00109033 -0.000172129 0.999998 -0.00195181 0.00109067 0.00195219 0.999998 -0.0410937 -0.0358931 0.07164
FixedParameters: 0 0 0

#Transform 10
Transform: AffineTransform_float_3_3
Parameters: 0.999999 0.000169989 -0.000950362 -0.00017201 0.999997 -0.00211584 0.000949638 0.00211616 0.999998 -0.0387793 -0.0365178 0.108065
FixedParameters: 0 0 0

#Transform 11
Transform: AffineTransform_float_3_3
Parameters: 0.999999 -0.000157729 -0.000862685 0.00015627 0.999998 -0.00200413 0.000863314 0.00200386 0.999997 -0.0369922 -0.0148048 0.174361
FixedParameters: 0 0 0

#Transform 12
Transform: AffineTransform_float_3_3
Parameters: 0.999999 5.21438e-05 -0.000851116 -5.38558e-05 0.999997 -0.00218095 0.000850884 0.00218104 0.999998 -0.0303257 -0.0285234 0.191534
FixedParameters: 0 0 0

#Transform 13
Transform: AffineTransform_float_3_3
Parameters: 1 -0.000244879 7.34049e-05 0.000245122 0.999998 -0.00165298 -7.35949e-05 0.00165302 0.999998 0.00480793 -0.0419382 0.131022
FixedParameters: 0 0 0

#Transform 14
Transform: AffineTransform_float_3_3
Parameters: 0.999999 -0.000720494 -0.000452213 0.000719505 0.999999 -0.00109333 0.000452787 0.00109267 1 -0.00603785 -0.00765026 0.145459
FixedParameters: 0 0 0

#Transform 15
Transform: AffineTransform_float_3_3
Parameters: 0.999999 -0.00056393 -0.000780328 0.000563069 0.999999 -0.00119144 0.000781671 0.00119156 0.999999 -0.022197 -0.0346931 0.103881
FixedParameters: 0 0 0

#Transform 16
Transform: AffineTransform_float_3_3
Parameters: 0.999999 -0.00077534 -0.000980942 0.00077366 0.999999 -0.00136576 0.000982057 0.00136524 0.999998 -0.0175702 -0.0115702 0.163607
FixedParameters: 0 0 0

#Transform 17
Transform: AffineTransform_float_3_3
Parameters: 0.999999 -0.000774053 -0.000386893 0.000773946 0.999999 -0.000138299 0.000387107 0.0001377 1 -0.0213026 0.00916209 0.160493
FixedParameters: 0 0 0

#Transform 18
Transform: AffineTransform_float_3_3
Parameters: 0.999999 -0.000587066 -0.00054993 0.000586934 1 -0.000119323 0.00055007 0.000119677 1 -0.00112303 0.00396728 0.0765
FixedParameters: 0 0 0

#Transform 19
Transform: AffineTransform_float_3_3
Parameters: 0.999999 0.00122595 9.06828e-05 -0.00122605 0.999999 0.000556889 -9.0317e-05 -0.000557111 1 0.0187945 -0.0439645 -0.0809091
FixedParameters: 0 0 0

#Transform 20
Transform: AffineTransform_float_3_3
Parameters: 1 6.79953e-05 1.40229e-05 -6.80047e-05 1 0.000336999 -1.39771e-05 -0.000337001 1 0.00323803 0.00371668 -0.00903884
FixedParameters: 0 0 0

#Transform 21
Transform: AffineTransform_float_3_3
Parameters: 1 -0.00023908 0.000236919 0.00023892 1 0.000337057 -0.00023708 -0.000336943 1 0.0188162 -0.00528708 0.0464657
FixedParameters: 0 0 0

#Transform 22
Transform: AffineTransform_float_3_3
Parameters: 1 -0.00027305 0.000281952 0.00027295 1 0.000176077 -0.000282048 -0.000175923 1 0.0275408 0.02628 0.131262
FixedParameters: 0 0 0

#Transform 23
Transform: AffineTransform_float_3_3
Parameters: 1 -0.000531008 2.18019e-05 0.000530992 1 0.000373012 -2.11981e-05 -0.000372989 1 0.0295953 0.0336574 0.141446
FixedParameters: 0 0 0

#Transform 24
Transform: AffineTransform_float_3_3
Parameters: 1 -0.000602066 0.000175774 0.000601934 0.999999 0.000376106 -0.000175226 -0.000375894 1 0.0080384 0.033942 0.147522
FixedParameters: 0 0 0

#Transform 25
Transform: AffineTransform_float_3_3
Parameters: 1 -0.000679013 1.44093e-05 0.000678987 1 0.00087001 -1.55907e-05 -0.00086999 0.999999 0.00420801 0.0241543 0.0733745
FixedParameters: 0 0 0

#Transform 26
Transform: AffineTransform_float_3_3
Parameters: 1 -0.000364013 1.46833e-05 0.000363987 0.999999 0.000870005 -1.53167e-05 -0.000869994 0.999999 0.00262583 0.0519625 0.137625
FixedParameters: 0 0 0

#Transform 27
Transform: AffineTransform_float_3_3
Parameters: 1 -0.000426976 -5.31938e-05 0.000427024 1 0.000453977 5.28061e-05 -0.000454022 1 0.0132921 0.026123 0.164205
FixedParameters: 0 0 0

#Transform 28
Transform: AffineTransform_float_3_3
Parameters: 1 -0.000473121 0.000198712 0.000473879 0.999999 0.000609094 -0.000198289 -0.000608906 1 0.00363751 0.0141769 0.132044
FixedParameters: 0 0 0

#Transform 29
Transform: AffineTransform_float_3_3
Parameters: 1 -0.000679007 1.46673e-05 0.000678992 0.999999 0.00049001 -1.53327e-05 -0.000489989 1 0.0124001 0.0141518 0.158463
FixedParameters: 0 0 0

#Transform 30
Transform: AffineTransform_float_3_3
Parameters: 0.999999 -0.000679193 0.000225418 0.000678807 1 0.000856153 -0.000225581 -0.000855847 0.999999 0.0173032 0.0322711 0.16725
FixedParameters: 0 0 0

#Transform 31
Transform: AffineTransform_float_3_3
Parameters: 0.999999 -0.000679214 0.000313535 0.000678784 0.999999 0.000685213 -0.000314465 -0.000684786 0.999999 0.0175873 0.0316653 0.140585
FixedParameters: 0 0 0

#Transform 32
Transform: AffineTransform_float_3_3
Parameters: 1 0.000149271 -0.000263847 -0.000148729 1 0.00102804 0.000264153 -0.00102796 1 -0.0189949 0.0311804 0.107329
FixedParameters: 0 0 0

#Transform 33
Transform: AffineTransform_float_3_3
Parameters: 1 -0.000500723 -0.000264524 0.000500276 1 0.00104687 0.000263476 -0.00104713 1 0.000437603 0.0461853 0.149643
FixedParameters: 0 0 0

#Transform 34
Transform: AffineTransform_float_3_3
Parameters: 0.999999 -0.000811095 0.000116337 0.000811904 1 0.000817095 -0.000117664 -0.000817905 0.999999 0.0182022 0.0291201 0.170611
FixedParameters: 0 0 0

#Transform 35
Transform: AffineTransform_float_3_3
Parameters: 1 -0.000681196 0.000184277 0.000680803 0.999999 0.00106213 -0.000185724 -0.00106287 1 0.0259575 0.0249654 0.11297
FixedParameters: 0 0 0

#Transform 36
Transform: AffineTransform_float_3_3
Parameters: 0.999999 -0.000908948 -7.16635e-05 0.000909051 1 0.000729935 7.03363e-05 -0.000730064 0.999999 0.0186498 0.0448683 0.129718
FixedParameters: 0 0 0

#Transform 37
Transform: AffineTransform_float_3_3
Parameters: 0.999999 -0.000765203 0.000184157 0.000764795 0.999999 0.00110214 -0.000185844 -0.00110286 1 0.0179434 0.0217867 0.130034
FixedParameters: 0 0 0

#Transform 38
Transform: AffineTransform_float_3_3
Parameters: 0.999999 -0.00072801 1.44904e-05 0.000727989 0.999999 0.00070001 -1.55096e-05 -0.000699988 1 0.0168611 0.0202665 0.106346
FixedParameters: 0 0 0

#Transform 39
Transform: AffineTransform_float_3_3
Parameters: 0.999999 -0.00082435 0.000434337 0.00082365 1 0.000804358 -0.000435663 -0.000804641 0.999999 0.0323309 0.0268466 0.115619
FixedParameters: 0 0 0

#Transform 40
Transform: AffineTransform_float_3_3
Parameters: 1 -0.000909419 0.000358943 0.000908582 0.999999 0.00116333 -0.000360058 -0.00116367 1 0.0203471 0.0398097 0.122937
FixedParameters: 0 0 0

#Transform 41
Transform: AffineTransform_float_3_3
Parameters: 0.999999 -0.000659459 0.000451329 0.000658541 1 0.0010173 -0.00045167 -0.0010167 1 0.0177913 0.00546472 0.125686
FixedParameters: 0 0 0

#Transform 42
Transform: AffineTransform_float_3_3
Parameters: 0.999999 -0.0013272 0.00018358 0.0013268 0.999998 0.00107024 -0.000185421 -0.00107075 1 0.0177343 0.0456984 0.110386
FixedParameters: 0 0 0

#Transform 43
Transform: AffineTransform_float_3_3
Parameters: 0.999999 -0.00132856 0.00120829 0.00132644 0.999999 0.00128861 -0.00120971 -0.0012874 0.999999 0.0602452 0.0211561 0.0819849
FixedParameters: 0 0 0

#Transform 44
Transform: AffineTransform_float_3_3
Parameters: 0.999999 -0.00127111 0.00077819 0.00126989 0.999998 0.00142499 -0.000779809 -0.00142401 0.999998 0.0646218 0.0318783 0.100971
FixedParameters: 0 0 0

#Transform 45
Transform: AffineTransform_float_3_3
Parameters: 0.999998 -0.00157883 0.000718182 0.00157817 0.999998 0.00115214 -0.000719817 -0.00115087 0.999999 0.0678972 0.0415863 0.0726215
FixedParameters: 0 0 0

#Transform 46
Transform: AffineTransform_float_3_3
Parameters: 0.999999 -0.00132803 0.00071809 0.00132697 0.999998 0.00143895 -0.000719909 -0.00143805 0.999998 0.044883 0.0315834 0.102635
FixedParameters: 0 0 0

#Transform 47
Transform: AffineTransform_float_3_3
Parameters: 0.999999 -0.00132802 0.000657939 0.00132698 0.999998 0.00155287 -0.000660059 -0.00155112 0.999998 0.0495351 0.019309 0.106234
FixedParameters: 0 0 0

#Transform 48
Transform: AffineTransform_float_3_3
Parameters: 0.999999 -0.00132808 0.000718012 0.00132692 0.999998 0.00149795 -0.000719988 -0.00149704 0.999998 0.0465385 0.0401381 0.135771
FixedParameters: 0 0 0

#Transform 49
Transform: AffineTransform_float_3_3
Parameters: 0.999999 -0.0011958 0.000540234 0.0011952 0.999998 0.00147765 -0.000541767 -0.00147735 0.999999 0.0657987 0.0609365 0.160742
FixedParameters: 0 0 0

#Transform 50
Transform: AffineTransform_float_3_3
Parameters: 0.999999 -0.00173214 0.000459722 0.00173186 0.999996 0.0024708 -0.000463279 -0.0024692 0.999997 0.0716611 0.0505289 0.159131
FixedParameters: 0 0 0

#Transform 51
Transform: AffineTransform_float_3_3
Parameters: 0.999998 -0.0014634 0.000717152 0.0014626 0.999997 0.00194705 -0.000719849 -0.00194695 0.999998 0.0443636 0.0802478 0.168591
FixedParameters: 0 0 0

#Transform 52
Transform: AffineTransform_float_3_3
Parameters: 0.999999 -0.000748082 9.23357e-05 0.000748918 1 0.000888069 -9.2665e-05 -0.000887931 0.999999 0.0142868 0.0576416 0.141049
FixedParameters: 0 0 0

#Transform 53
Transform: AffineTransform_float_3_3
Parameters: 0.999999 -0.000762516 0.000284622 0.000762483 0.999998 0.00180822 -0.000286379 -0.00180778 0.999999 0.0151878 0.0311725 0.168284
FixedParameters: 0 0 0

#Transform 54
Transform: AffineTransform_float_3_3
Parameters: 0.999999 -0.00116235 0.000971774 0.00116365 0.999999 -0.00066487 -0.000971227 0.00066513 1 0.0778069 0.00135372 0.134421
FixedParameters: 0 0 0

#Transform 55
Transform: AffineTransform_float_3_3
Parameters: 1 0.00105216 0.000546558 -0.00105384 0.999993 0.00337843 -0.000542443 -0.00337857 0.999994 0.113732 -0.0378672 0.0621783
FixedParameters: 0 0 0

#Transform 56
Transform: AffineTransform_float_3_3
Parameters: 1 -0.000384677 0.000277063 0.000383323 0.999997 0.00243911 -0.000277936 -0.00243889 0.999997 0.103865 0.0429939 0.108551
FixedParameters: 0 0 0

#Transform 57
Transform: AffineTransform_float_3_3
Parameters: 1 -0.000385648 0.000495722 0.000383351 0.999995 0.00332119 -0.000497276 -0.00332081 0.999995 0.0733345 0.0587564 0.118257
FixedParameters: 0 0 0

#Transform 58
Transform: AffineTransform_float_3_3
Parameters: 1 -0.000385195 0.000358722 0.000383808 0.999995 0.00332414 -0.000359278 -0.00332386 0.999995 0.0667033 0.0588222 0.118624
FixedParameters: 0 0 0

#Transform 59
Transform: AffineTransform_float_3_3
Parameters: 0.999999 -0.000843607 0.000494266 0.000841393 0.999995 0.00324342 -0.000496731 -0.00324258 0.999994 0.0673733 0.0853284 0.138512
FixedParameters: 0 0 0

#Transform 60
Transform: AffineTransform_float_3_3
Parameters: 0.999999 -0.000842385 0.000119307 0.000841614 0.999994 0.0031981 -0.000121692 -0.0031979 0.999995 0.0577307 0.0540813 0.142598
FixedParameters: 0 0 0

#Transform 61
Transform: AffineTransform_float_3_3
Parameters: 0.999999 -0.000843696 0.000494114 0.000841303 0.999994 0.00342442 -0.000496883 -0.00342358 0.999994 0.0671467 0.088354 0.144345
FixedParameters: 0 0 0

#Transform 62
Transform: AffineTransform_float_3_3
Parameters: 0.999999 -0.000843622 0.000494241 0.000841378 0.999995 0.00327342 -0.000496756 -0.00327258 0.999994 0.0820971 0.095372 0.181209
FixedParameters: 0 0 0

#Transform 63
Transform: AffineTransform_float_3_3
Parameters: 0.999999 -0.000843087 0.000285812 0.000841912 0.999993 0.00378324 -0.000289187 -0.00378276 0.999993 0.0596765 0.088163 0.168067
FixedParameters: 0 0 0

#Transform 64
Transform: AffineTransform_float_3_3
Parameters: 0.999999 -0.000843687 0.00049413 0.000841312 0.999994 0.00340542 -0.000496867 -0.00340458 0.999994 0.0632209 0.0829616 0.153786
FixedParameters: 0 0 0

#Transform 65
Transform: AffineTransform_float_3_3
Parameters: 0.999999 -0.000843668 0.000432763 0.000841334 0.999993 0.00384137 -0.000435235 -0.00384064 0.999993 0.0551758 0.0698062 0.151978
FixedParameters: 0 0 0

#Transform 66
Transform: AffineTransform_float_3_3
Parameters: 0.999999 -0.000783016 0.000493817 0.000780983 0.999992 0.00407039 -0.000497182 -0.00406961 0.999991 0.0407569 0.102939 0.189709
FixedParameters: 0 0 0

#Transform 67
Transform: AffineTransform_float_3_3
Parameters: 1 -0.000844589 0.000652665 0.000841411 0.999992 0.00395555 -0.000656334 -0.00395545 0.999992 0.0577285 0.0772384 0.163015
FixedParameters: 0 0 0

#Transform 68
Transform: AffineTransform_float_3_3
Parameters: 1 -0.00072438 0.000875214 0.000721617 0.999993 0.00385664 -0.000878789 -0.00385537 0.999992 0.0581248 0.0676232 0.144978
FixedParameters: 0 0 0

#Transform 69
Transform: AffineTransform_float_3_3
Parameters: 1 -0.000845148 0.000814747 0.000841851 0.999992 0.00385669 -0.000818252 -0.00385531 0.999992 0.0647958 0.0841702 0.179382
FixedParameters: 0 0 0

#Transform 70
Transform: AffineTransform_float_3_3
Parameters: 0.999999 -0.00132048 0.000847606 0.00131752 0.999991 0.00409112 -0.000853396 -0.00408988 0.999992 0.0711173 0.098048 0.174499
FixedParameters: 0 0 0

#Transform 71
Transform: AffineTransform_float_3_3
Parameters: 0.999999 -0.00132035 0.000716862 0.00131665 0.999989 0.00465495 -0.000723136 -0.00465405 0.999989 0.0697294 0.0840394 0.144269
FixedParameters: 0 0 0

#Transform 72
Transform: AffineTransform_float_3_3
Parameters: 0.999998 -0.00132088 0.000883219 0.00131712 0.999989 0.00438317 -0.00088878 -0.00438183 0.99999 0.0667078 0.101913 0.19529
FixedParameters: 0 0 0

#Transform 73
Transform: AffineTransform_float_3_3
Parameters: 0.999999 -0.00113132 0.000933788 0.00112668 0.999988 0.00461606 -0.00093921 -0.00461494 0.999989 0.0463541 0.122085 0.187604
FixedParameters: 0 0 0

#Transform 74
Transform: AffineTransform_float_3_3
Parameters: 0.999998 -0.000652991 0.00188858 0.000643008 0.999986 0.00528523 -0.00189243 -0.00528478 0.999984 0.0636176 0.0431995 0.123619
FixedParameters: 0 0 0

#Transform 75
Transform: AffineTransform_float_3_3
Parameters: 0.999999 -0.000716472 0.00049343 0.000714525 0.999988 0.00499136 -0.000497573 -0.00499165 0.999988 0.0360323 0.0600912 0.131121
FixedParameters: 0 0 0

#Transform 76
Transform: AffineTransform_float_3_3
Parameters: 1 -0.000985821 -4.23913e-05 0.000986177 0.999989 0.00445396 3.76079e-05 -0.00445404 0.99999 0.0193704 0.161332 0.19232
FixedParameters: 0 0 0

#Transform 77
Transform: AffineTransform_float_3_3
Parameters: 1 -0.00047629 8.33563e-05 0.000475711 0.999994 0.00345204 -8.46426e-05 -0.00345196 0.999994 -0.000892789 0.167051 0.189404
FixedParameters: 0 0 0

#Transform 78
Transform: AffineTransform_float_3_3
Parameters: 1 -0.000966508 0.000366044 0.000965493 0.999991 0.00409636 -0.000369958 -0.00409565 0.999992 0.0206082 0.156999 0.222585
FixedParameters: 0 0 0

#Transform 79
Transform: AffineTransform_float_3_3
Parameters: 0.999999 -0.000888186 3.67362e-05 0.000887812 0.999988 0.00480104 -4.12629e-05 -0.00480097 0.999989 0.0320932 0.103854 0.330097
FixedParameters: 0 0 0

#Transform 80
Transform: AffineTransform_float_3_3
Parameters: 0.999999 -0.000699565 0.00137418 0.000694435 0.999991 0.00404596 -0.00137682 -0.00404504 0.999991 0.0384768 0.0789964 0.283419
FixedParameters: 0 0 0

#Transform 81
Transform: AffineTransform_float_3_3
Parameters: 0.999999 -0.00128955 0.00117211 0.00128645 0.999994 0.00302151 -0.00117589 -0.00302049 0.999994 0.0667179 0.0723002 0.206135
FixedParameters: 0 0 0

#Transform 82
Transform: AffineTransform_float_3_3
Parameters: 0.999997 -0.00149756 0.00158877 0.00149243 0.999993 0.00349838 -0.00159423 -0.00349562 0.999992 0.0706374 0.102942 0.257264
FixedParameters: 0 0 0

#Transform 83
Transform: AffineTransform_float_3_3
Parameters: 0.999997 -0.00200497 0.0014967 0.00199803 0.999987 0.00464601 -0.0015063 -0.004643 0.999988 0.076199 0.142534 0.29606
FixedParameters: 0 0 0

#Transform 84
Transform: AffineTransform_float_3_3
Parameters: 0.999997 -0.0018611 0.00171123 0.0018529 0.999987 0.00472519 -0.00171977 -0.00472182 0.999988 0.075313 0.109224 0.259533
FixedParameters: 0 0 0

#Transform 85
Transform: AffineTransform_float_3_3
Parameters: 0.999997 -0.00200378 0.000993424 0.00199722 0.999982 0.005786 -0.00100557 -0.005784 0.999983 0.0555703 0.140614 0.347392
FixedParameters: 0 0 0

#Transform 86
Transform: AffineTransform_float_3_3
Parameters: 0.999995 -0.00267716 0.00115961 0.00266984 0.999977 0.00613112 -0.00117539 -0.00612887 0.99998 0.0648194 0.161004 0.366273
FixedParameters: 0 0 0

#Transform 87
Transform: AffineTransform_float_3_3
Parameters: 0.999997 -0.00190712 0.000942717 0.00190189 0.999983 0.0053998 -0.000952282 -0.00539819 0.999985 0.0459892 0.13531 0.301896
FixedParameters: 0 0 0

#Transform 88
Transform: AffineTransform_float_3_3
Parameters: 0.999999 -0.00177844 0.000447406 0.00177656 0.999984 0.0053988 -0.000457598 -0.0053982 0.999986 0.0324899 0.148585 0.321413
FixedParameters: 0 0 0

#Transform 89
Transform: AffineTransform_float_3_3
Parameters: 0.999998 -0.00196743 0.000714624 0.00196357 0.999986 0.00477041 -0.000724373 -0.00476859 0.999989 0.0443303 0.144919 0.31368
FixedParameters: 0 0 0

#Transform 90
Transform: AffineTransform_float_3_3
Parameters: 0.999998 -0.00196778 0.000713677 0.00196422 0.999985 0.00525141 -0.000724325 -0.00525059 0.999986 0.0437796 0.128216 0.283969
FixedParameters: 0 0 0

#Transform 91
Transform: AffineTransform_float_3_3
Parameters: 0.999997 -0.00196833 0.000902621 0.00196367 0.999986 0.00477078 -0.000912375 -0.00476821 0.999988 0.0340632 0.126468 0.294646
FixedParameters: 0 0 0

#Transform 92
Transform: AffineTransform_float_3_3
Parameters: 0.999998 -0.00196743 0.000714624 0.00196357 0.999986 0.00477041 -0.000724373 -0.00476859 0.999989 0.0586973 0.114011 0.318162
FixedParameters: 0 0 0

#Transform 93
Transform: AffineTransform_float_3_3
Parameters: 0.999998 -0.000842983 0.00143508 0.000838015 0.999993 0.00347021 -0.00143792 -0.00346879 0.999993 0.0631518 0.0915869 0.30675
FixedParameters: 0 0 0

#Transform 94
Transform: AffineTransform_float_3_3
Parameters: 0.999998 -0.00121318 0.00123998 0.00120682 0.999987 0.0049745 -0.00124602 -0.00497349 0.999987 0.0664803 0.0928575 0.29754
FixedParameters: 0 0 0

#Transform 95
Transform: AffineTransform_float_3_3
Parameters: 0.999997 -0.0014331 0.00163292 0.0014249 0.999986 0.00495234 -0.00164008 -0.00495066 0.999987 0.0744049 0.109753 0.303936
FixedParameters: 0 0 0

#Transform 96
Transform: AffineTransform_float_3_3
Parameters: 0.999998 -0.00143217 0.00142382 0.00142483 0.999987 0.00502604 -0.00143118 -0.00502396 0.999987 0.069822 0.13118 0.287127
FixedParameters: 0 0 0

#Transform 97
Transform: AffineTransform_float_3_3
Parameters: 0.999998 -0.00148532 0.001758 0.00147768 0.999987 0.00472561 -0.001765 -0.00472339 0.999988 0.0628914 0.110778 0.314839
FixedParameters: 0 0 0

#Transform 98
Transform: AffineTransform_float_3_3
Parameters: 0.999998 -0.0014344 0.00175737 0.0014256 0.999984 0.00534052 -0.00176464 -0.00533748 0.999984 0.0623373 0.095787 0.303252
FixedParameters: 0 0 0

#Transform 99
Transform: AffineTransform_float_3_3
Parameters: 0.999997 -0.00158855 0.00175641 0.00157945 0.999984 0.00542679 -0.0017646 -0.00542421 0.999983 0.069666 0.113259 0.320187
FixedParameters: 0 0 0

#Transform 100
Transform: AffineTransform_float_3_3
Parameters: 0.999997 -0.00184439 0.00175518 0.00183461 0.999984 0.00533924 -0.00176482 -0.00533576 0.999984 0.0817661 0.120067 0.345113
FixedParameters: 0 0 0

#Transform 101
Transform: AffineTransform_float_3_3
Parameters: 0.999996 -0.00168107 0.00200276 0.00166994 0.999984 0.00551536 -0.00201124 -0.00551164 0.999983 0.0821515 0.0892321 0.315243
FixedParameters: 0 0 0

#Transform 102
Transform: AffineTransform_float_3_3
Parameters: 0.999998 -0.00151552 0.00175683 0.00150648 0.999984 0.00540666 -0.00176517 -0.00540434 0.999984 0.0675524 0.080026 0.301312
FixedParameters: 0 0 0

#Transform 103
Transform: AffineTransform_float_3_3
Parameters: 0.999997 -0.00176505 0.00175395 0.00175395 0.999978 0.00628309 -0.00176505 -0.0062799 0.999978 0.037511 0.16031 0.360104
FixedParameters: 0 0 0

#Transform 104
Transform: AffineTransform_float_3_3
Parameters: 0.999998 -0.00125801 0.00161077 0.00124998 0.999987 0.00496703 -0.00161723 -0.00496498 0.999987 0.0412146 0.163515 0.327845
FixedParameters: 0 0 0

#Transform 105
Transform: AffineTransform_float_3_3
Parameters: 0.999997 -0.000615345 0.00207755 0.000607654 0.999992 0.00401427 -0.00208045 -0.00401373 0.99999 0.025289 0.136844 0.294068
FixedParameters: 0 0 0

#Transform 106
Transform: AffineTransform_float_3_3
Parameters: 0.999998 -0.0010462 0.00163816 0.00103781 0.999984 0.00560371 -0.00164384 -0.00560229 0.999983 0.0389302 0.130087 0.305438
FixedParameters: 0 0 0

#Transform 107
Transform: AffineTransform_float_3_3
Parameters: 0.999997 -0.00158926 0.00193581 0.00157774 0.999982 0.00580407 -0.00194519 -0.00580093 0.999982 0.0698685 0.0958513 0.350354
FixedParameters: 0 0 0

#Transform 108
Transform: AffineTransform_float_3_3
Parameters: 0.999997 -0.00137025 0.002104 0.00136175 0.99999 0.00439288 -0.00211 -0.00439013 0.999988 0.0601188 0.0981385 0.333542
FixedParameters: 0 0 0

#Transform 109
Transform: AffineTransform_float_3_3
Parameters: 0.999996 -0.00148908 0.00208354 0.00147992 0.99999 0.0043511 -0.00209046 -0.0043479 0.999989 0.0649438 0.125469 0.369968
FixedParameters: 0 0 0

#Transform 110
Transform: AffineTransform_float_3_3
Parameters: 0.999996 -0.00149043 0.00240557 0.00147957 0.999989 0.00433357 -0.00241143 -0.00432942 0.999987 0.0528901 0.125456 0.369138
FixedParameters: 0 0 0

#Transform 111
Transform: AffineTransform_float_3_3
Parameters: 0.999996 -0.00176371 0.00191083 0.00175729 0.999993 0.00350637 -0.00191717 -0.00350263 0.999992 0.0705829 0.0779854 0.280745
FixedParameters: 0 0 0

#Transform 112
Transform: AffineTransform_float_3_3
Parameters: 0.999997 -0.00188762 0.0019225 0.00188138 0.999994 0.00292163 -0.0019285 -0.00291737 0.999994 0.0920727 0.0900256 0.35026
FixedParameters: 0 0 0

#Transform 113
Transform: AffineTransform_float_3_3
Parameters: 0.999995 -0.00249127 0.00156607 0.00248473 0.999989 0.00399291 -0.00157593 -0.00398909 0.999991 0.0771557 0.110142 0.366987
FixedParameters: 0 0 0

#Transform 114
Transform: AffineTransform_float_3_3
Parameters: 0.999996 -0.00203909 0.00163899 0.00203091 0.999986 0.00492134 -0.00164901 -0.00491765 0.999986 0.0726211 0.0992041 0.284277
FixedParameters: 0 0 0

#Transform 115
Transform: AffineTransform_float_3_3
Parameters: 0.999997 -0.00160635 0.00191821 0.00159766 0.999987 0.00486308 -0.00192579 -0.00486092 0.999987 0.0545839 0.0959894 0.328597
FixedParameters: 0 0 0

#Transform 116
Transform: AffineTransform_float_3_3
Parameters: 0.999998 -0.00127368 0.00148113 0.00126732 0.999992 0.00382988 -0.00148686 -0.00382811 0.999991 0.0246735 0.081996 0.258501
FixedParameters: 0 0 0

#Transform 117
Transform: AffineTransform_float_3_3
Parameters: 0.999997 -0.00224335 0.00148094 0.00224065 0.999995 0.00225733 -0.00148606 -0.00225468 0.999997 0.0441063 0.0620563 0.572549
FixedParameters: 0 0 0

#Transform 118
Transform: AffineTransform_float_3_3
Parameters: 0.999988 -0.00339577 0.00351929 0.00339323 0.999994 0.000507948 -0.0035207 -0.00049605 0.999993 0.121514 0.0414803 0.763092
FixedParameters: 0 0 0

#Transform 119
Transform: AffineTransform_float_3_3
Parameters: 0.999991 -0.00348859 0.0025145 0.00348141 0.99999 0.00301678 -0.0025255 -0.00300822 0.999993 0.102023 0.0472035 0.310689
FixedParameters: 0 0 0

#Transform 120
Transform: AffineTransform_float_3_3
Parameters: 0.999985 -0.00413319 0.00373877 0.00412281 0.999988 0.00272946 -0.00375024 -0.00271354 0.99999 0.138433 0.0434068 0.408277
FixedParameters: 0 0 0

#Transform 121
Transform: AffineTransform_float_3_3
Parameters: 0.999991 -0.00322425 0.00251318 0.00321575 0.999988 0.00367611 -0.00252582 -0.00366789 0.99999 0.105206 0.0736009 0.314531
FixedParameters: 0 0 0

#Transform 122
Transform: AffineTransform_float_3_3
Parameters: 0.999992 -0.00292248 0.00251402 0.00291252 0.999988 0.00376735 -0.00252498 -0.00375965 0.999989 0.0949065 0.0790619 0.332111
FixedParameters: 0 0 0

#Transform 123
Transform: AffineTransform_float_3_3
Parameters: 0.999992 -0.00325231 0.00208619 0.00324569 0.99999 0.00302179 -0.00209581 -0.00301521 0.999994 0.0823944 0.0959445 0.344603
FixedParameters: 0 0 0

#Transform 124
Transform: AffineTransform_float_3_3
Parameters: 0.999995 -0.00208774 0.00209127 0.00208326 0.999996 0.00226837 -0.00209573 -0.00226364 0.999995 0.0689037 0.0885642 0.274621
FixedParameters: 0 0 0

#Transform 125
Transform: AffineTransform_float_3_3
Parameters: 0.999994 -0.00269202 0.00225621 0.00268798 0.999995 0.00178308 -0.00226079 -0.00177692 0.999996 0.0904595 0.0879909 0.286359
FixedParameters: 0 0 0

#Transform 126
Transform: AffineTransform_float_3_3
Parameters: 0.999993 -0.00269327 0.00233293 0.00268773 0.999994 0.00226028 -0.00233907 -0.00225371 0.999994 0.0830224 0.0567334 0.272812
FixedParameters: 0 0 0

#Transform 127
Transform: AffineTransform_float_3_3
Parameters: 0.999992 -0.00262012 0.0031039 0.00261988 0.999996 4.31322e-05 -0.0031041 -3.48672e-05 0.999995 0.0954294 0.0316998 0.247859
FixedParameters: 0 0 0

#Transform 128
Transform: AffineTransform_float_3_3
Parameters: 0.99999 -0.0032315 0.00310036 0.0032285 0.999994 0.00113302 -0.00310464 -0.00112298 0.999994 0.122718 0.0734101 0.288536
FixedParameters: 0 0 0

#Transform 129
Transform: AffineTransform_float_3_3
Parameters: 0.999991 -0.00323337 0.00300524 0.00322764 0.999993 0.00178772 -0.00301076 -0.00177828 0.999994 0.12287 0.0648094 0.415191
FixedParameters: 0 0 0

#Transform 130
Transform: AffineTransform_float_3_3
Parameters: 0.99999 -0.00323485 0.00309686 0.00322815 0.999993 0.00221302 -0.00310413 -0.00220298 0.999993 0.122854 0.115303 0.377483
FixedParameters: 0 0 0

#Transform 131
Transform: AffineTransform_float_3_3
Parameters: 0.999992 -0.00323817 0.00258833 0.00322783 0.999987 0.00392239 -0.00260167 -0.00391461 0.999989 0.120929 0.12178 0.371543
FixedParameters: 0 0 0

#Transform 132
Transform: AffineTransform_float_3_3
Parameters: 0.999991 -0.00307416 0.00267537 0.00306384 0.999988 0.00379223 -0.00268762 -0.00378377 0.999989 0.11706 0.0874332 0.377427
FixedParameters: 0 0 0

#Transform 133
Transform: AffineTransform_float_3_3
Parameters: 0.999991 -0.00349907 0.0026776 0.00348793 0.999986 0.00412638 -0.0026924 -0.00411662 0.999988 0.124417 0.113909 0.419401
FixedParameters: 0 0 0

#Transform 134
Transform: AffineTransform_float_3_3
Parameters: 0.999991 -0.00310004 0.00291927 0.00308796 0.999986 0.00411905 -0.00293173 -0.00410995 0.999988 0.120565 0.0731314 0.312143
FixedParameters: 0 0 0

#Transform 135
Transform: AffineTransform_float_3_3
Parameters: 0.999991 -0.00280514 0.00300163 0.00279386 0.999989 0.00370842 -0.00301237 -0.00369958 0.999988 0.117362 0.0794689 0.311446
FixedParameters: 0 0 0

#Transform 136
Transform: AffineTransform_float_3_3
Parameters: 0.99999 -0.00339923 0.00295901 0.00338777 0.999985 0.00412907 -0.002973 -0.00411894 0.999987 0.107701 0.139719 0.353307
FixedParameters: 0 0 0

#Transform 137
Transform: AffineTransform_float_3_3
Parameters: 0.999991 -0.00339919 0.00256492 0.00338781 0.999983 0.00474273 -0.00258108 -0.00473427 0.999986 0.103875 0.0832 0.355439
FixedParameters: 0 0 0

#Transform 138
Transform: AffineTransform_float_3_3
Parameters: 0.999992 -0.00332159 0.00225742 0.00331341 0.999988 0.00379751 -0.00227059 -0.00378949 0.99999 0.11824 0.0896171 0.380789
FixedParameters: 0 0 0

#Transform 139
Transform: AffineTransform_float_3_3
Parameters: 0.999993 -0.00306212 0.00203786 0.00305389 0.999988 0.00397325 -0.00205014 -0.00396675 0.99999 0.114409 0.0981732 0.346624
FixedParameters: 0 0 0

#Transform 140
Transform: AffineTransform_float_3_3
Parameters: 0.99999 -0.00303226 0.00307998 0.00301974 0.999987 0.00397734 -0.00309202 -0.00396866 0.999988 0.117758 0.103409 0.297956
FixedParameters: 0 0 0

#Transform 141
Transform: AffineTransform_float_3_3
Parameters: 0.999992 -0.00343987 0.00204147 0.00343313 0.999988 0.00335903 -0.00205253 -0.00335197 0.999993 0.105878 0.0976124 0.20514
FixedParameters: 0 0 0

#Transform 142
Transform: AffineTransform_float_3_3
Parameters: 0.99999 -0.0039199 0.00183016 0.00391209 0.999983 0.0043032 -0.00184684 -0.0042958 0.999989 0.104911 0.106393 0.229546
FixedParameters: 0 0 0

#Transform 143
Transform: AffineTransform_float_3_3
Parameters: 0.99999 -0.00385207 0.00253828 0.00384193 0.999983 0.0043518 -0.00255573 -0.0043422 0.999988 0.114232 0.100771 0.241718
FixedParameters: 0 0 0

#Transform 144
Transform: AffineTransform_float_3_3
Parameters: 0.999987 -0.00393255 0.00344608 0.00391445 0.99998 0.00508456 -0.00346592 -0.00507044 0.999981 0.1531 0.126783 0.292894
FixedParameters: 0 0 0

#Transform 145
Transform: AffineTransform_float_3_3
Parameters: 0.999986 -0.00398858 0.0034469 0.00397241 0.99998 0.00480476 -0.0034661 -0.00479124 0.999983 0.148619 0.118285 0.287863
FixedParameters: 0 0 0

#Transform 146
Transform: AffineTransform_float_3_3
Parameters: 0.99999 -0.00365401 0.00277092 0.00364199 0.999982 0.00468714 -0.00278808 -0.00467686 0.999985 0.134927 0.0976945 0.297595
FixedParameters: 0 0 0

#Transform 147
Transform: AffineTransform_float_3_3
Parameters: 0.999986 -0.00412027 0.00317255 0.00410573 0.999982 0.00449109 -0.00319044 -0.00447792 0.999985 0.147177 0.110714 0.344812
FixedParameters: 0 0 0

#Transform 148
Transform: AffineTransform_float_3_3
Parameters: 0.999987 -0.00411893 0.00295205 0.00410607 0.999982 0.00437218 -0.00296996 -0.00436082 0.999986 0.164066 0.132038 0.380363
FixedParameters: 0 0 0

#Transform 149
Transform: AffineTransform_float_3_3
Parameters: 0.999982 -0.00475855 0.00344738 0.00474445 0.999981 0.00392743 -0.00346562 -0.00391158 0.999987 0.181511 0.132717 0.404364
FixedParameters: 0 0 0

#Transform 150
Transform: AffineTransform_float_3_3
Parameters: 0.999981 -0.00443709 0.00411967 0.00441991 0.999981 0.00414828 -0.00413833 -0.00412971 0.999983 0.1541 0.114613 0.323126
FixedParameters: 0 0 0

#Transform 151
Transform: AffineTransform_float_3_3
Parameters: 0.999978 -0.00547981 0.00377943 0.00546019 0.999972 0.00523276 -0.00380757 -0.00521225 0.999979 0.173271 0.169392 0.376217
FixedParameters: 0 0 0

#Transform 152
Transform: AffineTransform_float_3_3
Parameters: 0.999978 -0.00547945 0.00370338 0.00545955 0.999972 0.00524234 -0.00373162 -0.00522167 0.99998 0.216784 0.141131 0.336551
FixedParameters: 0 0 0

#Transform 153
Transform: AffineTransform_float_3_3
Parameters: 0.999984 -0.00433777 0.00344624 0.00432223 0.99998 0.00457096 -0.00346576 -0.00455604 0.999983 0.168396 0.101089 0.273152
FixedParameters: 0 0 0

#Transform 154
Transform: AffineTransform_float_3_3
Parameters: 0.999985 -0.00446848 0.00334007 0.00445152 0.999978 0.00492495 -0.00336193 -0.00491005 0.999983 0.169752 0.122073 0.345572
FixedParameters: 0 0 0

#Transform 155
Transform: AffineTransform_float_3_3
Parameters: 0.999986 -0.00416796 0.00344559 0.00415105 0.99998 0.00491338 -0.00346541 -0.00489863 0.999982 0.158478 0.100912 0.248461
FixedParameters: 0 0 0

#Transform 156
Transform: AffineTransform_float_3_3
Parameters: 0.999987 -0.00388911 0.00344791 0.00387288 0.999981 0.00466842 -0.00346609 -0.00465458 0.999983 0.139448 0.127729 0.303168
FixedParameters: 0 0 0

#Transform 157
Transform: AffineTransform_float_3_3
Parameters: 0.99999 -0.00308641 0.00345051 0.0030686 0.999982 0.00503864 -0.00346549 -0.00502836 0.999982 0.107693 0.125822 0.307015
FixedParameters: 0 0 0

#Transform 158
Transform: AffineTransform_float_3_3
Parameters: 0.999987 -0.00361664 0.00338816 0.00359736 0.999977 0.00578326 -0.00340984 -0.00577173 0.999977 0.101621 0.140748 0.255739
FixedParameters: 0 0 0

#Transform 159
Transform: AffineTransform_float_3_3
Parameters: 0.999988 -0.0035878 0.00337618 0.0035702 0.99998 0.00526412 -0.00339482 -0.00525288 0.999981 0.111441 0.159008 0.325578
FixedParameters: 0 0 0

#Transform 160
Transform: AffineTransform_float_3_3
Parameters: 0.999987 -0.0035873 0.00344809 0.0035697 0.999981 0.00501037 -0.00346591 -0.00499863 0.999982 0.111829 0.12777 0.329324
FixedParameters: 0 0 0

#Transform 161
Transform: AffineTransform_float_3_3
Parameters: 0.999989 -0.00358395 0.00300645 0.00357005 0.999983 0.00463278 -0.00302355 -0.00462221 0.999984 0.110141 0.148151 0.356847
FixedParameters: 0 0 0

#Transform 162
Transform: AffineTransform_float_3_3
Parameters: 0.999991 -0.00316065 0.00301082 0.00314935 0.999987 0.00386652 -0.00302318 -0.00385648 0.999988 0.113601 0.158581 0.327034
FixedParameters: 0 0 0

#Transform 163
Transform: AffineTransform_float_3_3
Parameters: 0.999988 -0.00306163 0.00362789 0.00305137 0.999992 0.0026581 -0.00363511 -0.0026469 0.99999 0.106382 0.107084 0.252317
FixedParameters: 0 0 0

#Transform 164
Transform: AffineTransform_float_3_3
Parameters: 0.999989 -0.0031472 0.00348381 0.0031378 0.999991 0.00292896 -0.00349319 -0.00291804 0.999989 0.113772 0.0985388 0.245268
FixedParameters: 0 0 0

#Transform 165
Transform: AffineTransform_float_3_3
Parameters: 0.999989 -0.00329958 0.00354835 0.00328743 0.999989 0.00354371 -0.00356066 -0.0035323 0.999988 0.118446 0.129574 0.345093
FixedParameters: 0 0 0

#Transform 166
Transform: AffineTransform_float_3_3
Parameters: 0.999988 -0.00364336 0.00333145 0.00363064 0.999986 0.00400815 -0.00334556 -0.00399586 0.999987 0.118482 0.112113 0.283149
FixedParameters: 0 0 0

#Transform 167
Transform: AffineTransform_float_3_3
Parameters: 0.999987 -0.00357996 0.00344761 0.00356803 0.999987 0.00347134 -0.00346038 -0.00345865 0.999988 0.111671 0.115054 0.294268
FixedParameters: 0 0 0

#Transform 168
Transform: AffineTransform_float_3_3
Parameters: 0.999989 -0.00364063 0.00301019 0.00363037 0.999987 0.00352797 -0.00302381 -0.00351703 0.999989 0.121368 0.12696 0.301509
FixedParameters: 0 0 0

#Transform 169
Transform: AffineTransform_float_3_3
Parameters: 0.999987 -0.00364548 0.00337837 0.00363052 0.999983 0.00457732 -0.00339463 -0.00456568 0.999984 0.11212 0.130907 0.305258
FixedParameters: 0 0 0

#Transform 170
Transform: AffineTransform_float_3_3
Parameters: 0.999987 -0.00359479 0.00345367 0.00358021 0.999985 0.00427842 -0.00346932 -0.00426558 0.999985 0.122071 0.146392 0.325101
FixedParameters: 0 0 0

#Transform 171
Transform: AffineTransform_float_3_3
Parameters: 0.999987 -0.00364636 0.00350908 0.00363063 0.999982 0.0046578 -0.00352692 -0.0046442 0.999983 0.112622 0.151376 0.33006
FixedParameters: 0 0 0

#Transform 172
Transform: AffineTransform_float_3_3
Parameters: 0.999988 -0.0036459 0.00329549 0.0036301 0.999982 0.00481802 -0.00331351 -0.00480598 0.999983 0.116426 0.114181 0.275444
FixedParameters: 0 0 0

#Transform 173
Transform: AffineTransform_float_3_3
Parameters: 0.999987 -0.00384017 0.00335974 0.00382483 0.999982 0.00450991 -0.00337726 -0.00449709 0.999984 0.114405 0.125155 0.326736
FixedParameters: 0 0 0

#Transform 174
Transform: AffineTransform_float_3_3
Parameters: 0.999988 -0.00371174 0.0033225 0.00369526 0.999982 0.00473134 -0.0033405 -0.00471866 0.999984 0.122669 0.134087 0.322425
FixedParameters: 0 0 0

#Transform 175
Transform: AffineTransform_float_3_3
Parameters: 0.999988 -0.00364733 0.00348495 0.00363067 0.999981 0.00496571 -0.00350305 -0.00495228 0.999981 0.125808 0.105738 0.275669
FixedParameters: 0 0 0

#Transform 176
Transform: AffineTransform_float_3_3
Parameters: 0.999988 -0.0036465 0.00325159 0.0036305 0.99998 0.00506586 -0.00326941 -0.00505414 0.999982 0.116545 0.132439 0.289661
FixedParameters: 0 0 0

#Transform 177
Transform: AffineTransform_float_3_3
Parameters: 0.999989 -0.00364584 0.00300388 0.00363016 0.999979 0.00526196 -0.00302312 -0.00525103 0.999981 0.108877 0.13874 0.301731
FixedParameters: 0 0 0

#Transform 178
Transform: AffineTransform_float_3_3
Parameters: 0.999989 -0.00365086 0.00300382 0.00363514 0.99998 0.00526898 -0.00302317 -0.00525802 0.999981 0.112678 0.107337 0.295995
FixedParameters: 0 0 0

#Transform 179
Transform: AffineTransform_float_3_3
Parameters: 0.999987 -0.00358489 0.00348368 0.0035671 0.999981 0.00512949 -0.00350232 -0.00511651 0.999981 0.112611 0.13967 0.378811
FixedParameters: 0 0 0
