#Insight Transform File V1.0
#Transform 0
Transform: AffineTransform_float_3_3
Parameters: 1 0.000269765 -0.000639099 -0.000270234 1 -0.000366827 0.000638901 0.000367172 0.999999 -0.0334518 -0.00297213 0.0831738
FixedParameters: 0 0 0

#Transform 1
Transform: AffineTransform_float_3_3
Parameters: 1 0 -0.000432 0 1 0 0.000432 0 1 -0.0212308 -0.003204 0.0468268
FixedParameters: 0 0 0

#Transform 2
Transform: AffineTransform_float_3_3
Parameters: 1 0.000231 -0.000432 -0.000231 1 9.9792e-08 0.000432 9.9792e-08 1 -0.0174887 0.00698479 0.0975944
FixedParameters: 0 0 0

#Transform 3
Transform: AffineTransform_float_3_3
Parameters: 1 0.000247132 -0.000357908 -0.000246867 1 0.000370088 0.000358091 -0.000369911 1 -0.0206173 0.0301721 0.0605799
FixedParameters: 0 0 0

#Transform 4
Transform: AffineTransform_float_3_3
Parameters: 1 0.000461128 -0.000431863 -0.000460871 1 0.000297199 0.000432137 -0.000296801 1 -0.0330765 0.0257139 0.0420891
FixedParameters: 0 0 0

#Transform 5
Transform: AffineTransform_float_3_3
Parameters: 1 0.000150219 -0.000431924 -0.00014978 1 0.000508065 0.000432076 -0.000507935 1 -0.0313318 0.0163864 0.0608356
FixedParameters: 0 0 0

#Transform 6
Transform: AffineTransform_float_3_3
Parameters: 1 0.000313036 -0.000115901 -0.000312963 1 0.000315036 0.000116099 -0.000314964 1 -0.0148097 0.0154023 0.0800092
FixedParameters: 0 0 0

#Transform 7
Transform: AffineTransform_float_3_3
Parameters: 1 2.5431e-08 -0.000173 2.5431e-08 1 0.000147 0.000173 -0.000147 1 -0.0287086 0.00810037 0.0122651
FixedParameters: 0 0 0

#Transform 8
Transform: AffineTransform_float_3_3
Parameters: 1 -9.69922e-05 -7.40103e-05 9.70078e-05 1 0.000105993 7.39897e-05 -0.000106007 1 -0.0135458 -0.000697945 0.0531772
FixedParameters: 0 0 0

#Transform 9
Transform: AffineTransform_float_3_3
Parameters: 1 3.6157e-08 -0.000173 3.6157e-08 1 0.000209 0.000173 -0.000209 1 -0.012702 -0.00480563 -0.00896123
FixedParameters: 0 0 0

#Transform 10
Transform: AffineTransform_float_3_3
Parameters: 1 -1.3981e-08 4.1e-05 -1.3981e-08 1 0.000341 -4.1e-05 -0.000341 1 -0.00991787 0.00862929 0.0619036
FixedParameters: 0 0 0

#Transform 11
Transform: AffineTransform_float_3_3
Parameters: 1 2.877e-08 -7e-05 2.877e-08 1 0.000411 7e-05 -0.000411 1 -0.0140952 0.00432179 -0.00160444
FixedParameters: 0 0 0

#Transform 12
Transform: AffineTransform_float_3_3
Parameters: 1 0.000142004 -7.93368e-06 -0.000141996 1 0.000467001 8.06631e-06 -0.000466999 1 -0.0106936 0.0302927 0.0151224
FixedParameters: 0 0 0

#Transform 13
Transform: AffineTransform_float_3_3
Parameters: 1 4.128e-09 -8e-06 4.128e-09 1 0.000516 8e-06 -0.000516 1 -0.00858892 0.0117972 0.0395046
FixedParameters: 0 0 0

#Transform 14
Transform: AffineTransform_float_3_3
Parameters: 1 7.90015e-05 -7.98531e-06 -7.89985e-05 1 0.000186001 8.01469e-06 -0.000185999 1 -0.0100421 -0.00100071 0.0685222
FixedParameters: 0 0 0

#Transform 15
Transform: AffineTransform_float_3_3
Parameters: 1 -0.000199043 -0.000184953 0.000198956 1 -0.000235037 0.000185047 0.000234963 1 -0.0175291 0.00896255 0.0298583
FixedParameters: 0 0 0

#Transform 16
Transform: AffineTransform_float_3_3
Parameters: 1 2.38e-08 0.00014 2.38e-08 1 -0.00017 -0.00014 0.00017 1 0.00480623 0.00426486 0.0549384
FixedParameters: 0 0 0

#Transform 17
Transform: AffineTransform_float_3_3
Parameters: 1 0.000120999 -8.01222e-06 -0.000121001 1 -0.000100999 7.98778e-06 0.000101001 1 -0.00753722 -0.00714391 0.0392399
FixedParameters: 0 0 0

#Transform 18
Transform: AffineTransform_float_3_3
Parameters: 1 9.52e-10 -8e-06 9.52e-10 1 0.000119 8e-06 -0.000119 1 -0.0129169 0.00390727 0.0404356
FixedParameters: 0 0 0

#Transform 19
Transform: AffineTransform_float_3_3
Parameters: 1 -0.000143982 -0.000124021 0.000144018 1 0.000142982 0.000123979 -0.000143018 1 -0.00355908 -0.00500417 0.0564822
FixedParameters: 0 0 0

#Transform 20
Transform: AffineTransform_float_3_3
Parameters: 1 -6.24e-10 -8e-06 -6.24e-10 1 -7.8e-05 8e-06 7.8e-05 1 -0.000765696 -0.00681679 0.0117463
FixedParameters: 0 0 0

#Transform 21
Transform: AffineTransform_float_3_3
Parameters: 1 -1.696e-09 -8e-06 -1.696e-09 1 -0.000212 8e-06 0.000212 1 0.00311318 -0.00775076 0.0273592
FixedParameters: 0 0 0

#Transform 22
Transform: AffineTransform_float_3_3
Parameters: 1 0 -8e-06 0 1 0 8e-06 0 1 -0.0157566 -0.006278 -0.00266013
FixedParameters: 0 0 0

#Transform 23
Transform: AffineTransform_float_3_3
Parameters: 1 4.2282e-08 0.000261 4.2282e-08 1 -0.000162 -0.000261 0.000162 1 0.014342 -0.00741895 0.010838
FixedParameters: 0 0 0

#Transform 24
Transform: AffineTransform_float_3_3
Parameters: 1 4.312e-08 0.00028 4.312e-08 1 -0.000154 -0.00028 0.000154 1 0.00836014 -0.00730528 0.0109114
FixedParameters: 0 0 0

#Transform 25
Transform: AffineTransform_float_3_3
Parameters: 1 2.8925e-08 0.000445 2.8925e-08 1 -6.5e-05 -0.000445 6.5e-05 1 0.0030118 -0.00670751 0.0017758
FixedParameters: 0 0 0

#Transform 26
Transform: AffineTransform_float_3_3
Parameters: 1 1.4924e-08 0.000287 1.4924e-08 1 -5.2e-05 -0.000287 5.2e-05 1 0.00774039 -0.00660251 0.011407
FixedParameters: 0 0 0

#Transform 27
Transform: AffineTransform_float_3_3
Parameters: 1 0 0.000304 0 1 0 -0.000304 0 1 0.00932245 -0.006269 0.0117012
FixedParameters: 0 0 0

#Transform 28
Transform: AffineTransform_float_3_3
Parameters: 1 -2.848e-08 0.000445 -2.848e-08 1 6.4e-05 -0.000445 -6.4e-05 1 0.0131012 -0.00587543 0.0117408
FixedParameters: 0 0 0

#Transform 29
Transform: AffineTransform_float_3_3
Parameters: 1 -2.7145e-08 0.000445 -2.7145e-08 1 6.1e-05 -0.000445 -6.1e-05 1 0.00303065 -0.00588221 0.0441373
FixedParameters: 0 0 0

#Transform 30
Transform: AffineTransform_float_3_3
Parameters: 1 -5.251e-08 0.000445 -5.251e-08 1 0.000118 -0.000445 -0.000118 1 0.012287 0.0142524 -0.00453343
FixedParameters: 0 0 0

#Transform 31
Transform: AffineTransform_float_3_3
Parameters: 1 0 0.000445 0 1 0 -0.000445 0 1 0.0110052 0.013455 0.0476824
FixedParameters: 0 0 0

#Transform 32
Transform: AffineTransform_float_3_3
Parameters: 1 0 0.000445 0 1 0 -0.000445 0 1 0.00300595 0.013455 -0.0113791
FixedParameters: 0 0 0

#Transform 33
Transform: AffineTransform_float_3_3
Parameters: 1 8.9e-05 0.000358 -8.9e-05 1 -3.1862e-08 -0.000358 -3.1862e-08 1 0.00418258 0.0132559 0.01361
FixedParameters: 0 0 0

#Transform 34
Transform: AffineTransform_float_3_3
Parameters: 1 0.000159 0.000445 -0.000159 1 -7.0755e-08 -0.000445 -7.0755e-08 1 0.00893483 0.0131283 -0.0289427
FixedParameters: 0 0 0

#Transform 35
Transform: AffineTransform_float_3_3
Parameters: 1 0.000149057 0.000191956 -0.000148943 1 -0.000295029 -0.000192044 0.000294971 1 0.00710826 0.0111381 -0.00542875
FixedParameters: 0 0 0

#Transform 36
Transform: AffineTransform_float_3_3
Parameters: 1 -9.176e-09 -7.4e-05 -9.176e-09 1 -0.000124 7.4e-05 0.000124 1 -0.000557758 0.0126021 -0.0515414
FixedParameters: 0 0 0

#Transform 37
Transform: AffineTransform_float_3_3
Parameters: 1 0.00016104 9.99351e-05 -0.00016096 1 -0.000403016 -0.000100065 0.000402984 1 -0.00024841 0.0103541 0.000894627
FixedParameters: 0 0 0

#Transform 38
Transform: AffineTransform_float_3_3
Parameters: 1 0.000294909 -0.000146183 -0.000295091 1 -0.000619957 0.000146817 0.000620043 1 -0.00261845 0.00867435 -0.0250168
FixedParameters: 0 0 0

#Transform 39
Transform: AffineTransform_float_3_3
Parameters: 1 0.00010397 -7.40419e-05 -0.00010403 1 -0.000402992 7.39581e-05 0.000403008 1 -0.00111759 0.0104404 0.0517781
FixedParameters: 0 0 0

#Transform 40
Transform: AffineTransform_float_3_3
Parameters: 1 1.59702e-05 -7.40064e-05 -1.60298e-05 1 -0.000402999 7.39935e-05 0.000403001 1 -0.00289102 0.0132043 0.00211004
FixedParameters: 0 0 0

#Transform 41
Transform: AffineTransform_float_3_3
Parameters: 1 6.467e-08 0.000223 6.467e-08 1 -0.00029 -0.000223 0.00029 1 0.00153723 0.0114505 -0.0182347
FixedParameters: 0 0 0

#Transform 42
Transform: AffineTransform_float_3_3
Parameters: 1 2.7306e-08 0.000222 2.7306e-08 1 -0.000123 -0.000222 0.000123 1 0.00151869 0.00724079 -0.0451697
FixedParameters: 0 0 0

#Transform 43
Transform: AffineTransform_float_3_3
Parameters: 1 -1.5096e-08 0.000222 -1.5096e-08 1 6.8e-05 -0.000222 -6.8e-05 1 0.00151892 0.0138881 -0.0441281
FixedParameters: 0 0 0

#Transform 44
Transform: AffineTransform_float_3_3
Parameters: 1 -1.5096e-08 0.000222 -1.5096e-08 1 6.8e-05 -0.000222 -6.8e-05 1 0.0015233 0.00147046 -0.0244103
FixedParameters: 0 0 0

#Transform 45
Transform: AffineTransform_float_3_3
Parameters: 1 0.000263038 0.000221955 -0.000262962 1 -0.000170058 -0.000222045 0.000169942 1 9.35598e-05 -0.00965339 -0.0628758
FixedParameters: 0 0 0

#Transform 46
Transform: AffineTransform_float_3_3
Parameters: 1 0.000230045 0.000221953 -0.000229954 1 -0.000205051 -0.000222047 0.000204949 1 0.000287391 -0.00582889 -0.0224793
FixedParameters: 0 0 0

#Transform 47
Transform: AffineTransform_float_3_3
Parameters: 1 0.000163033 0.000221976 -0.000162967 1 -0.000150036 -0.000222024 0.000149964 1 0.0006748 -0.00526387 -0.0452649
FixedParameters: 0 0 0

#Transform 48
Transform: AffineTransform_float_3_3
Parameters: 1 0.000179032 0.000221974 -0.000178968 1 -0.00014304 -0.000222026 0.00014296 1 0.000564218 -0.00528115 -0.0452253
FixedParameters: 0 0 0

#Transform 49
Transform: AffineTransform_float_3_3
Parameters: 1 0.000294002 1.39671e-05 -0.000293998 1 -0.000112004 -1.40329e-05 0.000111996 1 -0.00159989 -0.00533859 -0.0256906
FixedParameters: 0 0 0

#Transform 50
Transform: AffineTransform_float_3_3
Parameters: 1 0.000480985 0.000222033 -0.000481015 1 6.78932e-05 -0.000221967 -6.81068e-05 1 -0.00108614 0.0118939 -0.0441524
FixedParameters: 0 0 0

#Transform 51
Transform: AffineTransform_float_3_3
Parameters: 1 4.218e-09 0.000222 4.218e-09 1 -1.9e-05 -0.000222 1.9e-05 1 0.00153118 0.0121129 0.0111089
FixedParameters: 0 0 0

#Transform 52
Transform: AffineTransform_float_3_3
Parameters: 1 0.000419988 0.000182029 -0.000420012 1 6.79235e-05 -0.000181971 -6.80764e-05 1 -0.00106002 0.0119631 -0.0220995
FixedParameters: 0 0 0

#Transform 53
Transform: AffineTransform_float_3_3
Parameters: 1 0.000190998 9.80034e-05 -0.000191002 1 1.79813e-05 -9.79966e-05 -1.80187e-05 1 -0.000408885 0.0120729 0.0389931
FixedParameters: 0 0 0

#Transform 54
Transform: AffineTransform_float_3_3
Parameters: 1 0.000317977 0.000172042 -0.000318023 1 0.000131945 -0.000171958 -0.000132055 1 0.00169972 0.012622 -0.0144183
FixedParameters: 0 0 0

#Transform 55
Transform: AffineTransform_float_3_3
Parameters: 1 1.7544e-08 0.000172 1.7544e-08 1 -0.000102 -0.000172 0.000102 1 0.00109376 0.0115563 0.039609
FixedParameters: 0 0 0

#Transform 56
Transform: AffineTransform_float_3_3
Parameters: 1 1.972e-08 -0.00029 1.972e-08 1 6.8e-05 0.00029 -6.8e-05 1 -0.00206037 0.0127019 -0.0326303
FixedParameters: 0 0 0

#Transform 57
Transform: AffineTransform_float_3_3
Parameters: 1 -3.87e-10 -4.3e-05 -3.87e-10 1 -9e-06 4.3e-05 9e-06 1 0.00463304 0.0318846 0.0284838
FixedParameters: 0 0 0

#Transform 58
Transform: AffineTransform_float_3_3
Parameters: 1 -2.8453e-08 -3.7e-05 -2.8453e-08 0.999999 -0.000769 3.7e-05 0.000769 0.999999 -0.000325487 0.0099572 -0.0215945
FixedParameters: 0 0 0

#Transform 59
Transform: AffineTransform_float_3_3
Parameters: 1 -3.5446e-08 -3.7e-05 -3.5446e-08 0.999999 -0.000957999 3.7e-05 0.000957999 0.999999 -0.00476066 0.0087082 0.010082
FixedParameters: 0 0 0

#Transform 60
Transform: AffineTransform_float_3_3
Parameters: 1 -0.00019209 -0.000194912 0.00019291 1 -0.000460038 0.000195089 0.000459962 1 -0.0169073 0.0125091 -0.0267123
FixedParameters: 0 0 0

#Transform 61
Transform: AffineTransform_float_3_3
Parameters: 1 -2.1571e-08 -3.7e-05 -2.1571e-08 1 -0.000583 3.7e-05 0.000583 1 -0.00188821 0.0112439 -0.00215651
FixedParameters: 0 0 0

#Transform 62
Transform: AffineTransform_float_3_3
Parameters: 1 0.000127983 -3.70587e-05 -0.000128017 1 -0.000458995 3.69412e-05 0.000459005 1 -0.0102982 0.0322318 -0.0272252
FixedParameters: 0 0 0

#Transform 63
Transform: AffineTransform_float_3_3
Parameters: 1 -2.035e-08 -3.7e-05 -2.035e-08 1 -0.00055 3.7e-05 0.00055 1 -0.0167783 0.0114989 -0.0277576
FixedParameters: 0 0 0

#Transform 64
Transform: AffineTransform_float_3_3
Parameters: 1 -3.0118e-08 -3.7e-05 -3.0118e-08 0.999999 -0.000813999 3.7e-05 0.000813999 0.999999 -0.00478495 0.00974101 -0.0360019
FixedParameters: 0 0 0

#Transform 65
Transform: AffineTransform_float_3_3
Parameters: 1 -3.9479e-08 -3.7e-05 -3.9479e-08 1 -0.001067 3.7e-05 0.001067 1 -0.0167802 0.00783814 -0.0305825
FixedParameters: 0 0 0

#Transform 66
Transform: AffineTransform_float_3_3
Parameters: 1 -2.65176e-07 -0.000232 -2.65176e-07 1 -0.001143 0.000232 0.001143 1 -0.0181594 0.00734066 -0.0392637
FixedParameters: 0 0 0

#Transform 67
Transform: AffineTransform_float_3_3
Parameters: 1 6.00632e-05 6.59425e-05 -5.99377e-05 0.999999 -0.000958003 -6.50574e-05 0.000957995 0.999999 -0.00569989 0.00861001 -0.0300691
FixedParameters: 0 0 0

#Transform 68
Transform: AffineTransform_float_3_3
Parameters: 1 -3.7999e-08 -3.7e-05 -3.7999e-08 1 -0.001027 3.7e-05 0.001027 1 -0.00332879 0.00810142 -0.0135387
FixedParameters: 0 0 0

#Transform 69
Transform: AffineTransform_float_3_3
Parameters: 1 -3.5446e-08 -3.7e-05 -3.5446e-08 0.999999 -0.000957999 3.7e-05 0.000957999 0.999999 -0.00461718 0.00874658 -0.029981
FixedParameters: 0 0 0

#Transform 70
Transform: AffineTransform_float_3_3
Parameters: 1 0.000116172 0.000311936 -0.000115828 1 -0.000551036 -0.000312064 0.000550964 1 0.00322112 0.0183089 -0.0331666
FixedParameters: 0 0 0

#Transform 71
Transform: AffineTransform_float_3_3
Parameters: 1 0.000346995 -1.01721e-05 -0.000347005 1 -0.000495996 9.82788e-06 0.000496003 1 -0.00832485 0.0178754 -0.0506713
FixedParameters: 0 0 0

#Transform 72
Transform: AffineTransform_float_3_3
Parameters: 1 -2.9574e-08 -5.3e-05 -2.9574e-08 1 -0.000558 5.3e-05 0.000558 1 -0.00672923 0.0114543 -0.0614865
FixedParameters: 0 0 0

#Transform 73
Transform: AffineTransform_float_3_3
Parameters: 1 -1.0388e-08 -5.3e-05 -1.0388e-08 1 -0.000196 5.3e-05 0.000196 1 0.00231266 0.0139199 -0.0595151
FixedParameters: 0 0 0

#Transform 74
Transform: AffineTransform_float_3_3
Parameters: 1 -1.3939e-08 -5.3e-05 -1.3939e-08 1 -0.000263 5.3e-05 0.000263 1 0.0106392 0.0175708 -0.0498697
FixedParameters: 0 0 0

#Transform 75
Transform: AffineTransform_float_3_3
Parameters: 1 -1.3939e-08 -5.3e-05 -1.3939e-08 1 -0.000263 5.3e-05 0.000263 1 -0.00672932 0.0135254 -0.0598087
FixedParameters: 0 0 0

#Transform 76
Transform: AffineTransform_float_3_3
Parameters: 1 -2.4168e-08 -5.3e-05 -2.4168e-08 1 -0.000456 5.3e-05 0.000456 1 -0.00672296 0.0335274 -0.0477127
FixedParameters: 0 0 0

#Transform 77
Transform: AffineTransform_float_3_3
Parameters: 1 2.968e-09 -5.3e-05 2.968e-09 1 5.6e-05 5.3e-05 -5.6e-05 1 -0.00672776 0.0370582 -0.0893349
FixedParameters: 0 0 0

#Transform 78
Transform: AffineTransform_float_3_3
Parameters: 1 -8.2582e-08 -0.000314 -8.2582e-08 1 -0.000263 0.000314 0.000263 1 -0.00854503 0.0348786 -0.0720157
FixedParameters: 0 0 0

#Transform 79
Transform: AffineTransform_float_3_3
Parameters: 1 -1.986e-09 -0.000331 -1.986e-09 1 -6e-06 0.000331 6e-06 1 -0.0161787 0.0366141 -0.0957438
FixedParameters: 0 0 0

#Transform 80
Transform: AffineTransform_float_3_3
Parameters: 1 -8.2044e-08 -0.000477 -8.2044e-08 1 -0.000172 0.000477 0.000172 1 -0.0289234 0.0354832 -0.0881169
FixedParameters: 0 0 0

#Transform 81
Transform: AffineTransform_float_3_3
Parameters: 1 -3.92385e-07 -0.000555 -3.92385e-07 1 -0.000706999 0.000555 0.000706999 0.999999 -0.0127785 0.0317647 -0.0699195
FixedParameters: 0 0 0

#Transform 82
Transform: AffineTransform_float_3_3
Parameters: 1 -1.40778e-07 -0.000474 -1.40778e-07 1 -0.000297 0.000474 0.000297 1 -0.0176285 0.0367203 -0.0678649
FixedParameters: 0 0 0

#Transform 83
Transform: AffineTransform_float_3_3
Parameters: 1 -0.00021906 -0.000192932 0.00021894 1 -0.000311042 0.000193068 0.000310958 1 -0.00797356 0.0348976 -0.0484091
FixedParameters: 0 0 0

#Transform 84
Transform: AffineTransform_float_3_3
Parameters: 1 -3.1217e-08 -5.3e-05 -3.1217e-08 1 -0.000589 5.3e-05 0.000589 1 -0.0242379 0.032584 -0.086314
FixedParameters: 0 0 0

#Transform 85
Transform: AffineTransform_float_3_3
Parameters: 1 -1.04319e-07 -0.000173 -1.04319e-07 1 -0.000603 0.000173 0.000603 1 -0.00171311 0.0193319 -0.0775478
FixedParameters: 0 0 0

#Transform 86
Transform: AffineTransform_float_3_3
Parameters: 1 -3.7471e-08 -5.3e-05 -3.7471e-08 1 -0.000707 5.3e-05 0.000707 0.999999 -0.0117834 0.0185014 -0.0765819
FixedParameters: 0 0 0

#Transform 87
Transform: AffineTransform_float_3_3
Parameters: 1 -0.000311021 -5.28737e-05 0.000310978 1 -0.000406016 5.31263e-05 0.000405983 1 -0.00636162 0.0180003 -0.0433228
FixedParameters: 0 0 0

#Transform 88
Transform: AffineTransform_float_3_3
Parameters: 1 -0.000203016 -5.29393e-05 0.000202984 1 -0.000299011 5.30607e-05 0.000298989 1 -0.0144816 0.0246949 -0.105601
FixedParameters: 0 0 0

#Transform 89
Transform: AffineTransform_float_3_3
Parameters: 1 -6.201e-09 -5.3e-05 -6.201e-09 1 -0.000117 5.3e-05 0.000117 1 -0.00611556 0.0142864 -0.0741507
FixedParameters: 0 0 0

#Transform 90
Transform: AffineTransform_float_3_3
Parameters: 1 -0.000387951 -0.000418046 0.000388049 1 0.000117838 0.000417954 -0.000118162 1 -0.0106339 0.0166167 -0.110717
FixedParameters: 0 0 0

#Transform 91
Transform: AffineTransform_float_3_3
Parameters: 1 -0.000300883 -0.000396088 0.000301116 1 0.000293881 0.000395911 -0.000294119 1 -0.00544491 0.0290824 -0.0708567
FixedParameters: 0 0 0

#Transform 92
Transform: AffineTransform_float_3_3
Parameters: 1 -0.000361819 -0.000489133 0.00036218 1 0.000368823 0.000488866 -0.000369177 1 -0.0118561 0.0358446 -0.105361
FixedParameters: 0 0 0

#Transform 93
Transform: AffineTransform_float_3_3
Parameters: 1 -0.00025774 -0.000489137 0.00025826 1 0.000531874 0.000488862 -0.000532126 0.999999 -0.0173528 0.0368019 -0.0360361
FixedParameters: 0 0 0

#Transform 94
Transform: AffineTransform_float_3_3
Parameters: 1 -0.000287819 -0.000489106 0.00028818 1 0.000368859 0.000488894 -0.000369141 1 -0.0226916 0.0411934 -0.0849073
FixedParameters: 0 0 0

#Transform 95
Transform: AffineTransform_float_3_3
Parameters: 0.999999 -0.000532727 -0.000489297 0.000532272 0.999999 0.000557739 0.000488703 -0.00055826 0.999999 -0.010199 0.0374104 -0.0415548
FixedParameters: 0 0 0

#Transform 96
Transform: AffineTransform_float_3_3
Parameters: 1 -0.00040968 -0.000489268 0.00041032 0.999999 0.000654799 0.000488731 -0.0006542 0.999999 -0.00929381 0.0379568 -0.0591293
FixedParameters: 0 0 0

#Transform 97
Transform: AffineTransform_float_3_3
Parameters: 1 -0.000409616 -0.000392402 0.000410384 1 0.00097984 0.000391598 -0.000980161 1 -0.0113644 0.0549588 -0.0574064
FixedParameters: 0 0 0

#Transform 98
Transform: AffineTransform_float_3_3
Parameters: 1 -0.000409524 -0.000489399 0.000410476 1 0.0009728 0.000488601 -0.000973201 1 -0.015868 0.0577179 -0.0814529
FixedParameters: 0 0 0

#Transform 99
Transform: AffineTransform_float_3_3
Parameters: 1 -0.000409667 -0.000330414 0.000410333 1 0.00100887 0.000329586 -0.00100914 1 -0.0158812 0.0673758 -0.0912208
FixedParameters: 0 0 0

#Transform 100
Transform: AffineTransform_float_3_3
Parameters: 1 -0.0004098 -0.000192427 0.000410201 1 0.00104192 0.000192573 -0.00104208 1 -0.0121563 0.0581599 -0.0771976
FixedParameters: 0 0 0

#Transform 101
Transform: AffineTransform_float_3_3
Parameters: 0.999999 -0.000531454 -0.000489593 0.000531546 0.999999 0.00111474 0.000489408 -0.00111526 1 -0.0264382 0.0588333 -0.0903626
FixedParameters: 0 0 0

#Transform 102
Transform: AffineTransform_float_3_3
Parameters: 0.999999 -0.00074833 -0.000594843 0.000748669 0.999999 0.00112556 0.000594157 -0.00112645 0.999999 -0.0179115 0.0592493 -0.0688614
FixedParameters: 0 0 0

#Transform 103
Transform: AffineTransform_float_3_3
Parameters: 0.999999 -0.00104319 -0.000646306 0.00104381 0.999998 0.00125133 0.000644693 -0.00125267 0.999999 -0.0253825 0.0398777 -0.169091
FixedParameters: 0 0 0

#Transform 104
Transform: AffineTransform_float_3_3
Parameters: 0.999999 -0.00130029 -0.00047494 0.00130071 0.999998 0.00149138 0.000472059 -0.00149261 0.999999 -0.014724 0.0555408 -0.197845
FixedParameters: 0 0 0

#Transform 105
Transform: AffineTransform_float_3_3
Parameters: 1 -0.000861299 -0.000569063 0.000861702 0.999999 0.00123351 0.000567937 -0.00123449 0.999999 -0.0257596 0.0393274 -0.250791
FixedParameters: 0 0 0

#Transform 106
Transform: AffineTransform_float_3_3
Parameters: 0.999999 -0.00142744 -0.000569406 0.00142856 0.999998 0.000984188 0.000567594 -0.000984811 1 -0.0227439 0.0387611 -0.214744
FixedParameters: 0 0 0

#Transform 107
Transform: AffineTransform_float_3_3
Parameters: 0.999998 -0.00142679 -0.000936845 0.00142821 0.999998 0.00129266 0.000935154 -0.00129334 0.999998 -0.025272 0.040757 -0.229858
FixedParameters: 0 0 0

#Transform 108
Transform: AffineTransform_float_3_3
Parameters: 0.999999 -0.00142719 -0.000570038 0.00142781 0.999998 0.00142719 0.000567962 -0.00142781 0.999999 -0.0227467 0.0416324 -0.236503
FixedParameters: 0 0 0

#Transform 109
Transform: AffineTransform_float_3_3
Parameters: 0.999998 -0.00142673 -0.000901019 0.00142827 0.999998 0.00141471 0.00089898 -0.00141528 0.999998 -0.0250548 0.0727207 -0.216997
FixedParameters: 0 0 0

#Transform 110
Transform: AffineTransform_float_3_3
Parameters: 0.999998 -0.00142691 -0.00085882 0.00142809 0.999998 0.00127478 0.000857179 -0.00127622 0.999999 -0.0346768 0.0816323 -0.266784
FixedParameters: 0 0 0

#Transform 111
Transform: AffineTransform_float_3_3
Parameters: 0.999998 -0.00142702 -0.000979433 0.00142798 0.999998 0.0010036 0.000977565 -0.0010054 0.999999 -0.0430199 0.0570946 -0.251596
FixedParameters: 0 0 0

#Transform 112
Transform: AffineTransform_float_3_3
Parameters: 0.999998 -0.00142739 -0.000982885 0.00142861 0.999999 0.000619597 0.000982113 -0.000621403 1 -0.0327035 0.0446145 -0.292259
FixedParameters: 0 0 0

#Transform 113
Transform: AffineTransform_float_3_3
Parameters: 0.999999 -0.00142721 -0.000993139 0.00142779 0.999998 0.000796583 0.000991862 -0.000798417 0.999999 -0.0294199 0.0454652 -0.295127
FixedParameters: 0 0 0

#Transform 114
Transform: AffineTransform_float_3_3
Parameters: 0.999999 -0.00142711 -0.00107817 0.00142789 0.999998 0.000821462 0.00107683 -0.000823538 0.999999 -0.0363956 0.0486016 -0.291065
FixedParameters: 0 0 0

#Transform 115
Transform: AffineTransform_float_3_3
Parameters: 0.999999 -0.0014272 -0.00101613 0.0014278 0.999998 0.00079055 0.00101487 -0.00079145 0.999999 -0.034517 0.055628 -0.297995
FixedParameters: 0 0 0

#Transform 116
Transform: AffineTransform_float_3_3
Parameters: 0.999999 -0.00142762 -0.00103253 0.00142838 0.999999 0.000367526 0.00103247 -0.000369475 1 -0.0293653 0.0333044 -0.293603
FixedParameters: 0 0 0

#Transform 117
Transform: AffineTransform_float_3_3
Parameters: 0.999999 -0.0014272 -0.00103311 0.0014278 0.999998 0.000773526 0.00103289 -0.000775475 0.999999 -0.0431364 0.050416 -0.321175
FixedParameters: 0 0 0

#Transform 118
Transform: AffineTransform_float_3_3
Parameters: 0.999998 -0.00142714 -0.000948289 0.00142785 0.999998 0.000902647 0.00094671 -0.000904352 0.999999 -0.0262184 0.0624267 -0.272816
FixedParameters: 0 0 0

#Transform 119
Transform: AffineTransform_float_3_3
Parameters: 0.999999 -0.0014269 -0.0010565 0.00142811 0.999999 0.00104749 0.0010555 -0.00104851 0.999999 -0.0314524 0.058825 -0.331402
FixedParameters: 0 0 0

#Transform 120
Transform: AffineTransform_float_3_3
Parameters: 0.999999 -0.00152321 -0.00105614 0.00152379 0.999998 0.000744392 0.00105586 -0.000746609 0.999999 -0.0217416 0.0367189 -0.286571
FixedParameters: 0 0 0

#Transform 121
Transform: AffineTransform_float_3_3
Parameters: 0.999999 -0.00151899 -0.00105645 0.00152001 0.999999 0.000955396 0.00105555 -0.000957605 0.999999 -0.0260784 0.0380039 -0.345936
FixedParameters: 0 0 0

#Transform 122
Transform: AffineTransform_float_3_3
Parameters: 0.999998 -0.00164528 -0.00105612 0.00164672 0.999999 0.000682263 0.00105588 -0.000683739 0.999999 -0.0254671 0.0365442 -0.28901
FixedParameters: 0 0 0

#Transform 123
Transform: AffineTransform_float_3_3
Parameters: 0.999997 -0.00191975 -0.00105727 0.00192125 0.999998 0.00118097 0.00105573 -0.00118303 0.999998 -0.0239748 0.0599572 -0.326802
FixedParameters: 0 0 0

#Transform 124
Transform: AffineTransform_float_3_3
Parameters: 0.999998 -0.00164136 -0.000991069 0.00164165 0.999999 0.000650375 0.000989932 -0.000651627 1 -0.0250108 0.0558248 -0.311103
FixedParameters: 0 0 0

#Transform 125
Transform: AffineTransform_float_3_3
Parameters: 0.999999 -0.00164122 -0.000814575 0.00164178 0.999998 0.000958665 0.000813425 -0.000960337 0.999999 -0.0237856 0.0579155 -0.309665
FixedParameters: 0 0 0

#Transform 126
Transform: AffineTransform_float_3_3
Parameters: 0.999998 -0.00164097 -0.000948788 0.00164203 0.999998 0.00108844 0.000947213 -0.00108956 0.999999 -0.0247215 0.0588955 -0.314251
FixedParameters: 0 0 0

#Transform 127
Transform: AffineTransform_float_3_3
Parameters: 0.999998 -0.00153407 -0.000781832 0.00153493 0.999998 0.0011938 0.000779167 -0.0011952 0.999999 -0.0243418 0.0593588 -0.308489
FixedParameters: 0 0 0

#Transform 128
Transform: AffineTransform_float_3_3
Parameters: 0.999999 -0.00164118 -0.00057038 0.00164182 0.999997 0.00144906 0.000567621 -0.00144993 0.999999 -0.0221224 0.0614073 -0.355299
FixedParameters: 0 0 0

#Transform 129
Transform: AffineTransform_float_3_3
Parameters: 0.999999 -0.00164088 -0.000897062 0.00164213 0.999998 0.00125553 0.000894939 -0.00125647 0.999999 -0.0244001 0.0490931 -0.291617
FixedParameters: 0 0 0

#Transform 130
Transform: AffineTransform_float_3_3
Parameters: 0.999998 -0.00164068 -0.00105206 0.00164232 0.999998 0.00125627 0.00104994 -0.00125772 0.999998 -0.0254306 0.0600028 -0.366242
FixedParameters: 0 0 0

#Transform 131
Transform: AffineTransform_float_3_3
Parameters: 0.999997 -0.00182667 -0.00119803 0.00182833 0.999997 0.00111281 0.00119596 -0.00111519 0.999998 -0.0336212 0.0592738 -0.339233
FixedParameters: 0 0 0

#Transform 132
Transform: AffineTransform_float_3_3
Parameters: 0.999998 -0.00164073 -0.00100508 0.00164227 0.999998 0.00126435 0.00100292 -0.00126565 0.999998 -0.0250934 0.0600298 -0.380674
FixedParameters: 0 0 0

#Transform 133
Transform: AffineTransform_float_3_3
Parameters: 0.999997 -0.00204654 -0.00133324 0.00204846 0.999998 0.00109427 0.00133075 -0.00109773 0.999998 -0.0251577 0.0594921 -0.381043
FixedParameters: 0 0 0

#Transform 134
Transform: AffineTransform_float_3_3
Parameters: 0.999998 -0.00204672 -0.00104352 0.00204828 0.999997 0.00122787 0.00104148 -0.00123013 0.999998 -0.0297434 0.0603648 -0.380819
FixedParameters: 0 0 0

#Transform 135
Transform: AffineTransform_float_3_3
Parameters: 0.999997 -0.00204712 -0.000913984 0.00204888 0.999998 0.00096813 0.000912015 -0.00096987 0.999999 -0.0382412 0.035753 -0.382362
FixedParameters: 0 0 0

#Transform 136
Transform: AffineTransform_float_3_3
Parameters: 0.999998 -0.00204722 -0.000913758 0.00204878 0.999997 0.00085713 0.000911243 -0.000858867 0.999999 -0.0415978 0.041379 -0.344274
FixedParameters: 0 0 0

#Transform 137
Transform: AffineTransform_float_3_3
Parameters: 0.999998 -0.00190412 -0.000913832 0.00190488 0.999997 0.000961261 0.000911166 -0.000963737 0.999999 -0.0423603 0.0480558 -0.382492
FixedParameters: 0 0 0

#Transform 138
Transform: AffineTransform_float_3_3
Parameters: 0.999998 -0.00191576 -0.000856527 0.00191624 0.999998 0.000274359 0.000856473 -0.000275641 0.999999 -0.0257435 0.0356232 -0.348035
FixedParameters: 0 0 0

#Transform 139
Transform: AffineTransform_float_3_3
Parameters: 0.999997 -0.00191163 -0.00141251 0.00191237 0.999998 0.0002633 0.00141149 -0.000265699 0.999999 -0.0408208 0.0366669 -0.405323
FixedParameters: 0 0 0

#Transform 140
Transform: AffineTransform_float_3_3
Parameters: 0.999998 -0.00191193 -0.000680188 0.00191207 0.999998 9.76996e-05 0.000679813 -9.83e-05 1 -0.0237482 0.0340072 -0.354931
FixedParameters: 0 0 0

#Transform 141
Transform: AffineTransform_float_3_3
Parameters: 0.999998 -0.00191151 -0.00123376 0.00191249 0.999998 0.000393642 0.00123325 -0.000395358 0.999999 -0.0444527 0.0401844 -0.389403
FixedParameters: 0 0 0

#Transform 142
Transform: AffineTransform_float_3_3
Parameters: 0.999998 -0.00191141 -0.00115199 0.0019126 0.999998 0.000515798 0.00115001 -0.0005182 0.999999 -0.0439466 0.0431241 -0.385473
FixedParameters: 0 0 0

#Transform 143
Transform: AffineTransform_float_3_3
Parameters: 0.999998 -0.00191172 -0.0013274 0.00191228 0.999998 0.000209462 0.0013266 -0.000211537 0.999999 -0.0324909 0.0410001 -0.370399
FixedParameters: 0 0 0

#Transform 144
Transform: AffineTransform_float_3_3
Parameters: 0.999998 -0.00191176 -0.00128335 0.00191224 0.999998 0.000183546 0.00128265 -0.000186453 0.999999 -0.044822 0.0407512 -0.397243
FixedParameters: 0 0 0

#Transform 145
Transform: AffineTransform_float_3_3
Parameters: 0.999998 -0.0019123 -0.000911363 0.0019117 0.999998 -0.000333743 0.000911634 0.000331257 0.999999 -0.0330176 0.0371391 -0.368929
FixedParameters: 0 0 0

#Transform 146
Transform: AffineTransform_float_3_3
Parameters: 0.999998 -0.00191245 -0.000508313 0.00191255 0.999998 -0.000882974 0.000509688 0.000882027 1 -0.0228556 0.0176906 -0.388031
FixedParameters: 0 0 0

#Transform 147
Transform: AffineTransform_float_3_3
Parameters: 0.999998 -0.00191247 -0.00116524 0.00191254 0.999998 -0.00039923 0.00116576 0.000397772 0.999999 -0.0335005 0.0368869 -0.407784
FixedParameters: 0 0 0

#Transform 148
Transform: AffineTransform_float_3_3
Parameters: 0.999997 -0.00191265 -0.000989742 0.00191235 0.999998 -0.000658894 0.000991259 0.000657106 1 -0.0252529 0.0267866 -0.390318
FixedParameters: 0 0 0

#Transform 149
Transform: AffineTransform_float_3_3
Parameters: 0.999997 -0.0019127 -0.000968617 0.0019123 0.999998 -0.000723854 0.000969383 0.000722148 1 -0.0240906 0.0346495 -0.425822
FixedParameters: 0 0 0

#Transform 150
Transform: AffineTransform_float_3_3
Parameters: 0.999998 -0.00191283 -0.00115162 0.00191217 0.999998 -0.000724204 0.00115339 0.000722796 0.999999 -0.0251301 0.0321148 -0.409545
FixedParameters: 0 0 0

#Transform 151
Transform: AffineTransform_float_3_3
Parameters: 0.999998 -0.00191237 -0.000508618 0.00191263 0.999998 -0.000722974 0.000509382 0.000722027 0.999999 -0.0166079 0.0346775 -0.39624
FixedParameters: 0 0 0

#Transform 152
Transform: AffineTransform_float_3_3
Parameters: 0.999998 -0.00191237 -0.000508618 0.00191263 0.999998 -0.000722974 0.000509382 0.000722027 0.999999 -0.0290583 0.0346758 -0.426963
FixedParameters: 0 0 0

#Transform 153
Transform: AffineTransform_float_3_3
Parameters: 0.999998 -0.00191243 -0.000508398 0.00191257 0.999998 -0.000837973 0.000509602 0.000837027 0.999999 -0.0290557 0.0198667 -0.364831
FixedParameters: 0 0 0

#Transform 154
Transform: AffineTransform_float_3_3
Parameters: 0.999998 -0.0019125 -0.000685618 0.0019125 0.999998 -0.000723312 0.000687383 0.000722686 0.999999 -0.0302741 0.0346584 -0.412985
FixedParameters: 0 0 0

#Transform 155
Transform: AffineTransform_float_3_3
Parameters: 0.999998 -0.00191242 -0.000508425 0.00191258 0.999998 -0.000823973 0.000509575 0.000823027 0.999999 -0.0290466 0.016199 -0.394348
FixedParameters: 0 0 0

#Transform 156
Transform: AffineTransform_float_3_3
Parameters: 0.999998 -0.00191255 -0.000507944 0.00191245 0.999997 -0.00107597 0.000510055 0.00107403 1 -0.0290198 0.00680197 -0.374403
FixedParameters: 0 0 0

#Transform 157
Transform: AffineTransform_float_3_3
Parameters: 0.999998 -0.00191237 -0.000508618 0.00191263 0.999998 -0.000722974 0.000509382 0.000722027 0.999999 -0.0290693 0.0168961 -0.33878
FixedParameters: 0 0 0

#Transform 158
Transform: AffineTransform_float_3_3
Parameters: 0.999998 -0.00191277 -0.000571419 0.00191223 0.999998 -0.0013501 0.000573581 0.00134891 0.999999 -0.0294679 0.0125481 -0.400118
FixedParameters: 0 0 0

#Transform 159
Transform: AffineTransform_float_3_3
Parameters: 0.999998 -0.00191279 -0.000841201 0.00191221 0.999997 -0.000941611 0.0008428 0.00094039 0.999999 -0.0336528 0.0153502 -0.371178
FixedParameters: 0 0 0

#Transform 160
Transform: AffineTransform_float_3_3
Parameters: 0.999998 -0.00191312 -0.000831418 0.00191188 0.999998 -0.00135059 0.000834582 0.00134941 0.999998 -0.0312489 0.0124809 -0.386197
FixedParameters: 0 0 0

#Transform 161
Transform: AffineTransform_float_3_3
Parameters: 0.999997 -0.00191306 -0.000946867 0.00191194 0.999997 -0.00111581 0.000949132 0.00111419 0.999999 -0.0439748 0.0141574 -0.402126
FixedParameters: 0 0 0

#Transform 162
Transform: AffineTransform_float_3_3
Parameters: 0.999997 -0.00191339 -0.000946189 0.00191261 0.999997 -0.00147081 0.000948813 0.00146919 0.999999 -0.0358106 0.0117429 -0.366885
FixedParameters: 0 0 0

#Transform 163
Transform: AffineTransform_float_3_3
Parameters: 0.999998 -0.00201946 -0.00107727 0.00201854 0.999997 -0.00135118 0.00107973 0.00134882 0.999998 -0.0386704 0.0168254 -0.403665
FixedParameters: 0 0 0

#Transform 164
Transform: AffineTransform_float_3_3
Parameters: 0.999997 -0.00229628 -0.0009459 0.00229472 0.999997 -0.00135117 0.000949098 0.00134882 0.999998 -0.0349086 0.0260896 -0.352345
FixedParameters: 0 0 0

#Transform 165
Transform: AffineTransform_float_3_3
Parameters: 0.999996 -0.00232008 -0.00116086 0.00231792 0.999995 -0.0017877 0.00116414 0.0017853 0.999997 -0.0489431 0.0101264 -0.420391
FixedParameters: 0 0 0

#Transform 166
Transform: AffineTransform_float_3_3
Parameters: 0.999997 -0.00232537 -0.000945649 0.00232463 0.999997 -0.0014422 0.00094935 0.0014398 0.999998 -0.0474267 0.0124193 -0.376476
FixedParameters: 0 0 0

#Transform 167
Transform: AffineTransform_float_3_3
Parameters: 0.999997 -0.00221473 -0.00101424 0.00221327 0.999996 -0.00170025 0.00101776 0.00169875 0.999998 -0.0484187 0.0148055 -0.41338
FixedParameters: 0 0 0

#Transform 168
Transform: AffineTransform_float_3_3
Parameters: 0.999998 -0.00203813 -0.000946563 0.00203687 0.999997 -0.00119693 0.000949437 0.00119507 0.999999 -0.0489347 0.035316 -0.385454
FixedParameters: 0 0 0

#Transform 169
Transform: AffineTransform_float_3_3
Parameters: 0.999997 -0.0022233 -0.00117654 0.0022227 0.999997 -0.00110662 0.00117946 0.00110438 0.999998 -0.0495789 0.0363535 -0.40737
FixedParameters: 0 0 0

#Transform 170
Transform: AffineTransform_float_3_3
Parameters: 0.999997 -0.00231 -0.000946575 0.002309 0.999997 -0.00105119 0.000949427 0.00104981 0.999999 -0.0474682 0.0369018 -0.402543
FixedParameters: 0 0 0

#Transform 171
Transform: AffineTransform_float_3_3
Parameters: 0.999996 -0.00220577 -0.00134911 0.00220423 0.999996 -0.00131398 0.00135189 0.00131102 0.999998 -0.0509149 0.034837 -0.384347
FixedParameters: 0 0 0

#Transform 172
Transform: AffineTransform_float_3_3
Parameters: 0.999998 -0.00180597 -0.00143753 0.00180403 0.999998 -0.0013696 0.00143947 0.0013674 0.999998 -0.0535774 0.0337519 -0.410746
FixedParameters: 0 0 0

#Transform 173
Transform: AffineTransform_float_3_3
Parameters: 0.999998 -0.00180572 -0.00136173 0.00180329 0.999997 -0.00125946 0.00136327 0.00125754 0.999999 -0.0530801 0.0345053 -0.389649
FixedParameters: 0 0 0

#Transform 174
Transform: AffineTransform_float_3_3
Parameters: 0.999998 -0.00179087 -0.00136155 0.00178914 0.999998 -0.00136944 0.00136345 0.00136656 0.999998 -0.0725811 0.0336636 -0.410826
FixedParameters: 0 0 0

#Transform 175
Transform: AffineTransform_float_3_3
Parameters: 0.999997 -0.00181153 -0.0017604 0.00180947 0.999998 -0.00143819 0.0017636 0.00143581 0.999998 -0.0796032 0.0332569 -0.369022
FixedParameters: 0 0 0

#Transform 176
Transform: AffineTransform_float_3_3
Parameters: 0.999997 -0.0020005 -0.00182326 0.0019985 0.999997 -0.00137065 0.00182574 0.00136735 0.999998 -0.0789237 0.0454616 -0.440445
FixedParameters: 0 0 0

#Transform 177
Transform: AffineTransform_float_3_3
Parameters: 0.999997 -0.00181075 -0.00167912 0.00180925 0.999998 -0.00104204 0.00168188 0.00103896 0.999998 -0.0728513 0.0520346 -0.330327
FixedParameters: 0 0 0

#Transform 178
Transform: AffineTransform_float_3_3
Parameters: 0.999996 -0.00181119 -0.00185085 0.0018088 0.999997 -0.00118635 0.00185314 0.00118265 0.999997 -0.080185 0.051041 -0.426717
FixedParameters: 0 0 0

#Transform 179
Transform: AffineTransform_float_3_3
Parameters: 0.999997 -0.00187774 -0.00152086 0.00187526 0.999997 -0.00114286 0.00152314 0.00114014 0.999998 -0.085767 0.0549892 -0.35836
FixedParameters: 0 0 0
