# transform file /out/sourcedata/freesurfer/sub-v1s15x0050183_ses-1/mri/transforms/cc_up.lta
# created by oesteban on Sun Mar  8 21:53:14 2026

type      = 0 # LINEAR_VOX_TO_VOX
nxforms   = 1
mean      = 128.0000 85.0000 119.0000
sigma     = 10000.0000
1 4 4
9.991488456726074e-01 -2.236102148890495e-02 -3.466145321726799e-02 5.602123737335205e+00 
2.234757877886295e-02 9.997498989105225e-01 -7.752593955956399e-04 5.722299194335938e+01 
3.467012196779251e-02 0.000000000000000e+00 9.993987679481506e-01 4.593794345855713e+00 
0.000000000000000e+00 0.000000000000000e+00 0.000000000000000e+00 1.000000000000000e+00 
src volume info
valid = 1  # volume info valid
filename = /out/sourcedata/freesurfer/sub-v1s15x0050183_ses-1/mri/norm.mgz
volume = 256 256 256
voxelsize = 1.000000000000000e+00 1.000000000000000e+00 1.000000000000000e+00
xras   = -1.000000000000000e+00 0.000000000000000e+00 0.000000000000000e+00
yras   = 0.000000000000000e+00 0.000000000000000e+00 -1.000000000000000e+00
zras   = 0.000000000000000e+00 1.000000000000000e+00 0.000000000000000e+00
cras   = 5.773200988769531e+00 1.315599822998047e+01 -1.567199707031250e+01
dst volume info
valid = 1  # volume info valid
filename = /out/sourcedata/freesurfer/sub-v1s15x0050183_ses-1/mri/norm.mgz
volume = 256 256 256
voxelsize = 1.000000000000000e+00 1.000000000000000e+00 1.000000000000000e+00
xras   = -1.000000000000000e+00 0.000000000000000e+00 0.000000000000000e+00
yras   = 0.000000000000000e+00 0.000000000000000e+00 -1.000000000000000e+00
zras   = 0.000000000000000e+00 1.000000000000000e+00 0.000000000000000e+00
cras   = 5.773200988769531e+00 1.315599822998047e+01 -1.567199707031250e+01
