# transform file /out/sourcedata/freesurfer/sub-v1s15x0050188_ses-1/mri/transforms/cc_up.lta
# created by oesteban on Sun Mar  8 21:58:44 2026

type      = 0 # LINEAR_VOX_TO_VOX
nxforms   = 1
mean      = 128.0000 110.0000 147.0000
sigma     = 10000.0000
1 4 4
9.934821128845215e-01 8.483961224555969e-02 -7.612998038530350e-02 -4.438716471195221e-01 
-8.459161221981049e-02 9.963947534561157e-01 6.482208613306284e-03 4.760728454589844e+01 
7.640545070171356e-02 -4.656613428188905e-10 9.970769286155701e-01 -2.169489669799805e+01 
0.000000000000000e+00 0.000000000000000e+00 0.000000000000000e+00 1.000000000000000e+00 
src volume info
valid = 1  # volume info valid
filename = /out/sourcedata/freesurfer/sub-v1s15x0050188_ses-1/mri/norm.mgz
volume = 256 256 256
voxelsize = 1.000000000000000e+00 1.000000000000000e+00 1.000000000000000e+00
xras   = -1.000000000000000e+00 0.000000000000000e+00 0.000000000000000e+00
yras   = 0.000000000000000e+00 0.000000000000000e+00 -1.000000000000000e+00
zras   = 0.000000000000000e+00 1.000000000000000e+00 0.000000000000000e+00
cras   = 3.624702453613281e+00 -6.531005859375000e+00 -2.215699768066406e+01
dst volume info
valid = 1  # volume info valid
filename = /out/sourcedata/freesurfer/sub-v1s15x0050188_ses-1/mri/norm.mgz
volume = 256 256 256
voxelsize = 1.000000000000000e+00 1.000000000000000e+00 1.000000000000000e+00
xras   = -1.000000000000000e+00 0.000000000000000e+00 0.000000000000000e+00
yras   = 0.000000000000000e+00 0.000000000000000e+00 -1.000000000000000e+00
zras   = 0.000000000000000e+00 1.000000000000000e+00 0.000000000000000e+00
cras   = 3.624702453613281e+00 -6.531005859375000e+00 -2.215699768066406e+01
